Total Records Added 793 
#.,ID
0,524325683
1,524310634
2,524310164
3,524309787
4,524309369
5,10842516
6,1708546
7,10841885
8,524286532
9,10730374
10,10729521
11,10836131
12,1707755
13,10835762
14,10834550
15,10834355
16,10834163
17,10834022
18,524254745
19,524253397
20,10830114
21,10829864
22,524252397
23,10829632
24,1706808
25,10828844
26,10722268
27,10828481
28,10828080
29,10721604
30,10721568
31,10721442
32,1706640
33,10827542
34,10721075
35,10827168
36,524230872
37,524229662
38,524225462
39,524224656
40,10715376
41,10821226
42,10715028
43,10714901
44,524219504
45,524218906
46,524218323
47,524218271
48,524217663
49,524216295
50,524215479
51,524197357
52,524196849
53,524196222
54,524195727
55,10808858
56,10703361
57,524178611
58,524177973
59,10703054
60,10808173
61,524175157
62,524174354
63,524174328
64,524173558
65,524172709
66,524172060
67,524170413
68,10700362
69,10697924
70,10696652
71,10801423
72,10801215
73,10801078
74,524133806
75,524132138
76,524132080
77,524131380
78,524130673
79,524129823
80,524128154
81,524127436
82,524090472
83,524088853
84,524087011
85,524085857
86,10666212
87,10769396
88,10769239
89,10665770
90,10767206
91,524029698
92,10663574
93,10663490
94,524005284
95,524003990
96,523869076
97,523866737
98,523866092
99,523865041
100,523864453
101,523863718
102,523526469
103,523526098
104,523525662
105,10384970
106,10384566
107,1645803
108,10286237
109,10322681
110,10322145
111,10226806
112,10226660
113,522518536
114,522517908
115,522517101
116,522509758
117,8930569
118,8838096
119,8837753
120,1438711
121,8836857
122,8830054
123,1437470
124,8826811
125,8826632
126,8826096
127,8853568
128,517823537
129,517822711
130,8852958
131,8793940
132,8851925
133,8850695
134,8850480
135,1432022
136,8790821
137,517749295
138,517572048
139,517571373
140,517570797
141,517570243
142,8732365
143,8787276
144,8787064
145,8786742
146,8728699
147,8782586
148,8727612
149,8715217
150,8715030
151,517486784
152,8714769
153,8768684
154,8714578
155,517485364
156,8714471
157,8714312
158,517484362
159,8714048
160,517483130
161,517482117
162,8766767
163,8712873
164,8712640
165,8712460
166,517470015
167,8710368
168,8710279
169,8763868
170,517467649
171,517467431
172,517466044
173,517465853
174,517464602
175,517463425
176,517463121
177,517462385
178,517461143
179,517458703
180,8761495
181,517458238
182,517455855
183,8707187
184,8706631
185,8706512
186,517445501
187,517442931
188,517441056
189,8755748
190,517435232
191,517434894
192,517433885
193,517433121
194,8695841
195,1418334
196,517405254
197,8747878
198,517404515
199,8694893
200,517367444
201,517366997
202,517366471
203,517365975
204,8734537
205,8682654
206,8682541
207,8682411
208,517334747
209,517333600
210,517332889
211,517332317
212,517323089
213,517321612
214,517320766
215,517318776
216,517317968
217,517317193
218,517316388
219,8722503
220,8671142
221,8666355
222,8666216
223,8716948
224,8716796
225,517295737
226,8715030
227,517295225
228,517294658
229,8715680
230,8664710
231,1414016
232,8714970
233,8664173
234,8714725
235,1413946
236,8663551
237,1413874
238,1413853
239,8713655
240,8713495
241,517284958
242,517284238
243,517282926
244,517282132
245,517260890
246,517259678
247,517259088
248,517258524
249,517191311
250,8637787
251,8637629
252,8637488
253,8632284
254,8680469
255,8672598
256,8672420
257,8672280
258,8672129
259,517126816
260,517125982
261,517125145
262,517123083
263,8663904
264,8616875
265,8663393
266,8663186
267,517084670
268,517083995
269,517083344
270,517082446
271,517079192
272,8601993
273,8601906
274,517044849
275,1405650
276,8646917
277,517043657
278,517042569
279,517040745
280,516811088
281,516810179
282,516809220
283,516808282
284,515875351
285,8269232
286,8228275
287,8268631
288,1354761
289,8267834
290,515783488
291,515782820
292,515781319
293,515780541
294,8232316
295,8193495
296,8192482
297,8191585
298,515725327
299,8229860
300,515724102
301,515722936
302,8229247
303,515720790
304,8189757
305,8228097
306,8189460
307,8227751
308,515706166
309,515705394
310,8184350
311,8222430
312,8183961
313,8183883
314,8221941
315,8221793
316,8183398
317,515688982
318,515687976
319,515687331
320,515686747
321,8181470
322,515684660
323,515684003
324,515682806
325,515682005
326,8176572
327,8174005
328,8211509
329,515656078
330,8173365
331,515654200
332,515651016
333,1345755
334,8163572
335,8200236
336,8199856
337,8162472
338,8162182
339,515610854
340,515610019
341,515609278
342,8198484
343,515606814
344,8195731
345,8195564
346,1344985
347,8195208
348,515549284
349,515548334
350,8145544
351,515547108
352,8181077
353,8180903
354,8145067
355,515545709
356,515541854
357,515541390
358,515540953
359,515540336
360,515539137
361,8143206
362,515536263
363,8177684
364,515504198
365,515503704
366,515503298
367,515502783
368,515499571
369,515498145
370,515497332
371,515496610
372,515470159
373,515469635
374,515469110
375,515468666
376,8153863
377,8119674
378,1339534
379,8153207
380,515447670
381,8118040
382,515445640
383,8117821
384,515444605
385,8151514
386,515443942
387,8117407
388,515443285
389,8150837
390,515442135
391,8116918
392,515441653
393,8116796
394,515441168
395,515429506
396,515428826
397,515427410
398,515426753
399,8110438
400,8143624
401,8143499
402,515416645
403,515415728
404,8109740
405,515415092
406,1338103
407,515414425
408,8109009
409,8142280
410,8141931
411,8137822
412,1337406
413,8104338
414,8104192
415,8137372
416,8136946
417,8136663
418,8135818
419,515388968
420,515388326
421,8135246
422,8134951
423,8134748
424,8101402
425,8134307
426,8101186
427,8134202
428,8134110
429,8133994
430,515365815
431,515365278
432,515364824
433,515364356
434,515352725
435,515351651
436,8085806
437,515324387
438,1334768
439,8111278
440,1334083
441,8110860
442,8110734
443,515299207
444,515297289
445,515296529
446,515295276
447,515292740
448,515291695
449,515290797
450,515289959
451,8068157
452,8068036
453,1332570
454,8098680
455,8097200
456,8097004
457,8065970
458,8096594
459,1332277
460,8065604
461,8096143
462,8096009
463,515142498
464,515141592
465,515140164
466,515139097
467,515068252
468,515067065
469,515066116
470,515065216
471,1326154
472,514907050
473,514764682
474,514763719
475,514762958
476,514761924
477,514314772
478,514313884
479,514312652
480,7694102
481,7679492
482,513826782
483,513826156
484,513825258
485,513824534
486,513823686
487,513822651
488,513809718
489,513808383
490,513807615
491,513806726
492,7649575
493,7662060
494,7652427
495,7652024
496,7639530
497,7651304
498,7651055
499,1272431
500,7650038
501,513736946
502,513735824
503,513730943
504,513730235
505,513729483
506,513728638
507,513718777
508,513718172
509,513717609
510,513717033
511,7637936
512,7626449
513,7637694
514,7636400
515,7636162
516,7635982
517,7633552
518,7633426
519,7622002
520,7621844
521,7621169
522,7620838
523,513675156
524,7630934
525,513674632
526,7619964
527,7630797
528,513674112
529,513673533
530,7630563
531,513669976
532,7629440
533,513669234
534,513668609
535,7618432
536,7618247
537,513667789
538,7617957
539,7617330
540,7627889
541,7627685
542,7616813
543,7615792
544,7626277
545,513649525
546,513647893
547,513646467
548,513645515
549,1268860
550,7622251
551,513641754
552,513641256
553,513640780
554,513640294
555,7620340
556,7620039
557,7619425
558,513632961
559,513632517
560,513632053
561,513631531
562,7608171
563,7605499
564,7615517
565,7615397
566,7605145
567,7603734
568,7603648
569,1267692
570,7613660
571,7603478
572,7603451
573,7613497
574,7603340
575,7603170
576,513609409
577,7612798
578,7612593
579,7601557
580,7601371
581,1267385
582,7601108
583,7601016
584,7600920
585,7600815
586,1267300
587,7600475
588,7606710
589,513581468
590,513580745
591,7595230
592,513580031
593,7594998
594,7604034
595,513578377
596,7594541
597,513569580
598,513568805
599,513564839
600,513561922
601,7589218
602,7598067
603,513556955
604,1265664
605,1265630
606,513552886
607,513552094
608,513551349
609,513550589
610,7581209
611,513528574
612,7580843
613,7589186
614,1264604
615,7588952
616,7580463
617,7588754
618,7580304
619,7580174
620,513525119
621,7588533
622,7580008
623,7579964
624,513524278
625,7579771
626,7579622
627,7579439
628,513520447
629,513519910
630,513513752
631,513512931
632,513512237
633,513511366
634,513510375
635,513509775
636,7584044
637,513509033
638,7575744
639,513508285
640,7575547
641,7575075
642,7574900
643,7569393
644,7577201
645,7577100
646,7576808
647,1263028
648,7568745
649,7568398
650,7568156
651,7567909
652,1259521
653,7548105
654,7547949
655,7542178
656,513352696
657,513351429
658,513351005
659,7540779
660,513198515
661,513197539
662,513195864
663,513194794
664,513144631
665,513143587
666,513142635
667,513141403
668,512925225
669,512923588
670,512922763
671,512922037
672,512921199
673,512605835
674,512605589
675,512605252
676,512605024
677,511943751
678,511942930
679,511941761
680,511940689
681,7103603
682,7103382
683,7102655
684,7102304
685,511853642
686,511852847
687,7099308
688,7099066
689,511851014
690,1196671
691,511850132
692,1196627
693,7096435
694,7092614
695,7091793
696,7091538
697,7093823
698,7090104
699,7089953
700,7093416
701,7092956
702,7092845
703,7092740
704,7092540
705,7088272
706,511776985
707,511776250
708,7076263
709,7079883
710,7075633
711,7079016
712,511752187
713,511727352
714,511726844
715,511726345
716,511725799
717,511703615
718,511702797
719,7062929
720,511702548
721,511702247
722,7058205
723,7058019
724,511701602
725,7062551
726,7050766
727,7055510
728,7055343
729,7055173
730,511670282
731,511669212
732,511668130
733,511667734
734,7014143
735,1185242
736,7013874
737,7020274
738,7012428
739,1185015
740,7018717
741,7018578
742,511529621
743,511528222
744,511525858
745,511521410
746,7009535
747,7016023
748,511511922
749,511510346
750,7003919
751,7003823
752,7003722
753,7003608
754,6545041
755,6544798
756,6544323
757,6563024
758,1118558
759,6553959
760,509935414
761,6547177
762,509934285
763,509933033
764,509931881
765,509931215
766,509930960
767,509930297
768,6526364
769,509930220
770,6526209
771,509929384
772,509929360
773,6545722
774,6545692
775,6525948
776,509928666
777,6545537
778,509928408
779,509928375
780,6525625
781,509898019
782,509896540
783,509895679
784,509895083
785,509735503
786,509734829
787,509733839
788,509733080
789,509480159
790,509479214
791,509478335
792,509476907
Total Records Reject 212 
