Total Records Added 1452 
#.,ID
0,14807285
1,14807045
2,14978606
3,14978481
4,538331736
5,538330600
6,538329901
7,14797826
8,2430843
9,14973694
10,14797419
11,538326092
12,538325597
13,538325087
14,538323296
15,538322847
16,538322424
17,538322046
18,538321984
19,14795728
20,2430368
21,14971478
22,14971316
23,538317435
24,14970261
25,538315963
26,538314462
27,538313803
28,538313043
29,14791749
30,14966492
31,14966399
32,14966286
33,14790336
34,538293865
35,14788456
36,538293218
37,538292728
38,14964058
39,14963895
40,14963505
41,538285829
42,538285373
43,538284841
44,538284179
45,14955883
46,14955781
47,14955552
48,14955400
49,538256808
50,538256414
51,538255868
52,538249820
53,538249040
54,538248229
55,538247178
56,14950578
57,14950476
58,14950356
59,14774485
60,14774366
61,538238002
62,538237575
63,538237019
64,538236407
65,538231010
66,538230490
67,538230043
68,538228922
69,14770152
70,14770064
71,14945567
72,2424422
73,14769281
74,14769172
75,14944711
76,14769021
77,14769018
78,14768864
79,14768735
80,14768340
81,538196386
82,538195763
83,538195129
84,538192421
85,14759779
86,14759665
87,14934576
88,14934460
89,538170209
90,538169552
91,538169010
92,538168437
93,538144398
94,538143714
95,538142924
96,538141994
97,538079091
98,538078664
99,538078244
100,538077857
101,537720206
102,537719735
103,537719326
104,537718979
105,14799679
106,14575276
107,14400585
108,536958374
109,14573774
110,536957294
111,536957146
112,536956900
113,536956525
114,536956122
115,536956113
116,14572570
117,14398977
118,14572319
119,536947345
120,536947260
121,536945746
122,14397389
123,536945061
124,14397030
125,14570329
126,14396764
127,2332321
128,14568997
129,14568436
130,14394846
131,14564464
132,14564319
133,14564183
134,2331120
135,14388131
136,14388029
137,14561394
138,14387836
139,2329418
140,14383568
141,14556774
142,14556643
143,14383212
144,14556423
145,14383002
146,14382902
147,14382821
148,14556077
149,2329180
150,14555850
151,14382452
152,14381105
153,14552725
154,2327644
155,14549479
156,14376207
157,14548846
158,14375509
159,14375148
160,2327273
161,14374110
162,14547157
163,14373884
164,14373740
165,14546635
166,14546487
167,14546294
168,536847871
169,536846184
170,536845324
171,14540392
172,14367024
173,14540039
174,2325303
175,536823395
176,536822973
177,536822143
178,536821565
179,2325038
180,2325009
181,14365288
182,14365246
183,14538221
184,2324935
185,536820080
186,14365017
187,536814687
188,536814073
189,536813545
190,14363035
191,536812225
192,536811693
193,14362793
194,536811435
195,14362738
196,14362640
197,14362616
198,536810707
199,536810412
200,14535289
201,536809779
202,14535210
203,14535195
204,536809701
205,14362205
206,536809129
207,14534998
208,14534990
209,536808906
210,14362057
211,14534863
212,14534713
213,14361838
214,14534692
215,14534548
216,14534129
217,536805534
218,14361125
219,536805001
220,536804452
221,536803634
222,536803078
223,536802624
224,536802135
225,536801177
226,14359854
227,14532701
228,536800725
229,14532617
230,14532539
231,536800071
232,536799368
233,536799195
234,536798486
235,536797955
236,536797409
237,536793929
238,536793545
239,536793271
240,536793128
241,536792750
242,536792740
243,536792294
244,536791783
245,14356760
246,14356644
247,14356539
248,536786223
249,536785747
250,14352965
251,14525310
252,14352656
253,14352544
254,14524334
255,14351794
256,536761000
257,536759562
258,536758269
259,536756024
260,536752526
261,536752106
262,536751425
263,536748218
264,536747605
265,14517629
266,14345088
267,536747137
268,14345005
269,536746535
270,14517354
271,536739457
272,536738796
273,536738758
274,536738622
275,536738353
276,536738171
277,536738027
278,536737981
279,536737689
280,536737580
281,536737420
282,536737012
283,536736758
284,536736658
285,536735912
286,14339739
287,14511671
288,14339279
289,14339125
290,536703823
291,536703137
292,536702489
293,536701614
294,14499081
295,2315967
296,14327219
297,14498696
298,14494863
299,14494762
300,14494622
301,14494472
302,536659615
303,536659023
304,536658258
305,536657568
306,2314201
307,14491100
308,14490965
309,14490816
310,14481924
311,14310828
312,14247568
313,14247484
314,14247374
315,14247276
316,535903731
317,535902348
318,535901415
319,535900502
320,535899111
321,2232226
322,535514647
323,535513972
324,535513295
325,535512169
326,535455518
327,535455117
328,535454727
329,535454324
330,535432140
331,535431276
332,14124524
333,13955230
334,14123759
335,14123433
336,14107484
337,14107362
338,2219286
339,13938760
340,535367686
341,13938255
342,535359166
343,535358761
344,535358125
345,535357578
346,14104065
347,14103749
348,535345879
349,535340217
350,535339003
351,13929527
352,14097136
353,13928950
354,14096792
355,535332391
356,535331787
357,535330934
358,535330163
359,13926949
360,535326361
361,14094683
362,13926509
363,535325517
364,13926314
365,535324818
366,535324246
367,535319453
368,535318579
369,535317780
370,535316885
371,14091295
372,535313920
373,535313156
374,535312521
375,535311564
376,535310226
377,535309731
378,535309272
379,535308708
380,13921714
381,14088757
382,14088569
383,14088333
384,14087944
385,13919012
386,13918715
387,14085786
388,13917970
389,13917810
390,13917664
391,13917525
392,14084701
393,2214067
394,13916961
395,13916956
396,14084181
397,2213995
398,13916572
399,13916304
400,14082975
401,14082575
402,13914888
403,13914707
404,14082121
405,2213497
406,13914493
407,14081692
408,14081533
409,535278681
410,535278231
411,535278228
412,535277778
413,535277653
414,535277638
415,535277002
416,14079549
417,2212861
418,535275291
419,14079141
420,535273972
421,13911345
422,13909706
423,14076705
424,14076601
425,2212220
426,13909379
427,14076411
428,2212131
429,535265286
430,13909047
431,535264703
432,535264015
433,535263333
434,535259152
435,2211701
436,535258462
437,13907197
438,535257676
439,535256861
440,535256743
441,535256025
442,535255628
443,535254342
444,535253629
445,13905022
446,14071674
447,13901168
448,14067576
449,13900869
450,13900733
451,14065256
452,14065146
453,14065074
454,2209668
455,2209648
456,13898337
457,2209051
458,13895839
459,14061945
460,14061819
461,13895630
462,13895517
463,13895320
464,13895230
465,14059480
466,14059383
467,2208397
468,2208370
469,535207754
470,535207381
471,535206947
472,535206177
473,535190954
474,535190424
475,14053818
476,13887999
477,535176156
478,535175684
479,535175232
480,535174681
481,535159735
482,535159241
483,535158658
484,535158033
485,535134325
486,535132955
487,535131332
488,535128857
489,535127757
490,535126502
491,535124577
492,535123295
493,13868971
494,14033286
495,14033034
496,14032918
497,535090337
498,535089386
499,535088896
500,535088450
501,14025604
502,14025396
503,14010762
504,13847410
505,14010398
506,14010082
507,534896351
508,534895619
509,534894688
510,534894032
511,13728027
512,13563822
513,2126509
514,13561902
515,13561590
516,13725521
517,534127456
518,13561331
519,13561303
520,534126789
521,534125734
522,2126153
523,534124513
524,13540828
525,13704704
526,13690952
527,13690709
528,13682955
529,13519025
530,2116239
531,2116188
532,533834231
533,533833658
534,533833011
535,533832165
536,533815912
537,533815117
538,533814524
539,13648926
540,533813961
541,13648786
542,13485582
543,13485381
544,13479924
545,13642642
546,533783900
547,533783398
548,533782114
549,13640412
550,533781495
551,13477442
552,13477264
553,13477101
554,13474388
555,13474234
556,13473440
557,533762377
558,13635282
559,13635188
560,2105351
561,13472189
562,533760840
563,533760016
564,533758932
565,533754385
566,533753477
567,533744708
568,533744331
569,533743973
570,533743540
571,2104252
572,13630084
573,13467046
574,13466719
575,2104004
576,13628876
577,13465378
578,13465262
579,13627560
580,533733252
581,2103644
582,533732748
583,533731103
584,533730726
585,533730338
586,533729961
587,533724835
588,13623272
589,13460881
590,533701966
591,533701741
592,533701178
593,533700885
594,13456504
595,533700101
596,2101646
597,533699693
598,13456217
599,533699014
600,13456116
601,533698600
602,533697496
603,13615771
604,533689356
605,533689117
606,13453598
607,533688803
608,13615192
609,533688278
610,13614949
611,533687024
612,13614555
613,13452669
614,13614296
615,533684760
616,13452398
617,13451109
618,13450968
619,13450867
620,13450657
621,13611359
622,13449486
623,13449348
624,13610876
625,2099682
626,13448072
627,13447971
628,13447860
629,2099240
630,13608050
631,13607930
632,2099157
633,13443347
634,2098460
635,13604500
636,13604418
637,533643920
638,533642943
639,533642434
640,533641914
641,533619995
642,533619499
643,533618985
644,533618416
645,533611766
646,533611306
647,533610495
648,533609947
649,533586752
650,533585610
651,13426874
652,13587383
653,13426674
654,533583696
655,2094516
656,533579014
657,533574037
658,533573559
659,13584422
660,2093850
661,13583457
662,13583367
663,13583303
664,2093605
665,13412913
666,13412666
667,13412560
668,13412410
669,13572119
670,13571994
671,2091011
672,13571731
673,533492557
674,533491630
675,533490971
676,533490185
677,533411614
678,533411076
679,533410334
680,533409768
681,533322349
682,533321866
683,533321300
684,533320591
685,13323496
686,13323410
687,13323344
688,13477855
689,531138215
690,531137265
691,531136507
692,531135589
693,530273560
694,12484183
695,12483949
696,12388751
697,12219567
698,12387976
699,12387796
700,12387629
701,529530376
702,529529658
703,529528964
704,529527700
705,12349835
706,12349674
707,12182024
708,12181826
709,12348813
710,12181118
711,12348307
712,12348125
713,12347909
714,12347710
715,12180261
716,12347493
717,12175922
718,12175690
719,12342815
720,12175366
721,12339888
722,12172561
723,12172444
724,12172160
725,12337594
726,12170221
727,12169907
728,12158678
729,12325223
730,12325141
731,12158428
732,12156511
733,12321382
734,12320471
735,529317939
736,529317360
737,1907856
738,529316865
739,529316242
740,529264551
741,529264079
742,529263530
743,529263019
744,529260280
745,529259447
746,529258672
747,12138994
748,12303156
749,12137716
750,12302842
751,12302721
752,12136640
753,12301620
754,529245989
755,529245196
756,529243564
757,529243078
758,529242475
759,529241760
760,529232416
761,529231663
762,529231055
763,1904864
764,529230048
765,12132598
766,12132351
767,12296859
768,529208574
769,529207678
770,529205994
771,529204759
772,529194360
773,529193824
774,12123554
775,12120266
776,12120000
777,12283739
778,12283389
779,12118645
780,529173995
781,529173255
782,529172655
783,529172459
784,12118180
785,12118162
786,529171997
787,529171976
788,12118008
789,529171191
790,529170667
791,12281647
792,12281498
793,12281485
794,12281210
795,12117270
796,12116772
797,12280540
798,12116199
799,12116047
800,12279839
801,12278833
802,529159353
803,12114744
804,529158625
805,529157835
806,529156791
807,12277112
808,12276985
809,1901468
810,12272219
811,12108586
812,12271913
813,12271904
814,12271770
815,12108040
816,12107907
817,529092682
818,12260262
819,529091360
820,12259862
821,12259614
822,12096728
823,12096518
824,1899715
825,12258719
826,12258578
827,529085108
828,12255598
829,12255466
830,12092988
831,12254963
832,529066135
833,529065488
834,529064780
835,529063650
836,12250123
837,12087425
838,12086868
839,12083788
840,12245433
841,12083374
842,12244944
843,529028269
844,529027724
845,529027192
846,529026567
847,529005912
848,529004041
849,529002461
850,528997283
851,528994121
852,528993569
853,528992915
854,528989374
855,528987552
856,528987024
857,528986558
858,528985852
859,528982392
860,528981634
861,528981154
862,528980614
863,12066043
864,1895485
865,12226347
866,12065529
867,12065512
868,1895398
869,12225616
870,12225391
871,12221986
872,1894870
873,1894856
874,1894846
875,528932373
876,528931593
877,528931039
878,528930347
879,528929354
880,12051428
881,12051254
882,12210434
883,12050828
884,12049496
885,12049181
886,12049097
887,12208336
888,528875212
889,528684466
890,528683736
891,528683211
892,528682622
893,11872896
894,11721694
895,11843574
896,11693547
897,527638942
898,527638750
899,11692023
900,527637827
901,11681446
902,11681276
903,11681148
904,11830136
905,527585860
906,527585143
907,11678699
908,11827679
909,11826934
910,11826836
911,527577752
912,11677643
913,11677634
914,11826588
915,11677504
916,11677235
917,11676905
918,527573159
919,1840195
920,11824478
921,11675233
922,11823881
923,11674860
924,1839968
925,11674334
926,11674119
927,11822886
928,11822824
929,11822807
930,11822761
931,11822642
932,11673793
933,11673721
934,11673508
935,11822151
936,11821283
937,527554947
938,527554552
939,527554177
940,527553685
941,11818837
942,11818539
943,527542958
944,527540965
945,527540600
946,527540263
947,11668555
948,11814844
949,11666231
950,527524495
951,527523503
952,527513662
953,527513192
954,11810127
955,527512771
956,527512342
957,527512316
958,11661207
959,11661019
960,11809140
961,11660668
962,11806687
963,11658236
964,11657194
965,11657064
966,11656950
967,11656767
968,527492067
969,527490269
970,527489167
971,527487989
972,527482502
973,527481256
974,527480749
975,527480228
976,11651816
977,527473090
978,11650575
979,527468734
980,527461004
981,527460180
982,11796195
983,527459756
984,527459627
985,527459577
986,11648158
987,527459065
988,11648037
989,527458714
990,527458583
991,527458401
992,527457988
993,527457795
994,527457477
995,527457094
996,527456962
997,527456861
998,527456698
999,527456285
1000,527455801
1001,11645760
1002,11793138
1003,11645243
1004,11788400
1005,11788210
1006,11639884
1007,1835259
1008,11638496
1009,527422263
1010,527421318
1011,11785364
1012,527418502
1013,527417948
1014,11637041
1015,11783579
1016,11783413
1017,11635619
1018,11783098
1019,527407126
1020,527401500
1021,527400654
1022,527400620
1023,527400041
1024,527398689
1025,527397568
1026,527396923
1027,11777531
1028,11629976
1029,11777135
1030,11776941
1031,527380067
1032,527379544
1033,527379044
1034,527378476
1035,11622262
1036,11769296
1037,1832866
1038,11768906
1039,527359248
1040,527356040
1041,527353970
1042,527352911
1043,527352294
1044,527351909
1045,527351511
1046,527350538
1047,11759601
1048,11612699
1049,11759080
1050,11612262
1051,11758528
1052,11611617
1053,11611534
1054,11757897
1055,11611317
1056,11756228
1057,11755969
1058,11608351
1059,11754516
1060,11607812
1061,11607722
1062,11607642
1063,11607530
1064,11607448
1065,1830566
1066,11604675
1067,11750683
1068,11604343
1069,11593643
1070,11593399
1071,11592958
1072,11738154
1073,11590691
1074,11735773
1075,11735438
1076,11590113
1077,527193770
1078,527190750
1079,527188584
1080,527187452
1081,527186010
1082,11718360
1083,11574148
1084,11717932
1085,11717560
1086,526085715
1087,526084888
1088,526082084
1089,526081599
1090,526075123
1091,526074787
1092,1779203
1093,526074071
1094,526073470
1095,526072915
1096,526072844
1097,526072490
1098,526072247
1099,526069467
1100,526069041
1101,526057468
1102,526053819
1103,526052829
1104,526051876
1105,1778344
1106,11235509
1107,11366404
1108,11366235
1109,11229943
1110,11365890
1111,11227985
1112,11363842
1113,11227853
1114,11363748
1115,11363595
1116,11227581
1117,11363241
1118,11362883
1119,526012617
1120,526011808
1121,526011154
1122,526010619
1123,526001183
1124,11358320
1125,11358186
1126,11222640
1127,11357945
1128,11353309
1129,11353163
1130,525972954
1131,525971682
1132,525970428
1133,525969612
1134,11215274
1135,11215055
1136,11349869
1137,11214586
1138,11349502
1139,11214381
1140,11349203
1141,11349032
1142,525947587
1143,525947169
1144,525946552
1145,11208381
1146,525936817
1147,525936396
1148,1774453
1149,11200752
1150,11200590
1151,11333784
1152,11197023
1153,525892411
1154,525891085
1155,525890206
1156,525888976
1157,11327516
1158,11194697
1159,11194551
1160,11326945
1161,11193935
1162,11326316
1163,11326100
1164,11193344
1165,525872290
1166,525871645
1167,525870745
1168,525869811
1169,525869257
1170,525868736
1171,525867281
1172,525865379
1173,525863218
1174,525862350
1175,525858897
1176,525858440
1177,525858083
1178,525857399
1179,11186750
1180,11186559
1181,11186547
1182,11186420
1183,11318370
1184,11318289
1185,11186076
1186,11185999
1187,11185787
1188,525842209
1189,525841615
1190,11182961
1191,525841290
1192,525841050
1193,525840413
1194,525840014
1195,11182590
1196,525840005
1197,525839880
1198,525839456
1199,525839159
1200,525838872
1201,525836082
1202,525835655
1203,525835441
1204,525834972
1205,11181079
1206,11180942
1207,525829529
1208,525829025
1209,11311204
1210,525828626
1211,11311045
1212,525828218
1213,11310954
1214,11310864
1215,525819931
1216,525819523
1217,525818970
1218,525818750
1219,525818434
1220,525817702
1221,525817605
1222,525817360
1223,525816857
1224,525816584
1225,11175768
1226,11306620
1227,11306146
1228,11174839
1229,525789662
1230,525789107
1231,525788421
1232,525787658
1233,525744356
1234,525743754
1235,525743092
1236,525742343
1237,525735528
1238,525734991
1239,525734323
1240,525733359
1241,525732783
1242,11277119
1243,11276814
1244,11276512
1245,11147595
1246,11143617
1247,11143495
1248,11143319
1249,11271364
1250,11142933
1251,11271061
1252,11270592
1253,11142387
1254,11142298
1255,1765780
1256,11270226
1257,11270180
1258,11270016
1259,525657414
1260,525656851
1261,11254201
1262,525621418
1263,11127070
1264,11126557
1265,11253086
1266,525540467
1267,525539939
1268,525539471
1269,525538713
1270,525286508
1271,525285903
1272,525284744
1273,525282634
1274,524784837
1275,524783815
1276,524782839
1277,524781464
1278,10975263
1279,1725652
1280,10974512
1281,10974285
1282,10843763
1283,10957893
1284,10841879
1285,10955995
1286,10948421
1287,10948041
1288,10832750
1289,10947581
1290,10832318
1291,10947337
1292,524681631
1293,10832093
1294,10946747
1295,10830298
1296,10830147
1297,10829973
1298,10944718
1299,10941115
1300,10940403
1301,10824031
1302,10823742
1303,10920231
1304,10806660
1305,10919889
1306,10806313
1307,10917893
1308,10804148
1309,1717901
1310,10803540
1311,10907576
1312,524533340
1313,524532605
1314,10905437
1315,1716391
1316,10904802
1317,10904614
1318,524528358
1319,1715912
1320,10901010
1321,10900811
1322,10900452
1323,524510603
1324,524506494
1325,10785460
1326,10897130
1327,524493854
1328,524493240
1329,524492384
1330,524491759
1331,524490829
1332,524489688
1333,524488535
1334,524482112
1335,524481632
1336,524481045
1337,524480366
1338,10891655
1339,1714674
1340,524359022
1341,524358475
1342,524357358
1343,10745714
1344,10853392
1345,10745408
1346,10745228
1347,524325683
1348,524310634
1349,524310164
1350,524309787
1351,524309369
1352,10842516
1353,1708546
1354,10841885
1355,524286532
1356,10730374
1357,10729521
1358,10836131
1359,1707755
1360,10835762
1361,10834550
1362,10834355
1363,10834163
1364,10834022
1365,524254745
1366,524253397
1367,10830114
1368,10829864
1369,524252397
1370,10829632
1371,1706808
1372,10828844
1373,10722268
1374,10828481
1375,10828080
1376,10721604
1377,10721568
1378,10721442
1379,1706640
1380,10827542
1381,10721075
1382,10827168
1383,524230872
1384,524229662
1385,524225462
1386,524224656
1387,10715376
1388,10821226
1389,10715028
1390,10714901
1391,524219504
1392,524218906
1393,524218323
1394,524218271
1395,524217663
1396,524216295
1397,524215479
1398,524197357
1399,524196849
1400,524196222
1401,524195727
1402,10808858
1403,10703361
1404,524178611
1405,524177973
1406,10703054
1407,10808173
1408,524175157
1409,524174354
1410,524174328
1411,524173558
1412,524172709
1413,524172060
1414,524170413
1415,10700362
1416,10697924
1417,10696652
1418,10801423
1419,10801215
1420,10801078
1421,524133806
1422,524132138
1423,524132080
1424,524131380
1425,524130673
1426,524129823
1427,524128154
1428,524127436
1429,524090472
1430,524088853
1431,524087011
1432,524085857
1433,10666212
1434,10769396
1435,10769239
1436,10665770
1437,10767206
1438,524029698
1439,10663574
1440,10663490
1441,524005284
1442,524003990
1443,523869076
1444,523866737
1445,523866092
1446,523865041
1447,523864453
1448,523863718
1449,523526469
1450,523526098
1451,523525662
Total Records Reject 391 
