Total Records Added 834 
#.,ID
0,533619995
1,533619499
2,533618985
3,533618416
4,533611766
5,533611306
6,533610495
7,533609947
8,533586752
9,533585610
10,13426874
11,13587383
12,13426674
13,533583696
14,2094516
15,533579014
16,533574037
17,533573559
18,13584422
19,2093850
20,13583457
21,13583367
22,13583303
23,2093605
24,13412913
25,13412666
26,13412560
27,13412410
28,13572119
29,13571994
30,2091011
31,13571731
32,533492557
33,533491630
34,533490971
35,533490185
36,533411614
37,533411076
38,533410334
39,533409768
40,533322349
41,533321866
42,533321300
43,533320591
44,13323496
45,13323410
46,13323344
47,13477855
48,531138215
49,531137265
50,531136507
51,531135589
52,530273560
53,12484183
54,12483949
55,12388751
56,12219567
57,12387976
58,12387796
59,12387629
60,529530376
61,529529658
62,529528964
63,529527700
64,12349835
65,12349674
66,12182024
67,12181826
68,12348813
69,12181118
70,12348307
71,12348125
72,12347909
73,12347710
74,12180261
75,12347493
76,12175922
77,12175690
78,12342815
79,12175366
80,12339888
81,12172561
82,12172444
83,12172160
84,12337594
85,12170221
86,12169907
87,12158678
88,12325223
89,12325141
90,12158428
91,12156511
92,12321382
93,12320471
94,529317939
95,529317360
96,1907856
97,529316865
98,529316242
99,529264551
100,529264079
101,529263530
102,529263019
103,529260280
104,529259447
105,529258672
106,12138994
107,12303156
108,12137716
109,12302842
110,12302721
111,12136640
112,12301620
113,529245989
114,529245196
115,529243564
116,529243078
117,529242475
118,529241760
119,529232416
120,529231663
121,529231055
122,1904864
123,529230048
124,12132598
125,12132351
126,12296859
127,529208574
128,529207678
129,529205994
130,529204759
131,529194360
132,529193824
133,12123554
134,12120266
135,12120000
136,12283739
137,12283389
138,12118645
139,529173995
140,529173255
141,529172655
142,529172459
143,12118180
144,12118162
145,529171997
146,529171976
147,12118008
148,529171191
149,529170667
150,12281647
151,12281498
152,12281485
153,12281210
154,12117270
155,12116772
156,12280540
157,12116199
158,12116047
159,12279839
160,12278833
161,529159353
162,12114744
163,529158625
164,529157835
165,529156791
166,12277112
167,12276985
168,1901468
169,12272219
170,12108586
171,12271913
172,12271904
173,12271770
174,12108040
175,12107907
176,529092682
177,12260262
178,529091360
179,12259862
180,12259614
181,12096728
182,12096518
183,1899715
184,12258719
185,12258578
186,529085108
187,12255598
188,12255466
189,12092988
190,12254963
191,529066135
192,529065488
193,529064780
194,529063650
195,12250123
196,12087425
197,12086868
198,12083788
199,12245433
200,12083374
201,12244944
202,529028269
203,529027724
204,529027192
205,529026567
206,529005912
207,529004041
208,529002461
209,528997283
210,528994121
211,528993569
212,528992915
213,528989374
214,528987552
215,528987024
216,528986558
217,528985852
218,12118645
219,12118008
220,528982392
221,528981634
222,528981154
223,528980614
224,12066043
225,1895485
226,12226347
227,12065529
228,12065512
229,1895398
230,12225616
231,12225391
232,12221986
233,1894870
234,1894856
235,1894846
236,528932373
237,528931593
238,528931039
239,528930347
240,528929354
241,12051428
242,12051254
243,12210434
244,12050828
245,12049496
246,12049181
247,12049097
248,12208336
249,528875212
250,528684466
251,528683736
252,528683211
253,528682622
254,11872896
255,11721694
256,11843574
257,11693547
258,527638942
259,527638750
260,11692023
261,527637827
262,11681446
263,11681276
264,11681148
265,11830136
266,527585860
267,527585143
268,11678699
269,11827679
270,11826934
271,11826836
272,527577752
273,11677643
274,11677634
275,11826588
276,11677504
277,11677235
278,11676905
279,527573159
280,1840195
281,11824478
282,11675233
283,11823881
284,11674860
285,1839968
286,11674334
287,11674119
288,11822886
289,11822824
290,11822807
291,11822761
292,11822642
293,11673793
294,11673721
295,11673508
296,11822151
297,11821283
298,527554947
299,527554552
300,527554177
301,527553685
302,11818837
303,11818539
304,527542958
305,527540965
306,527540600
307,527540263
308,11668555
309,11814844
310,11666231
311,527524495
312,527523503
313,527513662
314,527513192
315,11810127
316,527512771
317,527512342
318,527512316
319,11661207
320,11661019
321,11809140
322,11660668
323,11806687
324,11658236
325,11657194
326,11657064
327,11656950
328,11656767
329,527492067
330,527490269
331,527489167
332,527487989
333,527482502
334,527481256
335,527480749
336,527480228
337,11651816
338,527473090
339,11650575
340,527468734
341,527461004
342,527460180
343,11796195
344,527459756
345,527459627
346,527459577
347,11648158
348,527459065
349,11648037
350,527458714
351,527458583
352,527458401
353,527457988
354,527457795
355,527457477
356,527457094
357,527456962
358,527456861
359,527456698
360,527456285
361,527455801
362,11645760
363,11793138
364,11645243
365,11788400
366,11788210
367,11639884
368,1835259
369,11638496
370,527422263
371,527421318
372,11785364
373,527418502
374,527417948
375,11637041
376,11783579
377,11783413
378,11635619
379,11783098
380,527407126
381,527401500
382,527400654
383,527400620
384,527400041
385,527398689
386,527397568
387,527396923
388,11777531
389,11629976
390,11777135
391,11776941
392,527380067
393,527379544
394,527379044
395,527378476
396,11622262
397,11769296
398,1832866
399,11768906
400,527359248
401,527356040
402,527353970
403,527352911
404,527352294
405,527351909
406,527351511
407,527350538
408,11759601
409,11612699
410,11759080
411,11612262
412,11758528
413,11611617
414,11611534
415,11757897
416,11611317
417,11756228
418,11755969
419,11608351
420,11754516
421,11607812
422,11607722
423,11607642
424,11607530
425,11607448
426,1830566
427,11604675
428,11750683
429,11604343
430,11593643
431,11593399
432,11592958
433,11738154
434,11590691
435,11735773
436,11735438
437,11590113
438,527193770
439,527190750
440,527188584
441,527187452
442,527186010
443,11718360
444,11574148
445,11717932
446,11717560
447,526085715
448,526084888
449,526082084
450,526081599
451,526075123
452,526074787
453,1779203
454,526074071
455,526073470
456,526072915
457,526072844
458,526072490
459,526072247
460,526069467
461,526069041
462,526057468
463,526053819
464,526052829
465,526051876
466,1778344
467,11235509
468,11366404
469,11366235
470,11229943
471,11365890
472,11227985
473,11363842
474,11227853
475,11363748
476,11363595
477,11227581
478,11363241
479,11362883
480,526012617
481,526011808
482,526011154
483,526010619
484,526001183
485,11358320
486,11358186
487,11222640
488,11357945
489,11353309
490,11353163
491,525972954
492,525971682
493,525970428
494,525969612
495,11215274
496,11215055
497,11349869
498,11214586
499,11349502
500,11214381
501,11349203
502,11349032
503,525947587
504,525947169
505,525946552
506,11208381
507,525936817
508,525936396
509,1774453
510,11200752
511,11200590
512,11333784
513,11197023
514,525892411
515,525891085
516,525890206
517,525888976
518,11327516
519,11194697
520,11194551
521,11326945
522,11193935
523,11326316
524,11326100
525,11193344
526,525872290
527,525871645
528,525870745
529,525869811
530,525869257
531,525868736
532,525867281
533,525865379
534,525863218
535,525862350
536,525858897
537,525858440
538,525858083
539,525857399
540,11186750
541,11186559
542,11186547
543,11186420
544,11318370
545,11318289
546,11186076
547,11185999
548,11185787
549,525842209
550,525841615
551,11182961
552,525841290
553,525841050
554,525840413
555,525840014
556,11182590
557,525840005
558,525839880
559,525839456
560,525839159
561,525838872
562,525836082
563,525835655
564,525835441
565,525834972
566,11181079
567,11180942
568,525829529
569,525829025
570,11311204
571,525828626
572,11311045
573,525828218
574,11310954
575,11310864
576,525819931
577,525819523
578,525818970
579,525818750
580,525818434
581,525817702
582,525817605
583,525817360
584,525816857
585,525816584
586,11175768
587,11306620
588,11306146
589,11174839
590,525789662
591,525789107
592,525788421
593,525787658
594,525744356
595,525743754
596,525743092
597,525742343
598,525735528
599,525734991
600,525734323
601,525733359
602,525732783
603,11277119
604,11276814
605,11276512
606,11147595
607,11143617
608,11143495
609,11143319
610,11271364
611,11142933
612,11271061
613,11270592
614,11142387
615,11142298
616,1765780
617,11270226
618,11270180
619,11270016
620,525657414
621,525656851
622,11254201
623,525621418
624,11127070
625,11126557
626,11253086
627,525540467
628,525539939
629,525539471
630,525538713
631,525286508
632,525285903
633,525284744
634,525282634
635,524784837
636,524783815
637,524782839
638,524781464
639,10975263
640,1725652
641,10974512
642,10974285
643,10843763
644,10957893
645,10841879
646,10955995
647,10948421
648,10948041
649,10832750
650,10947581
651,10832318
652,10947337
653,524681631
654,10832093
655,10946747
656,10830298
657,10830147
658,10829973
659,10944718
660,10941115
661,10940403
662,10824031
663,10823742
664,10920231
665,10806660
666,10919889
667,10806313
668,10917893
669,10804148
670,1717901
671,10803540
672,10907576
673,524533340
674,524532605
675,10905437
676,1716391
677,10904802
678,10904614
679,524528358
680,1715912
681,10901010
682,10900811
683,10900452
684,524510603
685,524506494
686,10785460
687,10897130
688,524493854
689,524493240
690,524492384
691,524491759
692,524490829
693,524489688
694,524488535
695,524482112
696,524481632
697,524481045
698,524480366
699,10891655
700,1714674
701,524359022
702,524358475
703,524357358
704,10745714
705,10853392
706,10745408
707,10745228
708,524325683
709,524310634
710,524310164
711,524309787
712,524309369
713,10842516
714,1708546
715,10841885
716,524286532
717,10730374
718,10729521
719,10836131
720,1707755
721,10835762
722,10834550
723,10834355
724,10834163
725,10834022
726,524254745
727,524253397
728,10830114
729,10829864
730,524252397
731,10829632
732,1706808
733,10828844
734,10722268
735,10828481
736,10828080
737,10721604
738,10721568
739,10721442
740,1706640
741,10827542
742,10721075
743,10827168
744,524230872
745,524229662
746,524225462
747,524224656
748,10715376
749,10821226
750,10715028
751,10714901
752,524219504
753,524218906
754,524218323
755,524218271
756,524217663
757,524216295
758,524215479
759,524197357
760,524196849
761,524196222
762,524195727
763,10808858
764,10703361
765,524178611
766,524177973
767,10703054
768,10808173
769,524175157
770,524174354
771,524174328
772,524173558
773,524172709
774,524172060
775,524170413
776,10700362
777,10697924
778,10696652
779,10801423
780,10801215
781,10801078
782,524133806
783,524132138
784,524132080
785,524131380
786,524130673
787,524129823
788,524128154
789,524127436
790,524090472
791,524088853
792,524087011
793,524085857
794,10666212
795,10769396
796,10769239
797,10665770
798,10767206
799,524029698
800,10663574
801,10663490
802,524005284
803,524003990
804,523869076
805,523866737
806,523866092
807,523865041
808,523864453
809,523863718
810,523526469
811,523526098
812,523525662
813,10384970
814,10384566
815,1645803
816,10286237
817,10322681
818,10322145
819,10226806
820,10226660
821,522518536
822,522517908
823,522517101
824,522509758
825,529085108
826,522509758
827,12254963
828,529065488
829,529064780
830,12250123
831,528992915
832,528931593
833,12050828
Total Records Reject 174 
