Total Records Added 868 
#.,ID
0,524784837
1,524783815
2,524782839
3,524781464
4,10975263
5,1725652
6,10974512
7,10974285
8,10843763
9,10957893
10,10841879
11,10955995
12,10948421
13,10948041
14,10832750
15,10947581
16,10832318
17,10947337
18,524681631
19,10832093
20,10946747
21,10830298
22,10830147
23,10829973
24,10944718
25,10941115
26,10940403
27,10824031
28,10823742
29,10920231
30,10806660
31,10919889
32,10806313
33,10917893
34,10804148
35,1717901
36,10803540
37,10907576
38,524533340
39,524532605
40,10905437
41,1716391
42,10904802
43,10904614
44,524528358
45,1715912
46,10901010
47,10900811
48,10900452
49,524510603
50,524506494
51,10785460
52,10897130
53,524493854
54,524493240
55,524492384
56,524491759
57,524490829
58,524489688
59,524488535
60,524482112
61,524481632
62,524481045
63,524480366
64,10891655
65,1714674
66,524359022
67,524358475
68,524357358
69,10745714
70,10853392
71,10745408
72,10745228
73,524325683
74,524310634
75,524310164
76,524309787
77,524309369
78,10842516
79,1708546
80,10841885
81,524286532
82,10730374
83,10729521
84,10836131
85,1707755
86,10835762
87,10834550
88,10834355
89,10834163
90,10834022
91,524254745
92,524253397
93,10830114
94,10829864
95,524252397
96,10829632
97,1706808
98,10828844
99,10722268
100,10828481
101,10828080
102,10721604
103,10721568
104,10721442
105,1706640
106,10827542
107,10721075
108,10827168
109,524230872
110,524229662
111,524225462
112,524224656
113,10715376
114,10821226
115,10715028
116,10714901
117,524219504
118,524218906
119,524218323
120,524218271
121,524217663
122,524216295
123,524215479
124,524197357
125,524196849
126,524196222
127,524195727
128,10808858
129,10703361
130,524178611
131,524177973
132,10703054
133,10808173
134,524175157
135,524174354
136,524174328
137,524173558
138,524172709
139,524172060
140,524170413
141,10700362
142,10697924
143,10696652
144,10801423
145,10801215
146,10801078
147,524133806
148,524132138
149,524132080
150,524131380
151,524130673
152,524129823
153,524128154
154,524127436
155,524090472
156,524088853
157,524087011
158,524085857
159,10666212
160,10769396
161,10769239
162,10665770
163,10767206
164,524029698
165,10663574
166,10663490
167,524005284
168,524003990
169,523869076
170,523866737
171,523866092
172,523865041
173,523864453
174,523863718
175,523526469
176,523526098
177,523525662
178,10384970
179,10384566
180,1645803
181,10286237
182,10322681
183,10322145
184,10226806
185,10226660
186,522518536
187,522517908
188,522517101
189,522509758
190,8930569
191,8838096
192,8837753
193,1438711
194,8836857
195,8830054
196,1437470
197,8826811
198,8826632
199,8826096
200,8853568
201,517823537
202,517822711
203,8852958
204,8793940
205,8851925
206,8850695
207,8850480
208,1432022
209,8790821
210,517749295
211,517572048
212,517571373
213,517570797
214,517570243
215,8732365
216,8787276
217,8787064
218,8786742
219,8728699
220,8782586
221,8727612
222,523863718
223,8715217
224,8715030
225,517486784
226,8714769
227,8768684
228,8714578
229,517485364
230,8714471
231,8714312
232,517484362
233,8714048
234,517483130
235,517482117
236,8766767
237,8712873
238,8712640
239,8712460
240,517470015
241,8710368
242,8710279
243,8763868
244,517467649
245,517467431
246,517466044
247,517465853
248,517464602
249,517463425
250,517463121
251,517462385
252,8850480
253,517461143
254,517458703
255,8761495
256,517458238
257,517455855
258,8707187
259,8706631
260,8706512
261,517445501
262,517442931
263,517441056
264,8755748
265,517435232
266,517434894
267,517433885
268,517433121
269,8695841
270,1418334
271,517405254
272,8747878
273,517404515
274,8694893
275,517367444
276,517366997
277,517366471
278,517365975
279,8734537
280,8682654
281,8682541
282,8682411
283,517334747
284,517333600
285,517332889
286,517332317
287,517323089
288,517321612
289,517320766
290,517318776
291,517317968
292,517317193
293,517316388
294,8722503
295,8671142
296,8715030
297,8666355
298,8666216
299,8716948
300,8716796
301,517295737
302,517295225
303,517294658
304,8715680
305,8664710
306,1414016
307,8714970
308,8664173
309,8714725
310,1413946
311,8663551
312,1413874
313,1413853
314,8713655
315,8713495
316,517284958
317,517284238
318,517282926
319,517282132
320,517260890
321,517259678
322,517259088
323,517258524
324,517191311
325,8637787
326,8637629
327,8637488
328,8632284
329,8680469
330,8672598
331,8672420
332,8672280
333,8672129
334,517126816
335,517125982
336,517125145
337,517123083
338,8663904
339,8616875
340,8663393
341,8663186
342,517084670
343,517083995
344,517083344
345,517082446
346,517079192
347,8601993
348,8601906
349,517044849
350,1405650
351,8646917
352,517043657
353,517042569
354,517040745
355,516811088
356,516810179
357,516809220
358,516808282
359,515875351
360,8269232
361,8228275
362,8268631
363,1354761
364,8267834
365,515783488
366,515782820
367,515781319
368,515780541
369,8232316
370,8193495
371,8192482
372,8191585
373,515725327
374,8229860
375,515724102
376,515722936
377,8229247
378,515720790
379,8189757
380,8228097
381,8189460
382,8227751
383,515706166
384,515705394
385,8184350
386,8222430
387,8183961
388,8183883
389,8221941
390,8221793
391,8183398
392,515688982
393,515687976
394,515687331
395,515686747
396,8181470
397,515684660
398,515684003
399,515682806
400,515682005
401,8176572
402,8174005
403,8211509
404,515656078
405,8173365
406,515654200
407,515651016
408,1345755
409,8163572
410,8200236
411,8199856
412,8162472
413,8162182
414,515610854
415,515610019
416,515609278
417,8198484
418,515606814
419,8195731
420,8195564
421,1344985
422,8195208
423,515549284
424,515548334
425,8145544
426,515547108
427,8181077
428,8180903
429,8145067
430,515545709
431,515541854
432,515541390
433,515540953
434,515540336
435,515539137
436,8143206
437,515536263
438,8177684
439,515504198
440,515503704
441,515503298
442,515502783
443,515499571
444,515498145
445,515497332
446,515496610
447,515470159
448,515469635
449,515469110
450,515468666
451,8153863
452,8119674
453,1339534
454,8153207
455,515447670
456,8118040
457,515445640
458,8117821
459,515444605
460,8151514
461,515443942
462,8117407
463,515443285
464,8150837
465,515442135
466,8116918
467,515441653
468,8116796
469,515441168
470,515429506
471,515428826
472,515427410
473,515426753
474,8110438
475,8143624
476,8143499
477,515416645
478,515415728
479,8109740
480,515415092
481,1338103
482,515414425
483,8109009
484,8142280
485,8141931
486,8137822
487,1337406
488,8104338
489,8104192
490,8137372
491,8136946
492,8136663
493,8135818
494,515388968
495,515388326
496,8135246
497,8134951
498,8134748
499,8101402
500,8134307
501,8101186
502,8134202
503,8134110
504,8133994
505,515365815
506,515365278
507,515364824
508,515364356
509,515352725
510,515351651
511,8085806
512,515324387
513,1334768
514,8111278
515,1334083
516,8110860
517,8110734
518,515299207
519,515297289
520,515296529
521,515295276
522,515292740
523,515291695
524,515290797
525,515289959
526,8068157
527,8068036
528,1332570
529,8098680
530,8097200
531,8097004
532,8065970
533,8096594
534,1332277
535,8065604
536,8096143
537,8096009
538,515142498
539,515141592
540,515140164
541,515139097
542,515068252
543,515067065
544,515066116
545,515065216
546,1326154
547,514907050
548,514764682
549,514763719
550,514762958
551,514761924
552,514314772
553,514313884
554,514312652
555,7694102
556,7679492
557,513826782
558,513826156
559,513825258
560,513824534
561,513823686
562,513822651
563,513809718
564,513808383
565,513807615
566,513806726
567,7649575
568,7662060
569,7652427
570,7652024
571,7639530
572,7651304
573,7651055
574,1272431
575,7650038
576,513736946
577,513735824
578,513730943
579,513730235
580,513729483
581,513728638
582,513718777
583,513718172
584,513717609
585,513717033
586,7637936
587,7626449
588,7637694
589,7636400
590,7636162
591,7635982
592,7633552
593,7633426
594,7622002
595,7621844
596,7621169
597,7620838
598,513675156
599,7630934
600,513674632
601,7619964
602,7630797
603,513674112
604,513673533
605,7630563
606,513669976
607,7629440
608,513669234
609,513668609
610,7618432
611,7618247
612,513667789
613,7617957
614,7617330
615,7627889
616,7627685
617,7616813
618,7615792
619,7626277
620,513649525
621,513647893
622,513646467
623,513645515
624,1268860
625,7622251
626,513641754
627,513641256
628,513640780
629,513640294
630,7620340
631,7620039
632,7619425
633,513632961
634,513632517
635,513632053
636,513631531
637,7608171
638,7605499
639,7615517
640,7615397
641,7605145
642,7603734
643,7603648
644,1267692
645,7613660
646,7603478
647,7603451
648,7613497
649,7603340
650,7603170
651,513609409
652,7612798
653,7612593
654,7601557
655,7601371
656,1267385
657,7601108
658,7601016
659,7600920
660,7600815
661,1267300
662,7600475
663,7606710
664,513581468
665,513580745
666,7595230
667,513580031
668,7594998
669,7604034
670,513578377
671,7594541
672,513569580
673,513568805
674,513564839
675,513561922
676,7589218
677,7598067
678,513556955
679,1265664
680,1265630
681,513552886
682,513552094
683,513551349
684,513550589
685,7581209
686,513528574
687,7580843
688,7589186
689,1264604
690,7588952
691,7580463
692,7588754
693,7580304
694,7580174
695,513525119
696,7588533
697,7580008
698,7579964
699,513524278
700,7579771
701,7579622
702,7579439
703,513520447
704,513519910
705,513513752
706,513512931
707,513512237
708,513511366
709,513510375
710,513509775
711,7584044
712,513509033
713,7575744
714,513508285
715,7575547
716,7575075
717,7574900
718,7569393
719,7577201
720,7577100
721,7576808
722,1263028
723,7568745
724,7568398
725,7568156
726,7567909
727,1259521
728,7548105
729,7547949
730,7542178
731,513352696
732,513351429
733,513351005
734,7540779
735,513198515
736,513197539
737,513195864
738,513194794
739,513144631
740,513143587
741,513142635
742,513141403
743,512925225
744,512923588
745,512922763
746,512922037
747,512921199
748,512605835
749,512605589
750,512605252
751,512605024
752,511943751
753,511942930
754,511941761
755,511940689
756,7103603
757,7103382
758,7102655
759,7102304
760,511853642
761,511852847
762,7099308
763,7099066
764,511851014
765,1196671
766,511850132
767,1196627
768,7096435
769,7092614
770,7091793
771,7091538
772,7093823
773,7090104
774,7089953
775,7093416
776,7092956
777,7092845
778,7092740
779,7092540
780,7088272
781,511776985
782,511776250
783,7076263
784,7079883
785,7075633
786,7079016
787,511752187
788,511727352
789,511726844
790,511726345
791,511725799
792,511703615
793,511702797
794,7062929
795,511702548
796,511702247
797,7058205
798,7058019
799,511701602
800,7062551
801,7050766
802,7055510
803,7055343
804,7055173
805,511670282
806,511669212
807,511668130
808,511667734
809,7014143
810,1185242
811,7013874
812,7020274
813,7012428
814,1185015
815,7018717
816,7018578
817,511529621
818,511528222
819,511525858
820,511521410
821,7009535
822,7016023
823,511511922
824,511510346
825,7003919
826,7003823
827,7003722
828,7003608
829,6545041
830,6544798
831,6544323
832,6563024
833,1118558
834,6553959
835,509935414
836,6547177
837,509934285
838,509933033
839,509931881
840,509931215
841,509930960
842,509930297
843,6526364
844,509930220
845,6526209
846,509929384
847,509929360
848,6545722
849,6545692
850,6525948
851,509928666
852,6545537
853,509928408
854,509928375
855,6525625
856,509898019
857,509896540
858,509895679
859,509895083
860,509735503
861,509734829
862,509733839
863,509733080
864,509480159
865,509479214
866,509478335
867,509476907
Total Records Reject 238 
