Total Records Added 1146 
#.,ID
0,535514647
1,535513972
2,535513295
3,535512169
4,535455518
5,535455117
6,535454727
7,535454324
8,535432140
9,535431276
10,14124524
11,13955230
12,14123759
13,14123433
14,14107484
15,14107362
16,2219286
17,13938760
18,535367686
19,13938255
20,535359166
21,535358761
22,535358125
23,535357578
24,14104065
25,14103749
26,535345879
27,535340217
28,535339003
29,13929527
30,14097136
31,13928950
32,14096792
33,535332391
34,535331787
35,535330934
36,535330163
37,13926949
38,535326361
39,14094683
40,13926509
41,535325517
42,13926314
43,535324818
44,535324246
45,535319453
46,535318579
47,535317780
48,535316885
49,14091295
50,535313920
51,535313156
52,535312521
53,535311564
54,535310226
55,535309731
56,535309272
57,535308708
58,13921714
59,14088757
60,14088569
61,14088333
62,14087944
63,13919012
64,13918715
65,14085786
66,13917970
67,13917810
68,13917664
69,13917525
70,14084701
71,2214067
72,13916961
73,13916956
74,14084181
75,2213995
76,13916572
77,13916304
78,14082975
79,14082575
80,13914888
81,13914707
82,14082121
83,2213497
84,13914493
85,14081692
86,14081533
87,535278681
88,535278231
89,535278228
90,535277778
91,535277653
92,535277638
93,535277002
94,14079549
95,2212861
96,535275291
97,14079141
98,535273972
99,13911345
100,13909706
101,14076705
102,14076601
103,2212220
104,13909379
105,14076411
106,2212131
107,535265286
108,13909047
109,535264703
110,535264015
111,535263333
112,535259152
113,2211701
114,535258462
115,13907197
116,535257676
117,535256861
118,535256743
119,535256025
120,535255628
121,535254342
122,535253629
123,13905022
124,14071674
125,13901168
126,14067576
127,13900869
128,13900733
129,14065256
130,14065146
131,14065074
132,2209668
133,2209648
134,13898337
135,2209051
136,13895839
137,14061945
138,14061819
139,13895630
140,13895517
141,13895320
142,13895230
143,14059480
144,14059383
145,2208397
146,2208370
147,535207754
148,535207381
149,535206947
150,535206177
151,535190954
152,535190424
153,13887999
154,535176156
155,535175684
156,535175232
157,535174681
158,535159735
159,535159241
160,535158658
161,535158033
162,535134325
163,535132955
164,535131332
165,535128857
166,535127757
167,535126502
168,535124577
169,535123295
170,13868971
171,14033286
172,14033034
173,14032918
174,535090337
175,535089386
176,535088896
177,535088450
178,14025604
179,14025396
180,14010762
181,13847410
182,14010398
183,14010082
184,534896351
185,534895619
186,534894688
187,534894032
188,13728027
189,13563822
190,2126509
191,13561902
192,13561590
193,13725521
194,534127456
195,13561331
196,13561303
197,534126789
198,534125734
199,2126153
200,534124513
201,13540828
202,13704704
203,13690952
204,13690709
205,13682955
206,13519025
207,2116239
208,2116188
209,533834231
210,533833658
211,533833011
212,533832165
213,533815912
214,533815117
215,533814524
216,13648926
217,533813961
218,13648786
219,13485582
220,13485381
221,14053818
222,13479924
223,13642642
224,533783900
225,535123295
226,533783398
227,533782114
228,13640412
229,533781495
230,13477442
231,14033286
232,13477264
233,13477101
234,13847410
235,13474388
236,13474234
237,13473440
238,533762377
239,13635282
240,13635188
241,2105351
242,13472189
243,533760840
244,533760016
245,533758932
246,533754385
247,533753477
248,533744708
249,533744331
250,533743973
251,533743540
252,2104252
253,13630084
254,13467046
255,533813961
256,13466719
257,2104004
258,13628876
259,13465378
260,13465262
261,13627560
262,533733252
263,2103644
264,533732748
265,533731103
266,533730726
267,533730338
268,533729961
269,533724835
270,13623272
271,13460881
272,533701966
273,533701741
274,533701178
275,533700885
276,13456504
277,533700101
278,2101646
279,533699693
280,13456217
281,533699014
282,13456116
283,533698600
284,533697496
285,13615771
286,533689356
287,533689117
288,13453598
289,533688803
290,13615192
291,533688278
292,13614949
293,533687024
294,13614555
295,13452669
296,13614296
297,533684760
298,13452398
299,13451109
300,13450968
301,13450867
302,13450657
303,13611359
304,13449486
305,13449348
306,13610876
307,2099682
308,13448072
309,13447971
310,13447860
311,2099240
312,13608050
313,13607930
314,2099157
315,13443347
316,2098460
317,13604500
318,13604418
319,533643920
320,533642943
321,533642434
322,533641914
323,533619995
324,533619499
325,533618985
326,533618416
327,533611766
328,533611306
329,533610495
330,533609947
331,533586752
332,533585610
333,13426874
334,13587383
335,13426674
336,533583696
337,2094516
338,533579014
339,533574037
340,533573559
341,13584422
342,2093850
343,13583457
344,13583367
345,13583303
346,2093605
347,13412913
348,13412666
349,13412560
350,13412410
351,13572119
352,13571994
353,2091011
354,13571731
355,533492557
356,533491630
357,533490971
358,533490185
359,533411614
360,533411076
361,533410334
362,533409768
363,533322349
364,533321866
365,533321300
366,533320591
367,13323496
368,13323410
369,13323344
370,13477855
371,531138215
372,531137265
373,531136507
374,531135589
375,530273560
376,12484183
377,12483949
378,12388751
379,12219567
380,12387976
381,12387796
382,12387629
383,529530376
384,529529658
385,529528964
386,529527700
387,12349835
388,12349674
389,12182024
390,12181826
391,12348813
392,12181118
393,12348307
394,12348125
395,12347909
396,12347710
397,12180261
398,12347493
399,12175922
400,12175690
401,12342815
402,12175366
403,12339888
404,12172561
405,12172444
406,12172160
407,12337594
408,12170221
409,12169907
410,12158678
411,12325223
412,12325141
413,12158428
414,12156511
415,12321382
416,12320471
417,529317939
418,529317360
419,1907856
420,529316865
421,529316242
422,529264551
423,529264079
424,529263530
425,529263019
426,529260280
427,529259447
428,529258672
429,12138994
430,12303156
431,12137716
432,12302842
433,12302721
434,12136640
435,12301620
436,529245989
437,529245196
438,529243564
439,529243078
440,529242475
441,529241760
442,529232416
443,529231663
444,529231055
445,1904864
446,529230048
447,12132598
448,12132351
449,12296859
450,529208574
451,529207678
452,529205994
453,529204759
454,529194360
455,529193824
456,12123554
457,12120266
458,12120000
459,12283739
460,12283389
461,12118645
462,529173995
463,529173255
464,529172655
465,529172459
466,12118180
467,12118162
468,529171997
469,529171976
470,12118008
471,529171191
472,529170667
473,12281647
474,12281498
475,12281485
476,12281210
477,12117270
478,12116772
479,12280540
480,12116199
481,12116047
482,12279839
483,12278833
484,529159353
485,12114744
486,529158625
487,529157835
488,529156791
489,12277112
490,12276985
491,1901468
492,12272219
493,12108586
494,12271913
495,12271904
496,12271770
497,12108040
498,12107907
499,529092682
500,12260262
501,529091360
502,12259862
503,12259614
504,12096728
505,12096518
506,1899715
507,12258719
508,12258578
509,529085108
510,12255598
511,12255466
512,12092988
513,12254963
514,529066135
515,529065488
516,529064780
517,529063650
518,12250123
519,12087425
520,12086868
521,12083788
522,12245433
523,12083374
524,12244944
525,529028269
526,529027724
527,529027192
528,529026567
529,529005912
530,529004041
531,529002461
532,528997283
533,528994121
534,528993569
535,528992915
536,528989374
537,528987552
538,528987024
539,528986558
540,528985852
541,528982392
542,528981634
543,528981154
544,528980614
545,12066043
546,1895485
547,12226347
548,12065529
549,12065512
550,1895398
551,12225616
552,12225391
553,12221986
554,1894870
555,1894856
556,1894846
557,528932373
558,528931593
559,528931039
560,528930347
561,528929354
562,12051428
563,12051254
564,12210434
565,12050828
566,12049496
567,12049181
568,12049097
569,12208336
570,528875212
571,528684466
572,528683736
573,528683211
574,528682622
575,11872896
576,11721694
577,11843574
578,11693547
579,527638942
580,527638750
581,11692023
582,527637827
583,11681446
584,11681276
585,11681148
586,11830136
587,527585860
588,527585143
589,11678699
590,11827679
591,11826934
592,11826836
593,527577752
594,11677643
595,11677634
596,11826588
597,11677504
598,11677235
599,11676905
600,527573159
601,1840195
602,11824478
603,11675233
604,11823881
605,11674860
606,1839968
607,11674334
608,11674119
609,11822886
610,11822824
611,11822807
612,11822761
613,11822642
614,11673793
615,11673721
616,11673508
617,11822151
618,11821283
619,527554947
620,527554552
621,527554177
622,527553685
623,11818837
624,11818539
625,527542958
626,527540965
627,527540600
628,527540263
629,11668555
630,11814844
631,11666231
632,527524495
633,527523503
634,527513662
635,527513192
636,11810127
637,527512771
638,527512342
639,527512316
640,11661207
641,11661019
642,11809140
643,11660668
644,11806687
645,11658236
646,11657194
647,11657064
648,11656950
649,11656767
650,527492067
651,527490269
652,527489167
653,527487989
654,527482502
655,527481256
656,527480749
657,527480228
658,11651816
659,527473090
660,11650575
661,527468734
662,527461004
663,527460180
664,11796195
665,527459756
666,527459627
667,527459577
668,11648158
669,527459065
670,11648037
671,527458714
672,527458583
673,527458401
674,527457988
675,527457795
676,527457477
677,527457094
678,527456962
679,527456861
680,527456698
681,527456285
682,527455801
683,11645760
684,11793138
685,11645243
686,11788400
687,11788210
688,11639884
689,1835259
690,11638496
691,527422263
692,527421318
693,11785364
694,527418502
695,527417948
696,11637041
697,11783579
698,11783413
699,11635619
700,11783098
701,527407126
702,527401500
703,527400654
704,527400620
705,527400041
706,527398689
707,527397568
708,527396923
709,11777531
710,11629976
711,11777135
712,11776941
713,527380067
714,527379544
715,527379044
716,527378476
717,11622262
718,11769296
719,1832866
720,11768906
721,527359248
722,527356040
723,527353970
724,527352911
725,527352294
726,527351909
727,527351511
728,527350538
729,11759601
730,11612699
731,11759080
732,11612262
733,11758528
734,11611617
735,11611534
736,11757897
737,11611317
738,11756228
739,11755969
740,11608351
741,11754516
742,11607812
743,11607722
744,11607642
745,11607530
746,11607448
747,1830566
748,11604675
749,11750683
750,11604343
751,11593643
752,11593399
753,11592958
754,11738154
755,11590691
756,11735773
757,11735438
758,11590113
759,527193770
760,527190750
761,527188584
762,527187452
763,527186010
764,11718360
765,11574148
766,11717932
767,11717560
768,526085715
769,526084888
770,526082084
771,526081599
772,526075123
773,526074787
774,1779203
775,526074071
776,526073470
777,526072915
778,526072844
779,526072490
780,526072247
781,526069467
782,526069041
783,526057468
784,526053819
785,526052829
786,526051876
787,1778344
788,11235509
789,11366404
790,11366235
791,11229943
792,11365890
793,11227985
794,11363842
795,11227853
796,11363748
797,11363595
798,11227581
799,11363241
800,11362883
801,526012617
802,526011808
803,526011154
804,526010619
805,526001183
806,11358320
807,11358186
808,11222640
809,11357945
810,11353309
811,11353163
812,525972954
813,525971682
814,525970428
815,525969612
816,11215274
817,11215055
818,11349869
819,11214586
820,11349502
821,11214381
822,11349203
823,11349032
824,525947587
825,525947169
826,525946552
827,11208381
828,525936817
829,525936396
830,1774453
831,11200752
832,11200590
833,11333784
834,11197023
835,525892411
836,525891085
837,525890206
838,525888976
839,11327516
840,11194697
841,11194551
842,11326945
843,11193935
844,11326316
845,11326100
846,11193344
847,525872290
848,525871645
849,525870745
850,525869811
851,525869257
852,525868736
853,525867281
854,525865379
855,525863218
856,525862350
857,525858897
858,525858440
859,525858083
860,525857399
861,11186750
862,11186559
863,11186547
864,11186420
865,11318370
866,11318289
867,11186076
868,11185999
869,11185787
870,525842209
871,525841615
872,11182961
873,525841290
874,525841050
875,525840413
876,525840014
877,11182590
878,525840005
879,525839880
880,525839456
881,525839159
882,525838872
883,525836082
884,525835655
885,525835441
886,525834972
887,11181079
888,11180942
889,525829529
890,525829025
891,11311204
892,525828626
893,11311045
894,525828218
895,11310954
896,11310864
897,525819931
898,525819523
899,525818970
900,525818750
901,525818434
902,525817702
903,525817605
904,525817360
905,525816857
906,525816584
907,11175768
908,11306620
909,11306146
910,11174839
911,525789662
912,525789107
913,525788421
914,525787658
915,525744356
916,525743754
917,525743092
918,525742343
919,525735528
920,525734991
921,525734323
922,525733359
923,525732783
924,11277119
925,11276814
926,11276512
927,11147595
928,11143617
929,11143495
930,11143319
931,11271364
932,11142933
933,11271061
934,11270592
935,11142387
936,11142298
937,1765780
938,11270226
939,11270180
940,11270016
941,525657414
942,525656851
943,11254201
944,525621418
945,11127070
946,11126557
947,11253086
948,525540467
949,525539939
950,525539471
951,525538713
952,525286508
953,525285903
954,525284744
955,525282634
956,524784837
957,524783815
958,524782839
959,524781464
960,10975263
961,1725652
962,10974512
963,10974285
964,10843763
965,10957893
966,10841879
967,10955995
968,10948421
969,10948041
970,10832750
971,10947581
972,10832318
973,10947337
974,524681631
975,10832093
976,10946747
977,10830298
978,10830147
979,10829973
980,10944718
981,10941115
982,10940403
983,10824031
984,10823742
985,10920231
986,10806660
987,10919889
988,10806313
989,10917893
990,10804148
991,1717901
992,10803540
993,10907576
994,524533340
995,524532605
996,10905437
997,1716391
998,10904802
999,10904614
1000,524528358
1001,1715912
1002,10901010
1003,10900811
1004,10900452
1005,524510603
1006,524506494
1007,10785460
1008,10897130
1009,524493854
1010,524493240
1011,524492384
1012,524491759
1013,524490829
1014,524489688
1015,524488535
1016,524482112
1017,524481632
1018,524481045
1019,524480366
1020,10891655
1021,1714674
1022,524359022
1023,524358475
1024,524357358
1025,10745714
1026,10853392
1027,10745408
1028,10745228
1029,524325683
1030,524310634
1031,524310164
1032,524309787
1033,524309369
1034,10842516
1035,1708546
1036,10841885
1037,524286532
1038,10730374
1039,10729521
1040,10836131
1041,1707755
1042,10835762
1043,10834550
1044,10834355
1045,10834163
1046,10834022
1047,524254745
1048,524253397
1049,10830114
1050,10829864
1051,524252397
1052,10829632
1053,1706808
1054,10828844
1055,10722268
1056,10828481
1057,10828080
1058,10721604
1059,10721568
1060,10721442
1061,1706640
1062,10827542
1063,10721075
1064,10827168
1065,524230872
1066,524229662
1067,524225462
1068,524224656
1069,10715376
1070,10821226
1071,10715028
1072,10714901
1073,524219504
1074,524218906
1075,524218323
1076,524218271
1077,524217663
1078,524216295
1079,524215479
1080,524197357
1081,524196849
1082,524196222
1083,524195727
1084,10808858
1085,10703361
1086,524178611
1087,524177973
1088,10703054
1089,10808173
1090,524175157
1091,524174354
1092,524174328
1093,524173558
1094,524172709
1095,524172060
1096,524170413
1097,10700362
1098,10697924
1099,10696652
1100,10801423
1101,10801215
1102,10801078
1103,524133806
1104,524132138
1105,524132080
1106,524131380
1107,524130673
1108,524129823
1109,524128154
1110,524127436
1111,524090472
1112,524088853
1113,524087011
1114,524085857
1115,10666212
1116,10769396
1117,10769239
1118,10665770
1119,10767206
1120,524029698
1121,10663574
1122,10663490
1123,524005284
1124,524003990
1125,523869076
1126,523866737
1127,523866092
1128,523865041
1129,523864453
1130,523863718
1131,523526469
1132,523526098
1133,523525662
1134,10384970
1135,10384566
1136,1645803
1137,10286237
1138,10322681
1139,10322145
1140,10226806
1141,10226660
1142,522518536
1143,522517908
1144,522517101
1145,522509758
Total Records Reject 296 
