Total Records Added 3408 
#.,ID
0,283293
1,364948
2,364647
3,364373
4,171507
5,171403
6,170966
7,170822
8,214192
9,152659
10,486580041
11,486578446
12,486577551
13,486576653
14,486529882
15,486526696
16,192686
17,192253
18,192097
19,486507654
20,486506981
21,486506250
22,486504912
23,185109
24,125926
25,486487308
26,125507
27,129610
28,129489
29,129401
30,183581
31,486480012
32,486467330
33,486466703
34,486428563
35,486427847
36,486426979
37,486426202
38,114665
39,166670
40,166521
41,114013
42,486407026
43,486397010
44,486393357
45,110133
46,110058
47,159861
48,111181
49,486374638
50,486373662
51,93592
52,96070
53,137029
54,136598
55,136364
56,136325
57,136108
58,91954
59,486315688
60,486315111
61,486314261
62,486313615
63,133963
64,90462
65,133446
66,486310029
67,133075
68,486309229
69,133006
70,132789
71,132577
72,486307676
73,132320
74,486306170
75,486300273
76,486299739
77,486299269
78,486298846
79,85507
80,85302
81,126624
82,486286679
83,125291
84,486286129
85,486285692
86,486285187
87,83328
88,486283154
89,83028
90,486282464
91,486282385
92,123610
93,486281794
94,87659
95,486281038
96,82526
97,87506
98,87434
99,486257189
100,486256589
101,486255988
102,486255057
103,486247664
104,486246531
105,80482
106,486245791
107,486245542
108,486245267
109,486244841
110,486244731
111,486244300
112,110924
113,486243644
114,79922
115,486243101
116,486233943
117,486232852
118,486232234
119,70213
120,77243
121,486231308
122,70028
123,486230638
124,77042
125,106156
126,105665
127,76187
128,104298
129,68226
130,67994
131,486221891
132,486221483
133,486221023
134,486220624
135,73466
136,72980
137,486204635
138,486204255
139,97114
140,486203857
141,96939
142,486203322
143,62695
144,71029
145,93423
146,93168
147,92960
148,92707
149,486179189
150,486177772
151,486176796
152,486175643
153,56670
154,65056
155,86916
156,86800
157,64934
158,56354
159,64847
160,86501
161,64655
162,55951
163,85647
164,64200
165,85503
166,55519
167,85258
168,80547
169,80422
170,52489
171,60600
172,77608
173,50807
174,58734
175,76743
176,58421
177,486125994
178,486125319
179,486124673
180,486124030
181,70381
182,54065
183,46430
184,46367
185,486087798
186,486076585
187,486076089
188,486075662
189,486075123
190,486055585
191,486054730
192,486054142
193,486053142
194,486005784
195,486005120
196,486004442
197,486003808
198,26386
199,25957
200,485162259
201,485160918
202,10727686
203,11571704
204,10727397
205,11571079
206,11566343
207,10723190
208,9836003
209,11565163
210,11563709
211,9834036
212,484658230
213,484657570
214,10714128
215,484656057
216,10714022
217,11554262
218,10713882
219,10713764
220,484654436
221,11553869
222,11548333
223,11548077
224,9824755
225,10709069
226,10708676
227,11546934
228,10708328
229,9824040
230,9823974
231,85881
232,11546529
233,9823870
234,484623971
235,10707962
236,484621015
237,484620165
238,11543784
239,10705879
240,10703677
241,11538239
242,11538010
243,10701419
244,484590504
245,10701321
246,10698462
247,10698164
248,9815118
249,9814995
250,10697376
251,11532211
252,11531927
253,10696203
254,11530977
255,10695949
256,10695796
257,11529099
258,484543970
259,484543356
260,484542759
261,10691341
262,10691287
263,11524474
264,11524025
265,9809209
266,11522759
267,484530314
268,11521130
269,11520977
270,10688385
271,11520861
272,11520734
273,10688229
274,10688145
275,484521684
276,484521218
277,484520848
278,484520470
279,11518896
280,11518750
281,11518524
282,11518294
283,484516340
284,484515514
285,484514804
286,484514097
287,484512455
288,484511627
289,484509603
290,484509192
291,484508718
292,484508282
293,10684104
294,10683961
295,9803313
296,10682558
297,11514078
298,10682359
299,9802014
300,10682216
301,10682136
302,9801720
303,11513335
304,11512935
305,10680624
306,9800332
307,484490321
308,484489968
309,484489852
310,484489399
311,9800063
312,484489369
313,484488911
314,484488796
315,484488317
316,484484962
317,484484623
318,484484204
319,484483697
320,484483553
321,10678104
322,11509183
323,10677614
324,484478773
325,484478014
326,484477310
327,484476651
328,11507703
329,11507586
330,10676161
331,10676020
332,10675903
333,484468023
334,484467492
335,484466942
336,484466354
337,10674172
338,11505242
339,9794922
340,10673850
341,484459934
342,11504161
343,9794044
344,11503938
345,10672738
346,9792198
347,9791953
348,9791768
349,484446295
350,11500747
351,484444924
352,484444179
353,484440964
354,484440337
355,484439571
356,484438721
357,484435136
358,11498097
359,484434573
360,484434101
361,484433557
362,10666967
363,10666869
364,10666766
365,484423419
366,484422587
367,484421918
368,484421026
369,484406040
370,484405575
371,484405194
372,484404663
373,11488558
374,11488423
375,11488301
376,11488162
377,9777528
378,9777452
379,10653128
380,9776192
381,484324246
382,484322322
383,484321401
384,484320408
385,484319488
386,10631612
387,10631504
388,10631418
389,10631306
390,484239748
391,484239037
392,484238179
393,484237217
394,10617181
395,9745793
396,484181970
397,484181197
398,484180366
399,484179676
400,10669505
401,480849117
402,9533754
403,10350972
404,9531735
405,10349215
406,8719879
407,8719624
408,10320674
409,8696036
410,9504368
411,10320195
412,479750536
413,479749905
414,479749044
415,479707566
416,8672945
417,8672905
418,8672771
419,10291771
420,10291620
421,9477680
422,10291173
423,479657228
424,479656858
425,479656477
426,479656125
427,8665704
428,8665593
429,9469622
430,10282921
431,479646094
432,10279027
433,9465643
434,9465325
435,9464672
436,9464410
437,9464279
438,479630856
439,8660770
440,9463962
441,10277011
442,8660351
443,479618728
444,479616013
445,10271327
446,9458063
447,9458060
448,10271030
449,8655610
450,8655415
451,10270508
452,9457412
453,9457289
454,9456688
455,9456530
456,10268994
457,479589744
458,479589222
459,479588753
460,479588315
461,9451944
462,9451857
463,9451773
464,9451682
465,479573902
466,479573426
467,479572903
468,479572330
469,8648588
470,10262168
471,8648206
472,479567659
473,8647923
474,479567628
475,479567012
476,479566601
477,479566361
478,10261184
479,9448581
480,479565277
481,479563686
482,8647066
483,9447804
484,479561051
485,8646650
486,479560310
487,479559638
488,479558971
489,10258114
490,8644963
491,9445585
492,10257884
493,10257731
494,10257527
495,8642938
496,9443173
497,9443055
498,10255022
499,9439605
500,10251447
501,8639276
502,10250877
503,8638956
504,8638200
505,8638060
506,8637907
507,10249340
508,9436306
509,9436062
510,9435703
511,9435444
512,479493302
513,479492601
514,479492402
515,479492023
516,479491764
517,479491533
518,479490985
519,479489816
520,8631334
521,8631244
522,10241243
523,10241129
524,8629247
525,10238720
526,10238606
527,8628909
528,479471000
529,479470143
530,479467144
531,479466642
532,479466228
533,10235762
534,8626501
535,8626412
536,8626340
537,9424283
538,8626226
539,9424151
540,10234994
541,10231819
542,10231483
543,10231359
544,10231002
545,9420061
546,479444102
547,479443423
548,479442402
549,479441824
550,8619452
551,10226786
552,9416089
553,479426442
554,10226584
555,10226500
556,479421662
557,479421010
558,479420714
559,479419902
560,479419638
561,479418457
562,479415335
563,479413815
564,479413395
565,479413017
566,479412629
567,10209417
568,10209253
569,8604886
570,10208941
571,479348134
572,479347211
573,479345776
574,479332366
575,479330474
576,479329495
577,479316605
578,479315951
579,479315268
580,479314578
581,9391242
582,10200038
583,10199914
584,10199778
585,479309295
586,479308561
587,479308016
588,479307523
589,479226222
590,479225491
591,479224027
592,479222695
593,479032101
594,479031425
595,479030162
596,479029548
597,9896828
598,9083305
599,477995332
600,9060452
601,9855343
602,8301267
603,9060083
604,8300455
605,477936619
606,9852840
607,477935964
608,477935257
609,9852486
610,477934222
611,9057599
612,9054790
613,9053554
614,9847876
615,9845199
616,8292834
617,9050586
618,8292546
619,8292368
620,9050127
621,8292235
622,9844119
623,9049868
624,9049538
625,9843553
626,8291445
627,477879531
628,477878725
629,477877359
630,477866707
631,9040690
632,9833803
633,477852620
634,9040173
635,8283002
636,8282005
637,8281796
638,8281650
639,9831532
640,477842928
641,477842279
642,9036203
643,8279530
644,8279447
645,8279314
646,9827676
647,8278210
648,9827225
649,9827213
650,9034094
651,9826820
652,9826651
653,8277249
654,9826226
655,8277065
656,477819712
657,477819091
658,477819000
659,9032977
660,477818596
661,477818537
662,477818180
663,8276710
664,477818077
665,477817628
666,8276535
667,9825386
668,9032286
669,8275919
670,9824381
671,9823107
672,8274463
673,8274331
674,9822684
675,9822193
676,9029086
677,9028773
678,8272776
679,477789690
680,9026460
681,477788994
682,9026315
683,477787873
684,477787811
685,9818333
686,477787559
687,9025948
688,477787099
689,9818141
690,477786665
691,9025796
692,8270180
693,9817898
694,9025527
695,8270074
696,477784828
697,477784620
698,477784009
699,477783898
700,9817266
701,477783239
702,9817093
703,477782394
704,9816937
705,8269294
706,9816754
707,8269215
708,8269095
709,9816575
710,8269010
711,9024301
712,477779616
713,477779016
714,477778519
715,477778066
716,8266713
717,9021774
718,9813616
719,9021531
720,477766990
721,477766421
722,477765754
723,9025815
724,9020773
725,9812519
726,9020554
727,477758824
728,477757302
729,477756916
730,477756189
731,477756060
732,477755656
733,477754972
734,477748588
735,477747706
736,477747105
737,477746635
738,477737421
739,8260279
740,477736737
741,9806111
742,477736435
743,477736184
744,9014536
745,9806000
746,477735726
747,477735624
748,9805920
749,9014350
750,8259824
751,477734597
752,8259731
753,8259641
754,8259628
755,9805434
756,477733144
757,9013944
758,9805284
759,8259482
760,477732585
761,8259422
762,477731964
763,9012204
764,9012105
765,9803153
766,8257702
767,477721456
768,477698659
769,477698002
770,477697333
771,9006296
772,477696666
773,8252483
774,9005967
775,477690248
776,477689247
777,477688403
778,477687815
779,477687150
780,477686871
781,477686428
782,477685538
783,477685052
784,9001147
785,9791264
786,8248077
787,8247987
788,477654086
789,477653485
790,477652746
791,477652246
792,477652079
793,477651303
794,477651073
795,477650430
796,477649366
797,477648768
798,9770022
799,9769937
800,9769813
801,477398996
802,477398470
803,477397850
804,477397192
805,477355153
806,477354622
807,477354091
808,477353490
809,476446345
810,476444613
811,476443643
812,476442705
813,9475308
814,9475197
815,9475100
816,8694932
817,7961258
818,9448756
819,8669699
820,9448410
821,9437264
822,476202051
823,476201400
824,476201123
825,476200520
826,476199400
827,476180449
828,476179688
829,476178578
830,476177316
831,476174471
832,476174065
833,476173630
834,476172661
835,9429244
836,7943082
837,9417950
838,8640927
839,9417091
840,9416821
841,476092663
842,476092225
843,476091686
844,8628262
845,9403638
846,9402690
847,9402571
848,8626834
849,476047133
850,8626746
851,7929827
852,8625333
853,9400400
854,9400108
855,7928276
856,476033541
857,476025057
858,7925923
859,9396251
860,476020339
861,476019168
862,476018121
863,476013315
864,476005449
865,476004954
866,476004519
867,476003954
868,9390498
869,9390241
870,7921607
871,475994333
872,8614966
873,475993441
874,9388034
875,8613373
876,7920101
877,9387441
878,9385989
879,8611509
880,8609661
881,7915905
882,475958310
883,8606208
884,475957802
885,7915757
886,475957242
887,7915618
888,475956315
889,475954939
890,475954709
891,475954240
892,475954237
893,475953623
894,475953613
895,475952962
896,475952847
897,475951950
898,9375987
899,9375786
900,475945415
901,9375331
902,475944888
903,475944859
904,7913703
905,8602841
906,8602825
907,475944340
908,8602790
909,475944214
910,7913571
911,475943855
912,8602605
913,8602549
914,475943292
915,475943207
916,475942666
917,8602362
918,475942110
919,9374392
920,9374272
921,475941517
922,9374103
923,8601831
924,9373773
925,8601576
926,475938155
927,475937581
928,475937013
929,475936410
930,475928440
931,475927178
932,7910537
933,9369365
934,7910422
935,7910354
936,475919952
937,8596602
938,7909602
939,9367747
940,475919071
941,7909500
942,475918438
943,8596153
944,8596143
945,475917804
946,9367219
947,9367187
948,7908959
949,475913383
950,475912282
951,475911670
952,9362899
953,7906743
954,475901110
955,475900494
956,7906590
957,475899800
958,8591602
959,475899059
960,7905584
961,9360034
962,9359721
963,7905150
964,9359492
965,9359230
966,8588917
967,9358556
968,9349581
969,8580878
970,9349275
971,8580571
972,475849356
973,475848728
974,475848159
975,475847533
976,7897976
977,9346175
978,8577938
979,8577802
980,7897648
981,8577587
982,8577481
983,9345371
984,475838301
985,475837785
986,7893327
987,8570513
988,8570386
989,8570238
990,475808117
991,475807473
992,475806632
993,475805829
994,475767818
995,475767612
996,475766899
997,475766469
998,9325304
999,475765672
1000,475764780
1001,475764610
1002,8547888
1003,8547784
1004,9311558
1005,7877097
1006,9303313
1007,7871330
1008,9302989
1009,8539464
1010,475638494
1011,475637827
1012,475637253
1013,475636621
1014,7866866
1015,8533808
1016,8533656
1017,7866606
1018,7866520
1019,8517065
1020,475548879
1021,475548213
1022,475547576
1023,475547062
1024,475491825
1025,475491005
1026,475490323
1027,475489460
1028,474924939
1029,474924287
1030,474923630
1031,474922472
1032,8996614
1033,7645815
1034,474357102
1035,474356046
1036,7607823
1037,8942115
1038,8188275
1039,8188114
1040,8184276
1041,8183909
1042,8183746
1043,8936811
1044,7598979
1045,8929091
1046,8175924
1047,8175221
1048,474237803
1049,474237222
1050,474236389
1051,474235454
1052,474234594
1053,474234091
1054,474233616
1055,474232999
1056,8925357
1057,8925242
1058,8925111
1059,8172260
1060,8924959
1061,7595613
1062,8924567
1063,8924424
1064,8171555
1065,8171350
1066,7595010
1067,8923090
1068,8170014
1069,8169893
1070,8169612
1071,7593635
1072,7593505
1073,8169174
1074,7593007
1075,7592836
1076,8920440
1077,7592282
1078,474212347
1079,474211781
1080,474210771
1081,474210062
1082,8164161
1083,8164031
1084,8915359
1085,8915270
1086,7588513
1087,8162639
1088,8162445
1089,8914674
1090,8914417
1091,8152444
1092,8904213
1093,474164282
1094,474163619
1095,474163104
1096,474162915
1097,474162818
1098,474162586
1099,474162267
1100,474161609
1101,474160706
1102,8149840
1103,8149684
1104,8901353
1105,8900995
1106,8148839
1107,474154839
1108,474149556
1109,474148862
1110,8146283
1111,474148168
1112,8898031
1113,474147486
1114,474147448
1115,474145277
1116,474144822
1117,7574922
1118,474144224
1119,474143987
1120,474143254
1121,474142569
1122,474141912
1123,7573703
1124,7573607
1125,8143069
1126,474138843
1127,8142926
1128,474138078
1129,474137306
1130,474136560
1131,7572754
1132,8893664
1133,7572555
1134,7572303
1135,474133376
1136,8141274
1137,8141193
1138,8141159
1139,474132750
1140,7571886
1141,8892488
1142,8140959
1143,474132000
1144,8892244
1145,7571434
1146,8139402
1147,8139233
1148,7570465
1149,7570346
1150,8139043
1151,7570200
1152,8890204
1153,8138575
1154,8887778
1155,8887339
1156,8135829
1157,7567683
1158,8135562
1159,8886785
1160,8135333
1161,8886184
1162,7565335
1163,474107580
1164,8883611
1165,7565112
1166,8132158
1167,8132018
1168,8131534
1169,7564357
1170,8882329
1171,474103957
1172,7564265
1173,474103371
1174,8130985
1175,474102850
1176,7564067
1177,474102338
1178,474100370
1179,474099841
1180,474099769
1181,474099450
1182,474099266
1183,8129628
1184,474098866
1185,8880575
1186,474098669
1187,474097984
1188,8877757
1189,474090248
1190,474089761
1191,474089273
1192,7557898
1193,7557612
1194,7557498
1195,8122251
1196,8122128
1197,8120496
1198,8120335
1199,8119969
1200,8119621
1201,7553449
1202,7553272
1203,8116418
1204,474058969
1205,7552779
1206,474058342
1207,474057837
1208,474057327
1209,474056835
1210,474038527
1211,474037896
1212,474037379
1213,474036770
1214,474016606
1215,474015932
1216,474015154
1217,474014207
1218,474001064
1219,8846451
1220,7538000
1221,7537865
1222,8845709
1223,8845575
1224,8845265
1225,473994664
1226,7537350
1227,473993360
1228,473992706
1229,473991864
1230,473956460
1231,473955640
1232,473953207
1233,8831530
1234,473952525
1235,8831344
1236,473952085
1237,8082496
1238,8831010
1239,473950721
1240,473949396
1241,473948001
1242,473939771
1243,473938879
1244,473925413
1245,473884252
1246,473883605
1247,473883035
1248,473881814
1249,473873964
1250,473873399
1251,473872803
1252,473870810
1253,8431933
1254,8431792
1255,8431652
1256,7237518
1257,6276162
1258,6275893
1259,467339789
1260,467338646
1261,467337763
1262,467337070
1263,5982429
1264,465841203
1265,465840600
1266,465838050
1267,465837011
1268,465836356
1269,6530177
1270,5858343
1271,5964423
1272,5858165
1273,463833232
1274,463832622
1275,6024499
1276,6024355
1277,461697198
1278,461696784
1279,461696157
1280,461695566
1281,459912734
1282,459912235
1283,459911654
1284,459911119
1285,455284245
1286,453283250
1287,453281617
1288,453280432
1289,453278491
1290,451610337
1291,451609783
1292,451609357
1293,451608865
1294,449941104
1295,449940403
1296,449939396
1297,449938437
1298,448138174
1299,448137727
1300,448137020
1301,448136594
1302,443710258
1303,443709764
1304,443709279
1305,443708782
1306,441858552
1307,441858076
1308,441857634
1309,441857187
1310,440245927
1311,440245462
1312,440244931
1313,440243877
1314,438711083
1315,438704232
1316,438703299
1317,438693496
1318,437174451
1319,437173571
1320,437172752
1321,437172049
1322,437171261
1323,429373394
1324,429372836
1325,429372337
1326,429371444
1327,427749215
1328,427748438
1329,427747822
1330,427747107
1331,426119480
1332,426118975
1333,426118430
1334,426117074
1335,421347845
1336,421345112
1337,421344542
1338,421343748
1339,418663543
1340,418662586
1341,418661157
1342,418660266
1343,860998
1344,416550178
1345,27483499
1346,416548319
1347,413708564
1348,413707794
1349,413706628
1350,413704536
1351,410989872
1352,410988947
1353,410988094
1354,410987291
1355,403350707
1356,403348482
1357,403347425
1358,403346253
1359,400693542
1360,400692677
1361,400691904
1362,400690917
1363,395701487
1364,395700517
1365,395699878
1366,395699016
1367,393311878
1368,393311155
1369,393310202
1370,393309245
1371,385707522
1372,385705648
1373,385704600
1374,385703771
1375,383189086
1376,383187265
1377,383186145
1378,383185278
1379,381395621
1380,381394471
1381,381393323
1382,381390768
1383,378615356
1384,378614751
1385,378614044
1386,378612528
1387,376185995
1388,376184077
1389,376183293
1390,376181860
1391,366198493
1392,366172535
1393,366171757
1394,366170832
1395,366168894
1396,363944129
1397,363943442
1398,363941283
1399,363939561
1400,5879585
1401,361526962
1402,361525418
1403,361524011
1404,359204313
1405,359203695
1406,359202720
1407,359202037
1408,351917235
1409,351915404
1410,351913373
1411,351911943
1412,351910682
1413,351903590
1414,351901352
1415,346815919
1416,346814863
1417,346813993
1418,346813219
1419,344234597
1420,344233704
1421,344232868
1422,344232096
1423,341513352
1424,341512585
1425,341511794
1426,341511071
1427,333815687
1428,333814766
1429,333813881
1430,333811134
1431,330964596
1432,330963718
1433,330961467
1434,330960361
1435,325561861
1436,325561169
1437,325559854
1438,325557669
1439,323119147
1440,323117879
1441,323116442
1442,323115605
1443,315072495
1444,315070051
1445,315069117
1446,315068031
1447,312406271
1448,312404261
1449,312402186
1450,312399959
1451,312398785
1452,309598104
1453,309596921
1454,309595605
1455,309594860
1456,307533426
1457,307532337
1458,307531273
1459,307530451
1460,305147800
1461,305146275
1462,305144769
1463,305142530
1464,297984467
1465,297983763
1466,297982965
1467,297982281
1468,295457479
1469,295456462
1470,295455640
1471,295454720
1472,294819035
1473,294818847
1474,294818611
1475,294818372
1476,294329061
1477,294328568
1478,294328461
1479,294328184
1480,293876741
1481,293876529
1482,293876022
1483,293875764
1484,293875396
1485,289735072
1486,289734485
1487,289734009
1488,287908419
1489,287907859
1490,287907238
1491,287906578
1492,287906016
1493,581332786
1494,581331866
1495,581330697
1496,581329915
1497,286364685
1498,286364151
1499,286363704
1500,286362890
1501,284941578
1502,284941048
1503,284940308
1504,284939783
1505,280447372
1506,280446771
1507,280444900
1508,280444150
1509,278933404
1510,278932272
1511,278931720
1512,278931186
1513,277481541
1514,277480804
1515,277480049
1516,277176951
1517,275717289
1518,275715156
1519,275713596
1520,275712369
1521,274060760
1522,274060357
1523,274059867
1524,274059455
1525,79466
1526,69772
1527,79043
1528,78959
1529,78760
1530,268141371
1531,268140947
1532,268140193
1533,268139746
1534,266946883
1535,266946167
1536,266945045
1537,266944437
1538,263711893
1539,263711229
1540,263710342
1541,263709428
1542,257909083
1543,257908225
1544,257906626
1545,257906103
1546,256301654
1547,256300273
1548,256299352
1549,256298520
1550,254802448
1551,254801848
1552,254801251
1553,254800506
1554,253378638
1555,253377998
1556,253377513
1557,253376857
1558,249131623
1559,249130825
1560,249130211
1561,249129642
1562,247453430
1563,247452735
1564,247452174
1565,247450810
1566,245878291
1567,245877842
1568,245877298
1569,245876864
1570,244597641
1571,244597080
1572,244596441
1573,244586081
1574,243019047
1575,243018561
1576,243018116
1577,243017629
1578,238564061
1579,238563486
1580,238562736
1581,238562163
1582,236898330
1583,236897487
1584,236891526
1585,236890677
1586,235386224
1587,235385840
1588,235385516
1589,235384981
1590,233774042
1591,233773598
1592,233772711
1593,233772308
1594,232268253
1595,232267562
1596,232266557
1597,232266044
1598,227637712
1599,227637160
1600,227636636
1601,227635916
1602,226186522
1603,226186036
1604,226185548
1605,226184810
1606,223362038
1607,223361527
1608,223360665
1609,223360155
1610,221898475
1611,221897884
1612,221896754
1613,221896359
1614,217861060
1615,217860336
1616,217859918
1617,217859500
1618,215060554
1619,215060169
1620,215059255
1621,215058822
1622,213545414
1623,213544937
1624,213543734
1625,213543173
1626,211759123
1627,211758512
1628,211757598
1629,211756969
1630,210374658
1631,210374458
1632,210374281
1633,210374125
1634,209893631
1635,209893507
1636,209893379
1637,209893276
1638,209443819
1639,209443717
1640,209443576
1641,209443429
1642,209033813
1643,209033636
1644,209033491
1645,209033225
1646,209033018
1647,208632187
1648,208631919
1649,208631694
1650,208631423
1651,206592508
1652,206592395
1653,206592269
1654,206592142
1655,206146845
1656,206146556
1657,206146389
1658,206146159
1659,206145927
1660,205255422
1661,205255164
1662,205254983
1663,205254803
1664,203918008
1665,203917654
1666,203917435
1667,203917162
1668,203527017
1669,203526789
1670,203521703
1671,203521463
1672,202892661
1673,202892427
1674,202892228
1675,202891904
1676,202415263
1677,202415077
1678,202414641
1679,2478531
1680,201905179
1681,201904905
1682,201904707
1683,201904452
1684,200469733
1685,200469497
1686,200469292
1687,200469054
1688,200010524
1689,200010344
1690,200010171
1691,200009998
1692,199554242
1693,199554108
1694,199553966
1695,199553783
1696,199151837
1697,199151694
1698,199151520
1699,199145861
1700,198749982
1701,198749737
1702,198749521
1703,198749362
1704,197490788
1705,197490618
1706,197490425
1707,197490286
1708,2357475
1709,2393649
1710,2357267
1711,1869806
1712,1545323
1713,1925092
1714,1924970
1715,1979817
1716,196255015
1717,196254880
1718,196254766
1719,196254642
1720,195694239
1721,195694041
1722,195693820
1723,195693623
1724,193825176
1725,193824989
1726,193824744
1727,193824562
1728,193311787
1729,193311602
1730,193311473
1731,193306623
1732,192857345
1733,192857052
1734,192856922
1735,192856731
1736,192411404
1737,192411237
1738,192411042
1739,192410795
1740,190544006
1741,190543853
1742,190543693
1743,190543405
1744,190038915
1745,190038750
1746,190038457
1747,190038305
1748,189508652
1749,189508284
1750,189508089
1751,189507910
1752,189507680
1753,187388504
1754,187387837
1755,187386370
1756,187317702
1757,181061871
1758,181060805
1759,181059863
1760,181059048
1761,178986879
1762,178984241
1763,178982139
1764,178981139
1765,176876641
1766,176876027
1767,176875327
1768,176874640
1769,174701166
1770,174700312
1771,174696757
1772,174695493
1773,172545909
1774,172545235
1775,172544477
1776,172543778
1777,166677471
1778,166675836
1779,166674564
1780,166673050
1781,163734005
1782,163732265
1783,163731506
1784,163730064
1785,163729070
1786,161514497
1787,161513815
1788,161512700
1789,161512076
1790,159354442
1791,159352643
1792,159350661
1793,159349224
1794,147396670
1795,147395293
1796,147393237
1797,147391954
1798,147390937
1799,145308635
1800,145307182
1801,145305097
1802,145303797
1803,143141055
1804,143136505
1805,143135128
1806,143134110
1807,143133420
1808,140572522
1809,140571720
1810,140570807
1811,140569850
1812,134309568
1813,134308307
1814,134305755
1815,134304166
1816,131625649
1817,131624162
1818,131623216
1819,131622099
1820,131620182
1821,129641987
1822,129640740
1823,129639806
1824,126976537
1825,126975920
1826,126975271
1827,126974527
1828,118331903
1829,118331226
1830,118330516
1831,118329801
1832,115954728
1833,115953668
1834,115952748
1835,115951918
1836,115950991
1837,113405956
1838,113405154
1839,113404453
1840,113402727
1841,111382912
1842,111382035
1843,111380995
1844,111379717
1845,109003055
1846,109001721
1847,109000170
1848,108999293
1849,102176415
1850,102175384
1851,102174109
1852,102172822
1853,99669319
1854,99668446
1855,99666810
1856,99665838
1857,97497913
1858,97496990
1859,97496074
1860,97495220
1861,95109885
1862,95109086
1863,95107739
1864,95106759
1865,92963842
1866,92963143
1867,92962427
1868,92961714
1869,87016194
1870,87015268
1871,87014247
1872,87013147
1873,84653757
1874,84652730
1875,84651942
1876,84651049
1877,82988668
1878,82987578
1879,82986853
1880,82985874
1881,80480862
1882,80479752
1883,80478686
1884,80477577
1885,78587649
1886,78587023
1887,78586206
1888,78571890
1889,78570691
1890,78324646
1891,72478191
1892,70115328
1893,4681407
1894,13306242
1895,3843856
1896,3638737
1897,13071752
1898,4431253
1899,4431029
1900,68025627
1901,1156697
1902,9824494
1903,9824384
1904,9824254
1905,9464787
1906,9464670
1907,1031842
1908,1031768
1909,67024
1910,8315785
1911,8315678
1912,65588
1913,7561013
1914,2131726
1915,7560854
1916,9982966
1917,7224717
1918,1934676
1919,1934629
1920,7224456
1921,1750440
1922,6913292
1923,6913190
1924,1750272
1925,9289417
1926,1105763
1927,8137178
1928,1105534
1929,8136898
1930,5033165
1931,745625
1932,5032966
1933,7321019
1934,4608068
1935,6875132
1936,547604
1937,547571
1938,967134
1939,3026803
1940,4996064
1941,3026636
1942,346353087
1943,346352901
1944,346352676
1945,346352423
1946,345519951
1947,345519304
1948,345519005
1949,345518749
1950,3821887
1951,110778
1952,110773
1953,110761
1954,343487978
1955,343487545
1956,343487328
1957,343486907
1958,340668301
1959,340667995
1960,340667784
1961,340667488
1962,339704065
1963,339703845
1964,339703628
1965,339703387
1966,337556116
1967,337554339
1968,337554064
1969,337553785
1970,336641381
1971,336640592
1972,336640140
1973,336639713
1974,3067960
1975,3067869
1976,129781
1977,3067408
1978,104772
1979,104767
1980,104764
1981,2645236
1982,330732150
1983,330731857
1984,330731668
1985,330731485
1986,1495346
1987,2869557
1988,1495179
1989,57614
1990,947199
1991,489760
1992,946947
1993,19129
1994,6661
1995,159752
1996,310640
1997,159566
1998,4408020
1999,5525427
2000,5525020
2001,4408001
2002,5104168
2003,5104003
2004,4099376
2005,4099297
2006,4523945
2007,4724822
2008,3721518
2009,3721438
2010,4523387
2011,3812962
2012,2953918
2013,3812778
2014,3812683
2015,2620551
2016,2620496
2017,3223351
2018,3223291
2019,3018819
2020,2852240
2021,3018673
2022,3018492
2023,2685952
2024,2685828
2025,2685755
2026,2050754
2027,2368184
2028,14081971
2029,14081132
2030,14079364
2031,14078738
2032,314845926
2033,314768060
2034,314767762
2035,314767511
2036,314767272
2037,313437098
2038,313436814
2039,798586
2040,546506
2041,312187809
2042,312187432
2043,312187023
2044,312186758
2045,311050955
2046,311050644
2047,311050264
2048,311049979
2049,309826529
2050,309826292
2051,309826080
2052,309825651
2053,306433951
2054,306433718
2055,306433460
2056,306433161
2057,305289537
2058,305289074
2059,305288765
2060,305288476
2061,304429530
2062,304429051
2063,304428642
2064,304428135
2065,302902573
2066,302902368
2067,302902106
2068,302901885
2069,302076669
2070,302076323
2071,302050697
2072,302050246
2073,299083385
2074,299083133
2075,299082938
2076,299082670
2077,297996855
2078,297996537
2079,297996257
2080,297995891
2081,297105894
2082,297105642
2083,297105308
2084,297104977
2085,295060286
2086,295059883
2087,295059430
2088,295059136
2089,295058835
2090,290748411
2091,290723526
2092,290723180
2093,78591
2094,9675071
2095,9674972
2096,9674872
2097,9674774
2098,9383429
2099,9352026
2100,9351895
2101,9351808
2102,9383113
2103,9034561
2104,9067488
2105,9067355
2106,9032861
2107,7958094
2108,7957949
2109,7957830
2110,7957741
2111,7598586
2112,7598497
2113,7598281
2114,7597690
2115,7274984
2116,7274466
2117,7274332
2118,7311856
2119,6957787
2120,6920705
2121,6920636
2122,6920557
2123,5226952
2124,5188474
2125,5188360
2126,5226580
2127,4731240
2128,4770057
2129,4770000
2130,4769938
2131,4769873
2132,4448789
2133,4448707
2134,4409757
2135,4448559
2136,2623600
2137,2661867
2138,2661759
2139,2623307
2140,262351669
2141,262351072
2142,262350703
2143,262350253
2144,133306
2145,133164
2146,161340
2147,132930
2148,18445103
2149,18151562
2150,18151490
2151,18151405
2152,17873874
2153,17873802
2154,17873734
2155,18158396
2156,250991793
2157,17601098
2158,250991159
2159,250990878
2160,249246092
2161,249244040
2162,249243613
2163,249242914
2164,245480234
2165,245480001
2166,245479659
2167,245479371
2168,16543105
2169,16266050
2170,243996611
2171,243994342
2172,243993735
2173,243992198
2174,243504837
2175,243504461
2176,243504072
2177,243503578
2178,242012192
2179,242011818
2180,242011427
2181,242010692
2182,240459573
2183,240459198
2184,240458884
2185,240458558
2186,236358861
2187,236358471
2188,236357970
2189,236357288
2190,234953272
2191,234953016
2192,234952762
2193,234952465
2194,234952111
2195,233560775
2196,233560286
2197,233559783
2198,233559314
2199,231907385
2200,231906677
2201,231906059
2202,231903185
2203,231902839
2204,230854811
2205,230854050
2206,13652387
2207,13652318
2208,13652247
2209,230500693
2210,226637414
2211,226636752
2212,226636053
2213,226635404
2214,225032484
2215,225032144
2216,225031747
2217,225031147
2218,223655818
2219,223655404
2220,223654953
2221,223654487
2222,221828585
2223,221827740
2224,221827257
2225,221826943
2226,221826644
2227,220797314
2228,220796969
2229,220796523
2230,220795987
2231,217147438
2232,217125715
2233,217125448
2234,217125111
2235,217124634
2236,215890448
2237,215890210
2238,215889896
2239,215889414
2240,215888969
2241,214450745
2242,214450447
2243,214450042
2244,214449562
2245,213350571
2246,213350307
2247,213350028
2248,213349722
2249,212130346
2250,212130101
2251,212129836
2252,212129553
2253,207959087
2254,207958589
2255,207958290
2256,207957896
2257,207055600
2258,206757372
2259,206757111
2260,206756826
2261,206657070
2262,205454393
2263,205454024
2264,205453731
2265,205453416
2266,204189585
2267,204189307
2268,204189065
2269,204188693
2270,202953213
2271,202952951
2272,7820337
2273,202951636
2274,199166039
2275,6891185
2276,199044845
2277,199044443
2278,199044041
2279,199043636
2280,6606818
2281,6606742
2282,6606648
2283,197895597
2284,196661265
2285,196660946
2286,196660633
2287,196660275
2288,195185962
2289,195185677
2290,195185314
2291,195184885
2292,194023522
2293,194016261
2294,194014935
2295,194014498
2296,194014196
2297,190398848
2298,190398431
2299,190398161
2300,190397446
2301,188952223
2302,188951943
2303,188951674
2304,188951390
2305,186524424
2306,186524097
2307,186523673
2308,186523278
2309,185394139
2310,185393766
2311,185393107
2312,185392555
2313,181461736
2314,181461326
2315,181461003
2316,181460689
2317,180207512
2318,180207135
2319,180206740
2320,180206325
2321,179083965
2322,179083707
2323,179083250
2324,179082893
2325,177828259
2326,177827950
2327,177827645
2328,177827348
2329,176622122
2330,176621642
2331,176619885
2332,176619313
2333,172898242
2334,172898002
2335,172897639
2336,172897307
2337,170410440
2338,170410224
2339,170409975
2340,170409605
2341,1678175
2342,1678115
2343,1678042
2344,1677960
2345,1677877
2346,1324043
2347,1323950
2348,1323842
2349,1322516
2350,164710356
2351,164709858
2352,164709456
2353,164708970
2354,163193324
2355,163193068
2356,163192818
2357,163192538
2358,161670433
2359,161670046
2360,161669563
2361,161669105
2362,5108311
2363,5108262
2364,5108099
2365,5107961
2366,5107892
2367,4931693
2368,4931617
2369,4931560
2370,4931502
2371,4255264
2372,4255230
2373,4255187
2374,4255130
2375,4015059
2376,4015014
2377,4014972
2378,4014931
2379,3505169
2380,3505119
2381,3505081
2382,3505016
2383,3270667
2384,3270617
2385,3270561
2386,3270483
2387,2549916
2388,2549857
2389,2549768
2390,2517328
2391,2245699
2392,2133398
2393,2133243
2394,2133197
2395,2133140
2396,2133076
2397,1617056
2398,1616963
2399,1616800
2400,1616644
2401,1616359
2402,142087828
2403,1325201
2404,1325049
2405,1324815
2406,1324736
2407,1070296
2408,1070240
2409,1070178
2410,1070134
2411,327761
2412,327700
2413,327628
2414,327561
2415,40709
2416,1211481
2417,1211422
2418,1209411
2419,1209321
2420,782106
2421,782010
2422,781930
2423,781830
2424,366033
2425,365961
2426,365830
2427,365735
2428,365664
2429,365589
2430,365457
2431,131123900
2432,131123848
2433,131123793
2434,131123739
2435,201458
2436,200556
2437,200429
2438,200251
2439,200110
2440,199908
2441,11427744
2442,11427652
2443,11427537
2444,11427423
2445,10954733
2446,10949163
2447,10949039
2448,10948926
2449,10948792
2450,10460095
2451,10459989
2452,10459884
2453,10459749
2454,10000679
2455,10000279
2456,10000165
2457,10000068
2458,9999105
2459,8549125
2460,8549010
2461,8548913
2462,8548775
2463,8063278
2464,8063194
2465,8063068
2466,8062900
2467,7526429
2468,7526304
2469,7526136
2470,7526011
2471,6569126
2472,6568978
2473,6568878
2474,6568764
2475,5114895
2476,5114744
2477,5114450
2478,5114158
2479,4499929
2480,4415172
2481,4375746
2482,4375652
2483,4375539
2484,4375397
2485,3993889
2486,3993747
2487,3993613
2488,3993445
2489,3499251
2490,3499103
2491,3499006
2492,3498878
2493,3071751
2494,3071649
2495,3071551
2496,3042149
2497,3040322
2498,1155408
2499,1145388
2500,671841
2501,671550
2502,671251
2503,670917
2504,299079
2505,298922
2506,298542
2507,298368
2508,261831
2509,2468053
2510,2467823
2511,2467656
2512,2458634
2513,1950183
2514,1950099
2515,1950012
2516,1949897
2517,1665216
2518,1665109
2519,1665014
2520,1664909
2521,99312521
2522,99312170
2523,99311809
2524,99311467
2525,98065883
2526,98065455
2527,98065110
2528,98064737
2529,97474658
2530,97474327
2531,97473946
2532,97473629
2533,95529944
2534,95529521
2535,92700597
2536,92700340
2537,92700064
2538,92699694
2539,91757206
2540,91756899
2541,91756598
2542,91755918
2543,90804151
2544,90803420
2545,89849154
2546,2213442
2547,2213299
2548,1491347
2549,1491144
2550,235502
2551,235201
2552,235421
2553,234849
2554,2708277
2555,2696727
2556,3429086
2557,2696430
2558,3428871
2559,1296179
2560,1296022
2561,1295839
2562,1295680
2563,885289
2564,885133
2565,1689575
2566,884758
2567,1328202
2568,469099
2569,1327763
2570,1327576
2571,44948
2572,1008710
2573,44396
2574,44312
2575,44040
2576,75471
2577,622839
2578,75323
2579,622616
2580,74403260
2581,74402934
2582,74402494
2583,74401790
2584,73523553
2585,73523018
2586,73522706
2587,73522361
2588,72671892
2589,72671574
2590,72671305
2591,72665681
2592,72665345
2593,71684869
2594,71684285
2595,71683741
2596,71682185
2597,68340713
2598,68340345
2599,68339891
2600,68339052
2601,67511614
2602,67511064
2603,67510775
2604,67510255
2605,62983374
2606,62982907
2607,62982632
2608,62982230
2609,62054433
2610,62053730
2611,62052947
2612,62052672
2613,61012116
2614,61011785
2615,61011470
2616,61011056
2617,60125969
2618,60125651
2619,60125314
2620,60124983
2621,59260547
2622,59260038
2623,59259480
2624,59258617
2625,56719431
2626,56719105
2627,56718829
2628,56718450
2629,55885863
2630,55885353
2631,55885088
2632,55884742
2633,285435
2634,393905
2635,285434
2636,285431
2637,391494
2638,391493
2639,391492
2640,391491
2641,50465871
2642,50465576
2643,50465203
2644,50464877
2645,49659054
2646,49658438
2647,49658127
2648,49657871
2649,48847865
2650,48847165
2651,48846870
2652,48846291
2653,48182041
2654,48181542
2655,48181129
2656,48180678
2657,375407
2658,270604
2659,375389
2660,270596
2661,47158389
2662,47157900
2663,47157543
2664,47157286
2665,43566078
2666,43565505
2667,43564940
2668,43564501
2669,42575682
2670,42575165
2671,42574483
2672,42564260
2673,40869233
2674,40868352
2675,40867818
2676,40867394
2677,347563
2678,249361
2679,249360
2680,249359
2681,37858824
2682,37858168
2683,37857579
2684,37856895
2685,35996476
2686,35995617
2687,35994200
2688,35993624
2689,35993058
2690,35038748
2691,35037380
2692,35036567
2693,35034089
2694,35025602
2695,234289
2696,326452
2697,32026181
2698,32025599
2699,31234679
2700,31233580
2701,31231472
2702,31230975
2703,30277919
2704,30277508
2705,30277089
2706,30276652
2707,26501702
2708,26501210
2709,26500739
2710,26500355
2711,25729337
2712,25728728
2713,25727992
2714,25727306
2715,25726534
2716,25725196
2717,25724794
2718,24220217
2719,24219608
2720,24218607
2721,24217547
2722,24216979
2723,24216109
2724,23485304
2725,23483520
2726,23482532
2727,23481869
2728,23481304
2729,23480701
2730,21304423
2731,21303873
2732,21303381
2733,21302889
2734,19690945
2735,19690209
2736,19689866
2737,19689337
2738,18898009
2739,18897578
2740,18897020
2741,18896252
2742,18733338
2743,18733309
2744,18733293
2745,18733269
2746,18634603
2747,18634571
2748,18634556
2749,18634539
2750,191521
2751,191519
2752,191517
2753,191514
2754,18573106
2755,18573080
2756,18573061
2757,18573034
2758,18539325
2759,18539307
2760,18539285
2761,18539269
2762,18501885
2763,18501856
2764,18501824
2765,18501795
2766,18325419
2767,18325374
2768,18325336
2769,18325310
2770,18260818
2771,18260784
2772,18260733
2773,18259595
2774,18204395
2775,18204360
2776,18204316
2777,18204272
2778,17929947
2779,17929893
2780,17929847
2781,17929796
2782,17872977
2783,17872935
2784,17872817
2785,17872792
2786,17832399
2787,17832370
2788,17832341
2789,17832325
2790,17800470
2791,17800451
2792,17800424
2793,17800405
2794,17701361
2795,17701330
2796,17701295
2797,17701237
2798,17656155
2799,17656127
2800,17656093
2801,17656056
2802,147492
2803,147490
2804,208518
2805,208517
2806,17578721
2807,17578676
2808,17578655
2809,17578633
2810,17431907
2811,17431847
2812,17431819
2813,17431741
2814,17393318
2815,17393296
2816,17393273
2817,17393235
2818,17393203
2819,17358650
2820,17358637
2821,17358609
2822,17358579
2823,17358551
2824,17324405
2825,17324308
2826,17324274
2827,17324255
2828,182408
2829,127330
2830,182407
2831,182405
2832,125130
2833,179445
2834,125127
2835,125126
2836,17115066
2837,17115009
2838,17114946
2839,17114905
2840,17056931
2841,17056878
2842,17056836
2843,17056759
2844,16990507
2845,16990414
2846,16990377
2847,16990346
2848,16784234
2849,16784192
2850,16784122
2851,16784082
2852,16732847
2853,16732772
2854,16732751
2855,16732718
2856,16678260
2857,16678237
2858,16678211
2859,16678085
2860,153257
2861,107525
2862,153256
2863,16639390
2864,16639349
2865,16606276
2866,16606256
2867,16606233
2868,16606218
2869,16519026
2870,16518991
2871,16518969
2872,16518947
2873,16459983
2874,16459967
2875,16459947
2876,16459927
2877,16430269
2878,16430250
2879,16430230
2880,16430197
2881,16400150
2882,16400121
2883,16400099
2884,16400063
2885,16306416
2886,16306388
2887,16306357
2888,16306333
2889,16274588
2890,16274548
2891,16274478
2892,16274458
2893,16242747
2894,16242700
2895,16242674
2896,16242650
2897,16204302
2898,16204286
2899,16204206
2900,16204184
2901,86163
2902,124184
2903,124183
2904,86157
2905,16084661
2906,16084635
2907,16084606
2908,16084587
2909,16043276
2910,16043258
2911,16043232
2912,16043210
2913,16006553
2914,16006519
2915,16006484
2916,16006361
2917,16006330
2918,15910348
2919,15910307
2920,15910218
2921,15910166
2922,15716712
2923,15716664
2924,15716620
2925,15716577
2926,15642573
2927,15642491
2928,15642449
2929,15642404
2930,15584275
2931,15584243
2932,15584219
2933,15584196
2934,15535242
2935,15535193
2936,15535118
2937,15535072
2938,15487867
2939,15487836
2940,15487805
2941,15487774
2942,15406139
2943,15406098
2944,15406075
2945,15406046
2946,15406021
2947,15376554
2948,15376530
2949,15376487
2950,15376451
2951,15345727
2952,15345704
2953,15287566
2954,15287506
2955,15287467
2956,15287431
2957,15201811
2958,15201790
2959,15201751
2960,15201729
2961,15144170
2962,15144077
2963,15144059
2964,15144028
2965,15144011
2966,15115801
2967,15115769
2968,15115751
2969,15115721
2970,15115700
2971,15087202
2972,15087173
2973,15087151
2974,15087110
2975,14886342
2976,14886318
2977,14886276
2978,14886256
2979,14886227
2980,14616780
2981,14616724
2982,14616676
2983,14616627
2984,14497098
2985,14497059
2986,14497022
2987,14496969
2988,14452030
2989,14451995
2990,14451967
2991,14451946
2992,14338485
2993,14338463
2994,14338425
2995,14338398
2996,14304948
2997,14304922
2998,14300138
2999,14300114
3000,14300090
3001,14300073
3002,14266119
3003,14266084
3004,14266064
3005,14266054
3006,14231237
3007,14231205
3008,14231154
3009,14231140
3010,14203928
3011,14203898
3012,14203252
3013,14203216
3014,14117369
3015,14117011
3016,14116977
3017,14116953
3018,14116929
3019,14085124
3020,14084997
3021,14084979
3022,14084960
3023,14084923
3024,14030722
3025,14030694
3026,14030671
3027,14030639
3028,14002045
3029,14002023
3030,14002012
3031,14001994
3032,14001962
3033,13923001
3034,13922985
3035,13922968
3036,13922943
3037,13837130
3038,13837102
3039,13837086
3040,13837067
3041,13805261
3042,13805227
3043,13805201
3044,13805183
3045,13720923
3046,13720906
3047,13720885
3048,13720867
3049,13691703
3050,13691678
3051,13691650
3052,13691632
3053,13613377
3054,13613349
3055,13613322
3056,13613293
3057,13564500
3058,13564459
3059,13564413
3060,13564374
3061,13338291
3062,13338152
3063,13338050
3064,13337934
3065,13255170
3066,13255110
3067,13255074
3068,13255039
3069,13141094
3070,13141065
3071,13141019
3072,13140991
3073,13088715
3074,13088690
3075,13088645
3076,13088556
3077,13088538
3078,13088520
3079,13058224
3080,13058189
3081,13058109
3082,13058072
3083,13030122
3084,13030105
3085,13030092
3086,13030072
3087,12915096
3088,12915080
3089,12915059
3090,12915035
3091,12891204
3092,12891179
3093,12891158
3094,12891138
3095,12891123
3096,12861841
3097,12861824
3098,12861806
3099,12861780
3100,12830068
3101,12830050
3102,12830036
3103,12830023
3104,12789821
3105,12789800
3106,12789782
3107,12789760
3108,12594166
3109,12594105
3110,12594068
3111,12594042
3112,12521831
3113,12521791
3114,12521748
3115,12521686
3116,12501873
3117,12501868
3118,12501862
3119,12501856
3120,133972
3121,133956
3122,9342
3123,133943
3124,8864
3125,126030
3126,126024
3127,126015
3128,2015
3129,21050
3130,21045
3131,1275
3132,1094
3133,1843656
3134,1843590
3135,1843513
3136,834372
3137,834133
3138,481035
3139,8712208
3140,8712167
3141,8711747
3142,8410665
3143,8410615
3144,8410536
3145,8605737
3146,8605546
3147,8261102
3148,8474088
3149,8135269
3150,8120320
3151,7696409
3152,8018908
3153,8018750
3154,7739746
3155,7739718
3156,7739577
3157,7130914
3158,7130856
3159,7425921
3160,6644769
3161,6381824
3162,6642611
3163,6218887
3164,6469501
3165,6218774
3166,63743673
3167,63742500
3168,63741237
3169,63740529
3170,59984293
3171,59983397
3172,59982199
3173,59980941
3174,59913767
3175,58157199
3176,58156316
3177,58155569
3178,58154040
3179,52236347
3180,52235357
3181,52234035
3182,52233120
3183,50210038
3184,50208609
3185,50207747
3186,50206892
3187,46383327
3188,46382106
3189,46381359
3190,46380376
3191,44471402
3192,44470406
3193,44469668
3194,44468853
3195,38553989
3196,38552789
3197,38550449
3198,38549518
3199,36352631
3200,36351451
3201,36350558
3202,36349576
3203,34504830
3204,34503697
3205,34502772
3206,34501765
3207,30511857
3208,30510965
3209,30510040
3210,22701214
3211,22700234
3212,22699213
3213,22698274
3214,20570584
3215,20562170
3216,20532158
3217,20531216
3218,18461019
3219,18460022
3220,18458884
3221,18457837
3222,16239011
3223,16237812
3224,16236380
3225,16235338
3226,10021800
3227,9987425
3228,9986466
3229,9985202
3230,7932058
3231,7930976
3232,7929611
3233,7928748
3234,5897680
3235,5896079
3236,5894301
3237,5893380
3238,3917176
3239,3916378
3240,3915412
3241,3914485
3242,1908339
3243,1905414
3244,1904096
3245,1903088
3246,121565561
3247,121564539
3248,121563506
3249,121562475
3250,119594541
3251,119593602
3252,119592572
3253,119591400
3254,117531700
3255,117530826
3256,117529529
3257,117528710
3258,115268160
3259,115266097
3260,115265027
3261,115264003
3262,113238369
3263,113237246
3264,113236022
3265,113234539
3266,453393537
3267,453393402
3268,453393313
3269,453393208
3270,453239466
3271,453239383
3272,453239302
3273,453239202
3274,453072605
3275,453072429
3276,453072331
3277,453068268
3278,452923491
3279,452923234
3280,452923129
3281,452923001
3282,452773446
3283,452773352
3284,452773222
3285,452773134
3286,452146261
3287,452146101
3288,452145973
3289,452145864
3290,451974059
3291,451973951
3292,451973819
3293,451973706
3294,451754980
3295,451754867
3296,451754773
3297,451754646
3298,451524974
3299,451524819
3300,451524674
3301,451524354
3302,450872941
3303,450872809
3304,450872696
3305,450872534
3306,450621320
3307,450621173
3308,450620869
3309,450620473
3310,450619892
3311,450336928
3312,450336743
3313,450336527
3314,450336358
3315,450007190
3316,450004451
3317,450004254
3318,450003970
3319,449623451
3320,449623276
3321,449623095
3322,3968177
3323,449047907
3324,449047726
3325,449047550
3326,449047388
3327,448851277
3328,448851181
3329,448851073
3330,448645413
3331,448645203
3332,448645069
3333,448644891
3334,448508679
3335,448508582
3336,448508511
3337,448508414
3338,448361169
3339,448361068
3340,448360976
3341,448045538
3342,448045465
3343,448045355
3344,448045272
3345,447880757
3346,447880660
3347,447880588
3348,447880496
3349,447743244
3350,447743161
3351,447743062
3352,447742993
3353,447742827
3354,447598566
3355,447598426
3356,447598344
3357,447598269
3358,447454897
3359,447454752
3360,447454659
3361,447454574
3362,447454514
3363,447019302
3364,447019203
3365,447019104
3366,447019024
3367,446827945
3368,446827785
3369,446827626
3370,446827509
3371,446592799
3372,446592614
3373,446592464
3374,446592357
3375,446409048
3376,446408940
3377,446408845
3378,445859442
3379,445859332
3380,445859199
3381,445686893
3382,445686417
3383,445686292
3384,445686192
3385,445686087
3386,445136843
3387,445136579
3388,445136199
3389,445135886
3390,444808873
3391,444808708
3392,444808572
3393,444808361
3394,442608594
3395,442608493
3396,442608400
3397,442327570
3398,442327440
3399,442327302
3400,442327227
3401,442317056
3402,442316975
3403,442189934
3404,442189833
3405,442189711
3406,442189172
3407,442189050
Total Records Reject 485 
