Total Records Added 1200 
#.,ID
0,11681446
1,11681276
2,11681148
3,11830136
4,527585860
5,527585143
6,11678699
7,11827679
8,11826934
9,11826836
10,527577752
11,11677643
12,11677634
13,11826588
14,11677504
15,11677235
16,11676905
17,527573159
18,1840195
19,11824478
20,11675233
21,11823881
22,11674860
23,1839968
24,11674334
25,11674119
26,11822886
27,11822824
28,11822807
29,11822761
30,11822642
31,11673793
32,11673721
33,11673508
34,11822151
35,11821283
36,527554947
37,527554552
38,527554177
39,527553685
40,11818837
41,11818539
42,527542958
43,527540965
44,527540600
45,527540263
46,11668555
47,11814844
48,11666231
49,527524495
50,527523503
51,527513662
52,527513192
53,11810127
54,527512771
55,527512342
56,527512316
57,11661207
58,11661019
59,11809140
60,11660668
61,11806687
62,11658236
63,11657194
64,11657064
65,11656950
66,11656767
67,527492067
68,527490269
69,527489167
70,527487989
71,527482502
72,527481256
73,527480749
74,527480228
75,11651816
76,527473090
77,11650575
78,527468734
79,527461004
80,527460180
81,11796195
82,527459756
83,527459627
84,527459577
85,11648158
86,527459065
87,11648037
88,527458714
89,527458583
90,527458401
91,527457988
92,527457795
93,527457477
94,527457094
95,527456962
96,527456861
97,527456698
98,527456285
99,527455801
100,11645760
101,11793138
102,11645243
103,11788400
104,11788210
105,11639884
106,1835259
107,11638496
108,527422263
109,527421318
110,11785364
111,527418502
112,527417948
113,11637041
114,11783579
115,11783413
116,11635619
117,11783098
118,527407126
119,527401500
120,527400654
121,527400620
122,527400041
123,527398689
124,527397568
125,527396923
126,11777531
127,11629976
128,11777135
129,11776941
130,527380067
131,527379544
132,527379044
133,527378476
134,11622262
135,11769296
136,1832866
137,11768906
138,527359248
139,527356040
140,527353970
141,527352911
142,527352294
143,527351909
144,527351511
145,527350538
146,11759601
147,11612699
148,11759080
149,11612262
150,11758528
151,11611617
152,11611534
153,11757897
154,11611317
155,11756228
156,11755969
157,11608351
158,11754516
159,11607812
160,11607722
161,11607642
162,11607530
163,11607448
164,1830566
165,11604675
166,11750683
167,11604343
168,11593643
169,11593399
170,11592958
171,11738154
172,11590691
173,11735773
174,11735438
175,11590113
176,527193770
177,527190750
178,527188584
179,527187452
180,527186010
181,11718360
182,11574148
183,11717932
184,11717560
185,526085715
186,526084888
187,526082084
188,526075123
189,526074787
190,1779203
191,526074071
192,526073470
193,526072915
194,526072844
195,526072490
196,526072247
197,526069467
198,526069041
199,526057468
200,526053819
201,526052829
202,526051876
203,1778344
204,11235509
205,11366404
206,11366235
207,11229943
208,11365890
209,11227985
210,11363842
211,11227853
212,11363748
213,11363595
214,11227581
215,11363241
216,11362883
217,526012617
218,526011808
219,526011154
220,526010619
221,526001183
222,11358320
223,11358186
224,11222640
225,11357945
226,11353309
227,11353163
228,525972954
229,525971682
230,525970428
231,525969612
232,11215274
233,11215055
234,11349869
235,11214586
236,11349502
237,11214381
238,11349203
239,11349032
240,525947587
241,525947169
242,525946552
243,11208381
244,525936817
245,525936396
246,1774453
247,11200752
248,11200590
249,11333784
250,11197023
251,525892411
252,525891085
253,525890206
254,525888976
255,11327516
256,11194697
257,11194551
258,11326945
259,11193935
260,11326316
261,11326100
262,11193344
263,525872290
264,525871645
265,525870745
266,526081599
267,525869811
268,525869257
269,525868736
270,525867281
271,525865379
272,525863218
273,525862350
274,525858897
275,525858440
276,525858083
277,525857399
278,11186750
279,11186559
280,11186547
281,11186420
282,11318370
283,11318289
284,11186076
285,11185999
286,11185787
287,525842209
288,525841615
289,11182961
290,525841290
291,525841050
292,525840413
293,525840014
294,11182590
295,525840005
296,525839880
297,525839456
298,525839159
299,525838872
300,525836082
301,525835655
302,525835441
303,525834972
304,11181079
305,11180942
306,525829529
307,525829025
308,11311204
309,525828626
310,11311045
311,525936396
312,525828218
313,11310954
314,11310864
315,525819931
316,525819523
317,525818970
318,525818750
319,525818434
320,525817702
321,525817605
322,525817360
323,525816857
324,525816584
325,11175768
326,11306620
327,11306146
328,11174839
329,525789662
330,525789107
331,525788421
332,525787658
333,525744356
334,525743754
335,525743092
336,525742343
337,525735528
338,525734991
339,525734323
340,525733359
341,525732783
342,11277119
343,11276814
344,11276512
345,11147595
346,11143617
347,11143495
348,11143319
349,11271364
350,11142933
351,11271061
352,11270592
353,11142387
354,11142298
355,1765780
356,11270226
357,11270180
358,11270016
359,525657414
360,525656851
361,11254201
362,525621418
363,11127070
364,11126557
365,11253086
366,525540467
367,525539939
368,525539471
369,525538713
370,525286508
371,525285903
372,525284744
373,525282634
374,524784837
375,524783815
376,524782839
377,524781464
378,10975263
379,1725652
380,10974512
381,10974285
382,10843763
383,10957893
384,10841879
385,10955995
386,10948421
387,10948041
388,10832750
389,10947581
390,10832318
391,10947337
392,524681631
393,10832093
394,10946747
395,10830298
396,10830147
397,10829973
398,10944718
399,10941115
400,10940403
401,10824031
402,10823742
403,10920231
404,10806660
405,10919889
406,10806313
407,10917893
408,10804148
409,1717901
410,10803540
411,10907576
412,524533340
413,524532605
414,10905437
415,1716391
416,10904802
417,10904614
418,524528358
419,1715912
420,10901010
421,10900811
422,10900452
423,524510603
424,524506494
425,10785460
426,10897130
427,524493854
428,524493240
429,524492384
430,524491759
431,524490829
432,524489688
433,524488535
434,524482112
435,524481632
436,524481045
437,524480366
438,10891655
439,1714674
440,524359022
441,524358475
442,524357358
443,10745714
444,10853392
445,10745408
446,10745228
447,524325683
448,524310634
449,524310164
450,524309787
451,524309369
452,10842516
453,1708546
454,10841885
455,524286532
456,10730374
457,10729521
458,10836131
459,1707755
460,10835762
461,10834550
462,10834355
463,10834163
464,10834022
465,524254745
466,524253397
467,10830114
468,10829864
469,524252397
470,10829632
471,1706808
472,10828844
473,10722268
474,10828481
475,10828080
476,10721604
477,10721568
478,10721442
479,1706640
480,10827542
481,10721075
482,10827168
483,524230872
484,524229662
485,524225462
486,524224656
487,10715376
488,10821226
489,10715028
490,10714901
491,524219504
492,524218906
493,524218323
494,524218271
495,524217663
496,524216295
497,524215479
498,524197357
499,524196849
500,524196222
501,524195727
502,10808858
503,10703361
504,524178611
505,524177973
506,10703054
507,10808173
508,524175157
509,524174354
510,524174328
511,524173558
512,524172709
513,524172060
514,524170413
515,10700362
516,10697924
517,10696652
518,10801423
519,10801215
520,10801078
521,524133806
522,524132138
523,524132080
524,524131380
525,524130673
526,524129823
527,524128154
528,524127436
529,524090472
530,524088853
531,524087011
532,524085857
533,10666212
534,10769396
535,10769239
536,10665770
537,10767206
538,524029698
539,10663574
540,10663490
541,524005284
542,524003990
543,523869076
544,523866737
545,523866092
546,523865041
547,523864453
548,523863718
549,523526469
550,523526098
551,523525662
552,10384970
553,10384566
554,1645803
555,10286237
556,10322681
557,10322145
558,10226806
559,10226660
560,522518536
561,522517908
562,522517101
563,522509758
564,8930569
565,8838096
566,8837753
567,1438711
568,8836857
569,8830054
570,1437470
571,8826811
572,8826632
573,8826096
574,8853568
575,517823537
576,517822711
577,8852958
578,8793940
579,8851925
580,8850695
581,8850480
582,1432022
583,8790821
584,517749295
585,517572048
586,517571373
587,517570797
588,517570243
589,8732365
590,8787276
591,8787064
592,8786742
593,8728699
594,8782586
595,8727612
596,8715217
597,8715030
598,517486784
599,8714769
600,8768684
601,8714578
602,517485364
603,8714471
604,8714312
605,517484362
606,8714048
607,517483130
608,517482117
609,8766767
610,8712873
611,8712640
612,8712460
613,517470015
614,8710368
615,8710279
616,8763868
617,517467649
618,517467431
619,517466044
620,517465853
621,517464602
622,517463425
623,517463121
624,517462385
625,517461143
626,517458703
627,8761495
628,517458238
629,517455855
630,8707187
631,8706631
632,8706512
633,517445501
634,517442931
635,517441056
636,8755748
637,517435232
638,517434894
639,517433885
640,517433121
641,8695841
642,1418334
643,517405254
644,8747878
645,517404515
646,8694893
647,517367444
648,517366997
649,517366471
650,517365975
651,8734537
652,8682654
653,8682541
654,8682411
655,517334747
656,517333600
657,517332889
658,517332317
659,517323089
660,517321612
661,517320766
662,517318776
663,517317968
664,517317193
665,517316388
666,8722503
667,8671142
668,8666355
669,8666216
670,8716948
671,8716796
672,517295737
673,517295225
674,517294658
675,8715680
676,8664710
677,1414016
678,8714970
679,8664173
680,8714725
681,1413946
682,8663551
683,1413874
684,1413853
685,8713655
686,8713495
687,517284958
688,517284238
689,517282926
690,517282132
691,517260890
692,517259678
693,517259088
694,517258524
695,517191311
696,8637787
697,8637629
698,8637488
699,8632284
700,8680469
701,8672598
702,8672420
703,8672280
704,8672129
705,517126816
706,517125982
707,517125145
708,517123083
709,8663904
710,8616875
711,8663393
712,8663186
713,517084670
714,517083995
715,517083344
716,517082446
717,517079192
718,8601993
719,8601906
720,517044849
721,1405650
722,8646917
723,517043657
724,517042569
725,517040745
726,516811088
727,516810179
728,516809220
729,516808282
730,515875351
731,8269232
732,8228275
733,8268631
734,1354761
735,8267834
736,515783488
737,515782820
738,515781319
739,515780541
740,8232316
741,8193495
742,8192482
743,8191585
744,515725327
745,8229860
746,515724102
747,515722936
748,8229247
749,515720790
750,8189757
751,8228097
752,8189460
753,8227751
754,515706166
755,515705394
756,8184350
757,8222430
758,8183961
759,8183883
760,8221941
761,8221793
762,8183398
763,515688982
764,515687976
765,515687331
766,515686747
767,8181470
768,515684660
769,515684003
770,515682806
771,515682005
772,8176572
773,8174005
774,8211509
775,515656078
776,8173365
777,515654200
778,515651016
779,1345755
780,8163572
781,8200236
782,8199856
783,8162472
784,8162182
785,515610854
786,515610019
787,515609278
788,8198484
789,515606814
790,8195731
791,8195564
792,1344985
793,8195208
794,515549284
795,515548334
796,8145544
797,515547108
798,8181077
799,8180903
800,8145067
801,515545709
802,515541854
803,515541390
804,515540953
805,515540336
806,515539137
807,8143206
808,515536263
809,8177684
810,515504198
811,515503704
812,515503298
813,515502783
814,515499571
815,515498145
816,515497332
817,515496610
818,515470159
819,515469635
820,515469110
821,515468666
822,8153863
823,8119674
824,1339534
825,8153207
826,515447670
827,8118040
828,515445640
829,8117821
830,515444605
831,8151514
832,515443942
833,8117407
834,515443285
835,8150837
836,515442135
837,8116918
838,515441653
839,8116796
840,515441168
841,515429506
842,515428826
843,515427410
844,515426753
845,8110438
846,8143624
847,8143499
848,515416645
849,515415728
850,8109740
851,515415092
852,1338103
853,515414425
854,8109009
855,8142280
856,8141931
857,8137822
858,1337406
859,8104338
860,8104192
861,8137372
862,8136946
863,8136663
864,8135818
865,515388968
866,515388326
867,8135246
868,8134951
869,8134748
870,8101402
871,8134307
872,8101186
873,8134202
874,8134110
875,8133994
876,515365815
877,515365278
878,515364824
879,515364356
880,515352725
881,515351651
882,8085806
883,515324387
884,1334768
885,8111278
886,1334083
887,8110860
888,8110734
889,515299207
890,515297289
891,515296529
892,515295276
893,515292740
894,515291695
895,515290797
896,515289959
897,8068157
898,8068036
899,1332570
900,8098680
901,8097200
902,8097004
903,8065970
904,8096594
905,1332277
906,8065604
907,8096143
908,8096009
909,515142498
910,515141592
911,515140164
912,515139097
913,515068252
914,515067065
915,515066116
916,515065216
917,1326154
918,514907050
919,514764682
920,514763719
921,514762958
922,514761924
923,514314772
924,514313884
925,514312652
926,7694102
927,7679492
928,513826782
929,513826156
930,513825258
931,513824534
932,513823686
933,513822651
934,513809718
935,513808383
936,513807615
937,513806726
938,7649575
939,7662060
940,7652427
941,7652024
942,7639530
943,7651304
944,7651055
945,1272431
946,7650038
947,513736946
948,513735824
949,513730943
950,513730235
951,513729483
952,513728638
953,513718777
954,513718172
955,513717609
956,513717033
957,7637936
958,7626449
959,7637694
960,7636400
961,7636162
962,7635982
963,7633552
964,7633426
965,7622002
966,7621844
967,7621169
968,7620838
969,513675156
970,7630934
971,513674632
972,7619964
973,7630797
974,513674112
975,513673533
976,7630563
977,513669976
978,7629440
979,513669234
980,513668609
981,7618432
982,7618247
983,513667789
984,7617957
985,7617330
986,7627889
987,7627685
988,7616813
989,7615792
990,7626277
991,513649525
992,513647893
993,513646467
994,513645515
995,1268860
996,7622251
997,513641754
998,513641256
999,513640780
1000,513640294
1001,7620340
1002,7620039
1003,7619425
1004,513632961
1005,513632517
1006,513632053
1007,513631531
1008,7608171
1009,7605499
1010,7615517
1011,7615397
1012,7605145
1013,7603734
1014,7603648
1015,1267692
1016,7613660
1017,7603478
1018,7603451
1019,7613497
1020,7603340
1021,7603170
1022,513609409
1023,7612798
1024,7612593
1025,7601557
1026,7601371
1027,1267385
1028,7601108
1029,7601016
1030,7600920
1031,7600815
1032,1267300
1033,7600475
1034,7606710
1035,513581468
1036,513580745
1037,7595230
1038,513580031
1039,7594998
1040,7604034
1041,513578377
1042,7594541
1043,513569580
1044,513568805
1045,513564839
1046,513561922
1047,7589218
1048,7598067
1049,513556955
1050,1265664
1051,1265630
1052,513552886
1053,513552094
1054,513551349
1055,513550589
1056,7581209
1057,513528574
1058,7580843
1059,7589186
1060,1264604
1061,7588952
1062,7580463
1063,7588754
1064,7580304
1065,7580174
1066,513525119
1067,7588533
1068,7580008
1069,7579964
1070,513524278
1071,7579771
1072,7579622
1073,7579439
1074,513520447
1075,513519910
1076,513513752
1077,513512931
1078,513512237
1079,513511366
1080,513510375
1081,513509775
1082,7584044
1083,513509033
1084,7575744
1085,513508285
1086,7575547
1087,7575075
1088,7574900
1089,7569393
1090,7577201
1091,7577100
1092,7576808
1093,1263028
1094,7568745
1095,7568398
1096,7568156
1097,7567909
1098,1259521
1099,7548105
1100,7547949
1101,7542178
1102,513352696
1103,513351429
1104,513351005
1105,7540779
1106,513198515
1107,513197539
1108,513195864
1109,513194794
1110,513144631
1111,513143587
1112,513142635
1113,513141403
1114,512925225
1115,512923588
1116,512922763
1117,512922037
1118,512921199
1119,512605835
1120,512605589
1121,512605252
1122,512605024
1123,511943751
1124,511942930
1125,511941761
1126,511940689
1127,7103603
1128,7103382
1129,7102655
1130,7102304
1131,511853642
1132,511852847
1133,7099308
1134,7099066
1135,511851014
1136,1196671
1137,511850132
1138,1196627
1139,7096435
1140,7092614
1141,7091793
1142,7091538
1143,7093823
1144,7090104
1145,7089953
1146,7093416
1147,7092956
1148,7092845
1149,7092740
1150,7092540
1151,7088272
1152,511776985
1153,511776250
1154,7076263
1155,7079883
1156,7075633
1157,7079016
1158,511752187
1159,511727352
1160,511726844
1161,511726345
1162,511725799
1163,511703615
1164,511702797
1165,7062929
1166,511702548
1167,511702247
1168,7058205
1169,7058019
1170,511701602
1171,7062551
1172,7050766
1173,7055510
1174,7055343
1175,7055173
1176,511670282
1177,511669212
1178,511668130
1179,511667734
1180,7014143
1181,1185242
1182,7013874
1183,7020274
1184,7012428
1185,1185015
1186,7018717
1187,7018578
1188,511529621
1189,511528222
1190,511525858
1191,511521410
1192,7009535
1193,7016023
1194,511511922
1195,511510346
1196,7003919
1197,7003823
1198,7003722
1199,7003608
Total Records Reject 279 
