Total Records Added 3602 
#.,ID
0,99505
1,488373560
2,180209
3,186747
4,179806
5,186305
6,174068
7,173689
8,180286
9,173203
10,179145
11,170718
12,488208008
13,170111
14,169819
15,176109
16,175882
17,175706
18,169083
19,175577
20,488203357
21,81370
22,175323
23,488199876
24,488198968
25,173706
26,173627
27,173524
28,167032
29,80764
30,166813
31,173187
32,166618
33,171996
34,165466
35,171621
36,165072
37,164866
38,171052
39,163882
40,163749
41,169031
42,168044
43,488176335
44,488175760
45,488175108
46,488174520
47,488164146
48,488163662
49,488163153
50,488162596
51,162388
52,156042
53,155852
54,77492
55,161940
56,161680
57,160855
58,154096
59,153841
60,159889
61,158717
62,152135
63,158305
64,76406
65,151628
66,157769
67,488137141
68,488135224
69,488134397
70,488133966
71,488133237
72,488132250
73,488130969
74,488129021
75,153318
76,152952
77,147151
78,146907
79,74382
80,146468
81,488118170
82,488117663
83,488117161
84,488116627
85,488107786
86,488107152
87,488106544
88,488105901
89,488104242
90,488103756
91,488103232
92,488102778
93,72374
94,145705
95,145681
96,141497
97,72234
98,141348
99,141339
100,145216
101,140355
102,140201
103,143691
104,143505
105,71496
106,143262
107,488089834
108,139265
109,488084047
110,488083425
111,488082569
112,488081905
113,139702
114,139395
115,139139
116,138817
117,69973
118,137303
119,488070178
120,488069644
121,488068152
122,488067278
123,488064557
124,488063941
125,488063115
126,488062450
127,488057127
128,488056467
129,488055823
130,488054692
131,488047902
132,488047449
133,488047025
134,488046250
135,488044372
136,488043756
137,488043729
138,488043159
139,488042541
140,488042438
141,488041603
142,152135
143,488040725
144,488023378
145,488022775
146,488022027
147,488021675
148,488021283
149,488020542
150,488020325
151,488019772
152,488018589
153,488018507
154,488018091
155,488017584
156,488016977
157,487987205
158,487986549
159,113130
160,115615
161,487985859
162,487985062
163,112569
164,112403
165,104512
166,104485
167,59115
168,487953810
169,59076
170,487953343
171,104192
172,58975
173,103289
174,107451
175,102990
176,58583
177,100877
178,100772
179,55909
180,55768
181,91379
182,91224
183,83400
184,90848
185,73510
186,82093
187,81716
188,71399
189,51588
190,51356
191,51094
192,50741
193,283293
194,364948
195,364647
196,364373
197,171507
198,171403
199,170966
200,170822
201,214192
202,152659
203,486580041
204,486578446
205,486577551
206,486576653
207,486529882
208,486526696
209,192686
210,192253
211,192097
212,486507654
213,486506981
214,486506250
215,486504912
216,185109
217,125926
218,486487308
219,125507
220,129610
221,129489
222,129401
223,183581
224,486480012
225,486467330
226,486466703
227,486428563
228,486427847
229,486426979
230,486426202
231,114665
232,166670
233,166521
234,114013
235,486407026
236,486397010
237,486393357
238,110133
239,110058
240,159861
241,111181
242,486374638
243,486373662
244,93592
245,96070
246,137029
247,136598
248,136364
249,136325
250,136108
251,91954
252,486315688
253,486315111
254,486314261
255,486313615
256,133963
257,90462
258,133446
259,486310029
260,133075
261,486309229
262,133006
263,132789
264,132577
265,486307676
266,132320
267,486306170
268,486300273
269,486299739
270,486299269
271,486298846
272,85507
273,85302
274,126624
275,486286679
276,125291
277,486286129
278,486285692
279,486285187
280,83328
281,486283154
282,83028
283,486282464
284,486282385
285,123610
286,486281794
287,87659
288,486281038
289,82526
290,87506
291,87434
292,486257189
293,486256589
294,486255988
295,486255057
296,486247664
297,486246531
298,80482
299,486245791
300,486245542
301,486245267
302,486244841
303,486244731
304,486244300
305,110924
306,486243644
307,79922
308,486243101
309,486233943
310,486232852
311,486232234
312,70213
313,77243
314,486231308
315,70028
316,486230638
317,77042
318,106156
319,105665
320,76187
321,104298
322,68226
323,67994
324,486221891
325,486221483
326,486221023
327,486220624
328,73466
329,72980
330,486204635
331,486204255
332,97114
333,486203857
334,96939
335,486203322
336,62695
337,71029
338,93423
339,93168
340,92960
341,92707
342,486179189
343,486177772
344,486176796
345,486175643
346,56670
347,65056
348,86916
349,86800
350,64934
351,56354
352,64847
353,86501
354,64655
355,55951
356,85881
357,85647
358,64200
359,85503
360,55519
361,85258
362,80547
363,80422
364,52489
365,60600
366,77608
367,50807
368,58734
369,76743
370,58421
371,486125994
372,486125319
373,486124673
374,486124030
375,70381
376,54065
377,46430
378,46367
379,486087798
380,486076585
381,486076089
382,486075662
383,486075123
384,486055585
385,486054730
386,486054142
387,486053142
388,486005784
389,486005120
390,486004442
391,486003808
392,26386
393,25957
394,485162259
395,485160918
396,10727686
397,11571704
398,10727397
399,11571079
400,11566343
401,10723190
402,9836003
403,11565163
404,11563709
405,9834036
406,484658230
407,484657570
408,10714128
409,484656057
410,10714022
411,11554262
412,10713882
413,10713764
414,484654436
415,11553869
416,11548333
417,11548077
418,9824755
419,10709069
420,10708676
421,11546934
422,10708328
423,9824040
424,9823974
425,11546529
426,9823870
427,484623971
428,10707962
429,484621015
430,484620165
431,11543784
432,10705879
433,10703677
434,11538239
435,11538010
436,10701419
437,484590504
438,10701321
439,10698462
440,10698164
441,9815118
442,9814995
443,10697376
444,11532211
445,11531927
446,10696203
447,11530977
448,10695949
449,10695796
450,11529099
451,484543970
452,484543356
453,484542759
454,10691341
455,10691287
456,11524474
457,11524025
458,9809209
459,11522759
460,484530314
461,11521130
462,11520977
463,10688385
464,11520861
465,11520734
466,10688229
467,10688145
468,484521684
469,484521218
470,484520848
471,484520470
472,11518896
473,11518750
474,11518524
475,11518294
476,484516340
477,484515514
478,484514804
479,484514097
480,484512455
481,484511627
482,484509603
483,484509192
484,484508718
485,484508282
486,10684104
487,10683961
488,9803313
489,10682558
490,11514078
491,10682359
492,9802014
493,10682216
494,10682136
495,9801720
496,11513335
497,11512935
498,10680624
499,9800332
500,484490321
501,484489968
502,484489852
503,484489399
504,9800063
505,484489369
506,484488911
507,484488796
508,484488317
509,484484962
510,484484623
511,484484204
512,484483697
513,484483553
514,10678104
515,11509183
516,10677614
517,484478773
518,484478014
519,484477310
520,484476651
521,11507703
522,11507586
523,10676161
524,10676020
525,10675903
526,484468023
527,484467492
528,484466942
529,484466354
530,10674172
531,11505242
532,9794922
533,10673850
534,484459934
535,11504161
536,9794044
537,11503938
538,10672738
539,9792198
540,9791953
541,9791768
542,484446295
543,11500747
544,484444924
545,484444179
546,484440964
547,484440337
548,484439571
549,484438721
550,484435136
551,11498097
552,484434573
553,484434101
554,484433557
555,10666967
556,10666869
557,10666766
558,484423419
559,484422587
560,484421918
561,484421026
562,484406040
563,484405575
564,484405194
565,484404663
566,11488558
567,11488423
568,11488301
569,11488162
570,9777528
571,9777452
572,10653128
573,9776192
574,484324246
575,484322322
576,484321401
577,484320408
578,484319488
579,10631612
580,10631504
581,10631418
582,10631306
583,484239748
584,484239037
585,484238179
586,484237217
587,10617181
588,9745793
589,484181970
590,484181197
591,484180366
592,484179676
593,10669505
594,480849117
595,9533754
596,10350972
597,9531735
598,10349215
599,8719879
600,8719624
601,10320674
602,8696036
603,9504368
604,10320195
605,479750536
606,479749905
607,479749044
608,479707566
609,8672945
610,8672905
611,8672771
612,10291771
613,10291620
614,9477680
615,10291173
616,479657228
617,479656858
618,479656477
619,479656125
620,8665704
621,8665593
622,9469622
623,10282921
624,479646094
625,10279027
626,9465643
627,9465325
628,9464672
629,9464410
630,9464279
631,479630856
632,8660770
633,9463962
634,10277011
635,8660351
636,479618728
637,479616013
638,10271327
639,9458063
640,9458060
641,10271030
642,8655610
643,8655415
644,10270508
645,9457412
646,9457289
647,9456688
648,9456530
649,10268994
650,479589744
651,479589222
652,479588753
653,479588315
654,9451944
655,9451857
656,9451773
657,9451682
658,479573902
659,479573426
660,479572903
661,479572330
662,8648588
663,10262168
664,8648206
665,479567659
666,8647923
667,479567628
668,479567012
669,479566601
670,479566361
671,10261184
672,9448581
673,479565277
674,479563686
675,8647066
676,9447804
677,479561051
678,8646650
679,479560310
680,479559638
681,479558971
682,10258114
683,8644963
684,9445585
685,10257884
686,10257731
687,10257527
688,8642938
689,9443173
690,9443055
691,10255022
692,9439605
693,10251447
694,8639276
695,10250877
696,8638956
697,8638200
698,8638060
699,8637907
700,10249340
701,9436306
702,9436062
703,9435703
704,9435444
705,479493302
706,479492601
707,479492402
708,479492023
709,479491764
710,479491533
711,479490985
712,479489816
713,8631334
714,8631244
715,10241243
716,10241129
717,8629247
718,10238720
719,10238606
720,8628909
721,479471000
722,479470143
723,479467144
724,479466642
725,479466228
726,10235762
727,8626501
728,8626412
729,8626340
730,9424283
731,8626226
732,9424151
733,10234994
734,10231819
735,10231483
736,10231359
737,10231002
738,9420061
739,479444102
740,479443423
741,479442402
742,479441824
743,8619452
744,10226786
745,9416089
746,479426442
747,10226584
748,10226500
749,479421662
750,479421010
751,479420714
752,479419902
753,479419638
754,479418457
755,479415335
756,479413815
757,479413395
758,479413017
759,479412629
760,10209417
761,10209253
762,8604886
763,10208941
764,479348134
765,479347211
766,479345776
767,479332366
768,479330474
769,479329495
770,479316605
771,479315951
772,479315268
773,479314578
774,9391242
775,10200038
776,10199914
777,10199778
778,479309295
779,479308561
780,479308016
781,479307523
782,479226222
783,479225491
784,479224027
785,479222695
786,479032101
787,479031425
788,479030162
789,479029548
790,9896828
791,9083305
792,477995332
793,9060452
794,9855343
795,8301267
796,9060083
797,8300455
798,477936619
799,9852840
800,477935964
801,477935257
802,9852486
803,477934222
804,9057599
805,9054790
806,9053554
807,9847876
808,9845199
809,8292834
810,9050586
811,8292546
812,8292368
813,9050127
814,8292235
815,9844119
816,9049868
817,9049538
818,9843553
819,8291445
820,477879531
821,477878725
822,477877359
823,477866707
824,9040690
825,9833803
826,477852620
827,9040173
828,8283002
829,8282005
830,8281796
831,8281650
832,9831532
833,477842928
834,477842279
835,9036203
836,8279530
837,8279447
838,8279314
839,9827676
840,8278210
841,9827225
842,9827213
843,9034094
844,9826820
845,9826651
846,8277249
847,9826226
848,8277065
849,477819712
850,477819091
851,477819000
852,9032977
853,477818596
854,477818537
855,477818180
856,8276710
857,477818077
858,477817628
859,8276535
860,9825386
861,9032286
862,8275919
863,9824381
864,9823107
865,8274463
866,8274331
867,9822684
868,9822193
869,9029086
870,9028773
871,8272776
872,477789690
873,9026460
874,477788994
875,9026315
876,477787873
877,477787811
878,9818333
879,477787559
880,9025948
881,477787099
882,9818141
883,477786665
884,9025815
885,9025796
886,8270180
887,9817898
888,9025527
889,8270074
890,477784828
891,477784620
892,477784009
893,477783898
894,9817266
895,477783239
896,9817093
897,477782394
898,9816937
899,8269294
900,9816754
901,8269215
902,8269095
903,9816575
904,8269010
905,9024301
906,477779616
907,477779016
908,477778519
909,477778066
910,8266713
911,9021774
912,9813616
913,9021531
914,477766990
915,477766421
916,477765754
917,9020773
918,9812519
919,9020554
920,477758824
921,477757302
922,477756916
923,477756189
924,477756060
925,477755656
926,477754972
927,477748588
928,477747706
929,477747105
930,477746635
931,477737421
932,8260279
933,477736737
934,9806111
935,477736435
936,477736184
937,9014536
938,9806000
939,477735726
940,477735624
941,9805920
942,9014350
943,8259824
944,477734597
945,8259731
946,8259641
947,8259628
948,9805434
949,477733144
950,9013944
951,9805284
952,8259482
953,477732585
954,8259422
955,477731964
956,9012204
957,9012105
958,9803153
959,8257702
960,477721456
961,477698659
962,477698002
963,477697333
964,9006296
965,477696666
966,8252483
967,9005967
968,477690248
969,477689247
970,477688403
971,477687815
972,477687150
973,477686871
974,477686428
975,477685538
976,477685052
977,9001147
978,9791264
979,8248077
980,8247987
981,477654086
982,477653485
983,477652746
984,477652246
985,477652079
986,477651303
987,477651073
988,477650430
989,477649366
990,477648768
991,9770022
992,9769937
993,9769813
994,477398996
995,477398470
996,477397850
997,477397192
998,477355153
999,477354622
1000,477354091
1001,477353490
1002,476446345
1003,476444613
1004,476443643
1005,476442705
1006,9475308
1007,9475197
1008,9475100
1009,8694932
1010,7961258
1011,9448756
1012,8669699
1013,9448410
1014,9437264
1015,476202051
1016,476201400
1017,476201123
1018,476200520
1019,476199400
1020,476180449
1021,476179688
1022,476178578
1023,476177316
1024,476174471
1025,476174065
1026,476173630
1027,476172661
1028,9429244
1029,7943082
1030,9417950
1031,8640927
1032,9417091
1033,9416821
1034,476092663
1035,476092225
1036,476091686
1037,8628262
1038,9403638
1039,9402690
1040,9402571
1041,8626834
1042,476047133
1043,8626746
1044,7929827
1045,8625333
1046,9400400
1047,9400108
1048,7928276
1049,476033541
1050,476025057
1051,7925923
1052,9396251
1053,476020339
1054,476019168
1055,476018121
1056,476013315
1057,476005449
1058,476004954
1059,476004519
1060,476003954
1061,9390498
1062,9390241
1063,7921607
1064,475994333
1065,8614966
1066,475993441
1067,9388034
1068,8613373
1069,7920101
1070,9387441
1071,9385989
1072,8611509
1073,8609661
1074,7915905
1075,475958310
1076,8606208
1077,475957802
1078,7915757
1079,475957242
1080,7915618
1081,475956315
1082,475954939
1083,475954709
1084,475954240
1085,475954237
1086,475953623
1087,475953613
1088,475952962
1089,475952847
1090,475951950
1091,9375987
1092,9375786
1093,475945415
1094,9375331
1095,475944888
1096,475944859
1097,7913703
1098,8602841
1099,8602825
1100,475944340
1101,8602790
1102,475944214
1103,7913571
1104,475943855
1105,8602605
1106,8602549
1107,475943292
1108,475943207
1109,475942666
1110,8602362
1111,475942110
1112,9374392
1113,9374272
1114,475941517
1115,9374103
1116,8601831
1117,9373773
1118,8601576
1119,475938155
1120,475937581
1121,475937013
1122,475936410
1123,475928440
1124,475927178
1125,7910537
1126,9369365
1127,7910422
1128,7910354
1129,475919952
1130,8596602
1131,7909602
1132,9367747
1133,475919071
1134,7909500
1135,475918438
1136,8596153
1137,8596143
1138,475917804
1139,9367219
1140,9367187
1141,7908959
1142,475913383
1143,475912282
1144,475911670
1145,9362899
1146,7906743
1147,475901110
1148,475900494
1149,7906590
1150,475899800
1151,8591602
1152,475899059
1153,7905584
1154,9360034
1155,9359721
1156,7905150
1157,9359492
1158,9359230
1159,8588917
1160,9358556
1161,9349581
1162,8580878
1163,9349275
1164,8580571
1165,475849356
1166,475848728
1167,475848159
1168,475847533
1169,7897976
1170,9346175
1171,8577938
1172,8577802
1173,7897648
1174,8577587
1175,8577481
1176,9345371
1177,475838301
1178,475837785
1179,7893327
1180,8570513
1181,8570386
1182,8570238
1183,475808117
1184,475807473
1185,475806632
1186,475805829
1187,475767818
1188,475767612
1189,475766899
1190,475766469
1191,9325304
1192,475765672
1193,475764780
1194,475764610
1195,8547888
1196,8547784
1197,9311558
1198,7877097
1199,9303313
1200,7871330
1201,9302989
1202,8539464
1203,475638494
1204,475637827
1205,475637253
1206,475636621
1207,7866866
1208,8533808
1209,8533656
1210,7866606
1211,7866520
1212,8517065
1213,475548879
1214,475548213
1215,475547576
1216,475547062
1217,475491825
1218,475491005
1219,475490323
1220,475489460
1221,474924939
1222,474924287
1223,474923630
1224,474922472
1225,8996614
1226,7645815
1227,474357102
1228,474356046
1229,7607823
1230,8942115
1231,8188275
1232,8188114
1233,8184276
1234,8183909
1235,8183746
1236,8936811
1237,7598979
1238,8929091
1239,8175924
1240,8175221
1241,474237803
1242,474237222
1243,474236389
1244,474235454
1245,474234594
1246,474234091
1247,474233616
1248,474232999
1249,8925357
1250,8925242
1251,8925111
1252,8172260
1253,8924959
1254,7595613
1255,8924567
1256,8924424
1257,8171555
1258,8171350
1259,7595010
1260,8923090
1261,8170014
1262,8169893
1263,8169612
1264,7593635
1265,7593505
1266,8169174
1267,7593007
1268,7592836
1269,8920440
1270,7592282
1271,474212347
1272,474211781
1273,474210771
1274,474210062
1275,8164161
1276,8164031
1277,8915359
1278,8915270
1279,7588513
1280,8162639
1281,8162445
1282,8914674
1283,8914417
1284,8152444
1285,8904213
1286,474164282
1287,474163619
1288,474163104
1289,474162915
1290,474162818
1291,474162586
1292,474162267
1293,474161609
1294,474160706
1295,8149840
1296,8149684
1297,8901353
1298,8900995
1299,8148839
1300,474154839
1301,474149556
1302,474148862
1303,8146283
1304,474148168
1305,8898031
1306,474147486
1307,474147448
1308,474145277
1309,474144822
1310,7574922
1311,474144224
1312,474143987
1313,474143254
1314,474142569
1315,474141912
1316,7573703
1317,7573607
1318,8143069
1319,474138843
1320,8142926
1321,474138078
1322,474137306
1323,474136560
1324,7572754
1325,8893664
1326,7572555
1327,7572303
1328,474133376
1329,8141274
1330,8141193
1331,8141159
1332,474132750
1333,7571886
1334,8892488
1335,8140959
1336,474132000
1337,8892244
1338,7571434
1339,8139402
1340,8139233
1341,7570465
1342,7570346
1343,8139043
1344,7570200
1345,8890204
1346,8138575
1347,8887778
1348,8887339
1349,8135829
1350,7567683
1351,8135562
1352,8886785
1353,8135333
1354,8886184
1355,7565335
1356,474107580
1357,8883611
1358,7565112
1359,8132158
1360,8132018
1361,8131534
1362,7564357
1363,8882329
1364,474103957
1365,7564265
1366,474103371
1367,8130985
1368,474102850
1369,7564067
1370,474102338
1371,474100370
1372,474099841
1373,474099769
1374,474099450
1375,474099266
1376,8129628
1377,474098866
1378,8880575
1379,474098669
1380,474097984
1381,8877757
1382,474090248
1383,474089761
1384,474089273
1385,7557898
1386,7557612
1387,7557498
1388,8122251
1389,8122128
1390,8120496
1391,8120335
1392,8119969
1393,8119621
1394,7553449
1395,7553272
1396,8116418
1397,474058969
1398,7552779
1399,474058342
1400,474057837
1401,474057327
1402,474056835
1403,474038527
1404,474037896
1405,474037379
1406,474036770
1407,474016606
1408,474015932
1409,474015154
1410,474014207
1411,474001064
1412,8846451
1413,7538000
1414,7537865
1415,8845709
1416,8845575
1417,8845265
1418,473994664
1419,7537350
1420,473993360
1421,473992706
1422,473991864
1423,473956460
1424,473955640
1425,473953207
1426,8831530
1427,473952525
1428,8831344
1429,473952085
1430,8082496
1431,8831010
1432,473950721
1433,473949396
1434,473948001
1435,473939771
1436,473938879
1437,473925413
1438,473884252
1439,473883605
1440,473883035
1441,473881814
1442,473873964
1443,473873399
1444,473872803
1445,473870810
1446,8431933
1447,8431792
1448,8431652
1449,7237518
1450,6276162
1451,6275893
1452,467339789
1453,467338646
1454,467337763
1455,467337070
1456,5982429
1457,465841203
1458,465840600
1459,465838050
1460,465837011
1461,465836356
1462,6530177
1463,5858343
1464,5964423
1465,5858165
1466,463833232
1467,463832622
1468,6024499
1469,6024355
1470,461697198
1471,461696784
1472,461696157
1473,461695566
1474,459912734
1475,459912235
1476,459911654
1477,459911119
1478,455284245
1479,453283250
1480,453281617
1481,453280432
1482,453278491
1483,451610337
1484,451609783
1485,451609357
1486,451608865
1487,449941104
1488,449940403
1489,449939396
1490,449938437
1491,448138174
1492,448137727
1493,448137020
1494,448136594
1495,443710258
1496,443709764
1497,443709279
1498,443708782
1499,441858552
1500,441858076
1501,441857634
1502,441857187
1503,440245927
1504,440245462
1505,440244931
1506,440243877
1507,438711083
1508,438704232
1509,438703299
1510,438693496
1511,437174451
1512,437173571
1513,437172752
1514,437172049
1515,437171261
1516,429373394
1517,429372836
1518,429372337
1519,429371444
1520,427749215
1521,427748438
1522,427747822
1523,427747107
1524,426119480
1525,426118975
1526,426118430
1527,426117074
1528,421347845
1529,421345112
1530,421344542
1531,421343748
1532,418663543
1533,418662586
1534,418661157
1535,418660266
1536,860998
1537,416550178
1538,27483499
1539,416548319
1540,413708564
1541,413707794
1542,413706628
1543,413704536
1544,410989872
1545,410988947
1546,410988094
1547,410987291
1548,403350707
1549,403348482
1550,403347425
1551,403346253
1552,400693542
1553,400692677
1554,400691904
1555,400690917
1556,395701487
1557,395700517
1558,395699878
1559,395699016
1560,393311878
1561,393311155
1562,393310202
1563,393309245
1564,385707522
1565,385705648
1566,385704600
1567,385703771
1568,383189086
1569,383187265
1570,383186145
1571,383185278
1572,381395621
1573,381394471
1574,381393323
1575,381390768
1576,378615356
1577,378614751
1578,378614044
1579,378612528
1580,376185995
1581,376184077
1582,376183293
1583,376181860
1584,366198493
1585,366172535
1586,366171757
1587,366170832
1588,366168894
1589,363944129
1590,363943442
1591,363941283
1592,363939561
1593,5879585
1594,361526962
1595,361525418
1596,361524011
1597,359204313
1598,359203695
1599,359202720
1600,359202037
1601,351917235
1602,351915404
1603,351913373
1604,351911943
1605,351910682
1606,351903590
1607,351901352
1608,346815919
1609,346814863
1610,346813993
1611,346813219
1612,344234597
1613,344233704
1614,344232868
1615,344232096
1616,341513352
1617,341512585
1618,341511794
1619,341511071
1620,333815687
1621,333814766
1622,333813881
1623,333811134
1624,330964596
1625,330963718
1626,330961467
1627,330960361
1628,325561861
1629,325561169
1630,325559854
1631,325557669
1632,323119147
1633,323117879
1634,323116442
1635,323115605
1636,315072495
1637,315070051
1638,315069117
1639,315068031
1640,312406271
1641,312404261
1642,312402186
1643,312399959
1644,312398785
1645,309598104
1646,309596921
1647,309595605
1648,309594860
1649,307533426
1650,307532337
1651,307531273
1652,307530451
1653,305147800
1654,305146275
1655,305144769
1656,305142530
1657,297984467
1658,297983763
1659,297982965
1660,297982281
1661,295457479
1662,295456462
1663,295455640
1664,295454720
1665,294819035
1666,294818847
1667,294818611
1668,294818372
1669,294329061
1670,294328568
1671,294328461
1672,294328184
1673,293876741
1674,293876529
1675,293876022
1676,293875764
1677,293875396
1678,289735072
1679,289734485
1680,289734009
1681,287908419
1682,287907859
1683,287907238
1684,287906578
1685,287906016
1686,581332786
1687,581331866
1688,581330697
1689,581329915
1690,286364685
1691,286364151
1692,286363704
1693,286362890
1694,284941578
1695,284941048
1696,284940308
1697,284939783
1698,280447372
1699,280446771
1700,280444900
1701,280444150
1702,278933404
1703,278932272
1704,278931720
1705,278931186
1706,277481541
1707,277480804
1708,277480049
1709,277176951
1710,275717289
1711,275715156
1712,275713596
1713,275712369
1714,274060760
1715,274060357
1716,274059867
1717,274059455
1718,79466
1719,69772
1720,79043
1721,78959
1722,78760
1723,268141371
1724,268140947
1725,268140193
1726,268139746
1727,266946883
1728,266946167
1729,266945045
1730,266944437
1731,263711893
1732,263711229
1733,263710342
1734,263709428
1735,257909083
1736,257908225
1737,257906626
1738,257906103
1739,256301654
1740,256300273
1741,256299352
1742,256298520
1743,254802448
1744,254801848
1745,254801251
1746,254800506
1747,253378638
1748,253377998
1749,253377513
1750,253376857
1751,249131623
1752,249130825
1753,249130211
1754,249129642
1755,247453430
1756,247452735
1757,247452174
1758,247450810
1759,245878291
1760,245877842
1761,245877298
1762,245876864
1763,244597641
1764,244597080
1765,244596441
1766,244586081
1767,243019047
1768,243018561
1769,243018116
1770,243017629
1771,238564061
1772,238563486
1773,238562736
1774,238562163
1775,236898330
1776,236897487
1777,236891526
1778,236890677
1779,235386224
1780,235385840
1781,235385516
1782,235384981
1783,233774042
1784,233773598
1785,233772711
1786,233772308
1787,232268253
1788,232267562
1789,232266557
1790,232266044
1791,227637712
1792,227637160
1793,227636636
1794,227635916
1795,226186522
1796,226186036
1797,226185548
1798,226184810
1799,223362038
1800,223361527
1801,223360665
1802,223360155
1803,221898475
1804,221897884
1805,221896754
1806,221896359
1807,217861060
1808,217860336
1809,217859918
1810,217859500
1811,215060554
1812,215060169
1813,215059255
1814,215058822
1815,213545414
1816,213544937
1817,213543734
1818,213543173
1819,211759123
1820,211758512
1821,211757598
1822,211756969
1823,210374658
1824,210374458
1825,210374281
1826,210374125
1827,209893631
1828,209893507
1829,209893379
1830,209893276
1831,209443819
1832,209443717
1833,209443576
1834,209443429
1835,209033813
1836,209033636
1837,209033491
1838,209033225
1839,209033018
1840,208632187
1841,208631919
1842,208631694
1843,208631423
1844,206592508
1845,206592395
1846,206592269
1847,206592142
1848,206146845
1849,206146556
1850,206146389
1851,206146159
1852,206145927
1853,205255422
1854,205255164
1855,205254983
1856,205254803
1857,203918008
1858,203917654
1859,203917435
1860,203917162
1861,203527017
1862,203526789
1863,203521703
1864,203521463
1865,202892661
1866,202892427
1867,202892228
1868,202891904
1869,202415263
1870,202415077
1871,202414641
1872,2478531
1873,201905179
1874,201904905
1875,201904707
1876,201904452
1877,200469733
1878,200469497
1879,200469292
1880,200469054
1881,200010524
1882,200010344
1883,200010171
1884,200009998
1885,199554242
1886,199554108
1887,199553966
1888,199553783
1889,180286
1890,199151837
1891,199151694
1892,199151520
1893,199145861
1894,198749982
1895,198749737
1896,198749521
1897,198749362
1898,197490788
1899,197490618
1900,197490425
1901,197490286
1902,2357475
1903,2393649
1904,2357267
1905,1869806
1906,1545323
1907,1925092
1908,1924970
1909,1979817
1910,196255015
1911,196254880
1912,196254766
1913,196254642
1914,195694239
1915,195694041
1916,195693820
1917,195693623
1918,193825176
1919,193824989
1920,193824744
1921,193824562
1922,193311787
1923,193311602
1924,193311473
1925,193306623
1926,192857345
1927,192857052
1928,192856922
1929,192856731
1930,192411404
1931,192411237
1932,192411042
1933,192410795
1934,190544006
1935,190543853
1936,190543693
1937,190543405
1938,190038915
1939,190038750
1940,190038457
1941,190038305
1942,189508652
1943,189508284
1944,189508089
1945,189507910
1946,189507680
1947,187388504
1948,187387837
1949,187386370
1950,187317702
1951,181061871
1952,181060805
1953,181059863
1954,181059048
1955,178986879
1956,178984241
1957,178982139
1958,178981139
1959,176876641
1960,176876027
1961,176875327
1962,176874640
1963,174701166
1964,174700312
1965,174696757
1966,174695493
1967,172545909
1968,172545235
1969,172544477
1970,172543778
1971,166677471
1972,166675836
1973,166674564
1974,166673050
1975,163734005
1976,163732265
1977,163731506
1978,163730064
1979,163729070
1980,161514497
1981,161513815
1982,161512700
1983,161512076
1984,159354442
1985,159352643
1986,159350661
1987,159349224
1988,147396670
1989,147395293
1990,147393237
1991,147391954
1992,147390937
1993,145308635
1994,145307182
1995,145305097
1996,145303797
1997,143141055
1998,143136505
1999,143135128
2000,143134110
2001,143133420
2002,140572522
2003,140571720
2004,140570807
2005,140569850
2006,134309568
2007,134308307
2008,134305755
2009,134304166
2010,131625649
2011,131624162
2012,131623216
2013,131622099
2014,131620182
2015,129641987
2016,129640740
2017,129639806
2018,126976537
2019,126975920
2020,126975271
2021,126974527
2022,118331903
2023,118331226
2024,118330516
2025,118329801
2026,115954728
2027,115953668
2028,115952748
2029,115951918
2030,115950991
2031,113405956
2032,113405154
2033,113404453
2034,113402727
2035,111382912
2036,111382035
2037,111380995
2038,111379717
2039,109003055
2040,109001721
2041,109000170
2042,108999293
2043,102176415
2044,102175384
2045,102174109
2046,102172822
2047,99669319
2048,99668446
2049,99666810
2050,99665838
2051,97497913
2052,97496990
2053,97496074
2054,97495220
2055,95109885
2056,95109086
2057,95107739
2058,95106759
2059,92963842
2060,92963143
2061,92962427
2062,92961714
2063,87016194
2064,87015268
2065,87014247
2066,87013147
2067,84653757
2068,84652730
2069,84651942
2070,84651049
2071,82988668
2072,82987578
2073,82986853
2074,82985874
2075,80480862
2076,80479752
2077,80478686
2078,80477577
2079,78587649
2080,78587023
2081,78586206
2082,78571890
2083,78570691
2084,78324646
2085,72478191
2086,70115328
2087,4681407
2088,13306242
2089,3843856
2090,3638737
2091,13071752
2092,4431253
2093,4431029
2094,68025627
2095,1156697
2096,9824494
2097,9824384
2098,9824254
2099,9464787
2100,9464670
2101,1031842
2102,1031768
2103,67024
2104,8315785
2105,8315678
2106,65588
2107,7561013
2108,2131726
2109,7560854
2110,9982966
2111,7224717
2112,1934676
2113,1934629
2114,7224456
2115,1750440
2116,6913292
2117,6913190
2118,1750272
2119,9289417
2120,1105763
2121,8137178
2122,1105534
2123,8136898
2124,5033165
2125,745625
2126,5032966
2127,7321019
2128,4608068
2129,6875132
2130,547604
2131,547571
2132,967134
2133,3026803
2134,4996064
2135,3026636
2136,346353087
2137,346352901
2138,346352676
2139,346352423
2140,345519951
2141,345519304
2142,345519005
2143,345518749
2144,3821887
2145,110778
2146,110773
2147,110761
2148,343487978
2149,343487545
2150,343487328
2151,343486907
2152,340668301
2153,340667995
2154,340667784
2155,340667488
2156,339704065
2157,339703845
2158,339703628
2159,339703387
2160,337556116
2161,337554339
2162,337554064
2163,337553785
2164,336641381
2165,336640592
2166,336640140
2167,336639713
2168,3067960
2169,3067869
2170,129781
2171,3067408
2172,104772
2173,104767
2174,104764
2175,2645236
2176,330732150
2177,330731857
2178,330731668
2179,330731485
2180,1495346
2181,2869557
2182,1495179
2183,57614
2184,947199
2185,489760
2186,946947
2187,19129
2188,6661
2189,159752
2190,310640
2191,159566
2192,4408020
2193,5525427
2194,5525020
2195,4408001
2196,5104168
2197,5104003
2198,4099376
2199,4099297
2200,4523945
2201,4724822
2202,3721518
2203,3721438
2204,4523387
2205,3812962
2206,2953918
2207,3812778
2208,3812683
2209,2620551
2210,2620496
2211,3223351
2212,3223291
2213,3018819
2214,2852240
2215,3018673
2216,3018492
2217,2685952
2218,2685828
2219,2685755
2220,2050754
2221,2368184
2222,14081971
2223,14081132
2224,14079364
2225,14078738
2226,314845926
2227,314768060
2228,314767762
2229,314767511
2230,314767272
2231,313437098
2232,313436814
2233,798586
2234,546506
2235,312187809
2236,312187432
2237,312187023
2238,312186758
2239,311050955
2240,311050644
2241,311050264
2242,311049979
2243,309826529
2244,309826292
2245,309826080
2246,309825651
2247,306433951
2248,306433718
2249,306433460
2250,306433161
2251,305289537
2252,305289074
2253,305288765
2254,305288476
2255,304429530
2256,304429051
2257,304428642
2258,304428135
2259,302902573
2260,302902368
2261,302902106
2262,302901885
2263,302076669
2264,302076323
2265,302050697
2266,302050246
2267,299083385
2268,299083133
2269,299082938
2270,299082670
2271,297996855
2272,297996537
2273,297996257
2274,297995891
2275,297105894
2276,297105642
2277,297105308
2278,297104977
2279,295060286
2280,295059883
2281,295059430
2282,295059136
2283,295058835
2284,290748411
2285,290723526
2286,290723180
2287,78591
2288,9675071
2289,9674972
2290,9674872
2291,9674774
2292,9383429
2293,9352026
2294,9351895
2295,9351808
2296,9383113
2297,9034561
2298,9067488
2299,9067355
2300,9032861
2301,7958094
2302,7957949
2303,7957830
2304,7957741
2305,7598586
2306,7598497
2307,7598281
2308,7597690
2309,7274984
2310,7274466
2311,7274332
2312,7311856
2313,6957787
2314,6920705
2315,6920636
2316,6920557
2317,5226952
2318,5188474
2319,5188360
2320,5226580
2321,4731240
2322,4770057
2323,4770000
2324,4769938
2325,4769873
2326,4448789
2327,4448707
2328,4409757
2329,4448559
2330,2623600
2331,2661867
2332,2661759
2333,2623307
2334,262351669
2335,262351072
2336,262350703
2337,262350253
2338,133306
2339,133164
2340,161340
2341,132930
2342,18445103
2343,18151562
2344,18151490
2345,18151405
2346,17873874
2347,17873802
2348,17873734
2349,18158396
2350,250991793
2351,17601098
2352,250991159
2353,250990878
2354,249246092
2355,249244040
2356,249243613
2357,249242914
2358,245480234
2359,245480001
2360,245479659
2361,245479371
2362,16543105
2363,16266050
2364,243996611
2365,243994342
2366,243993735
2367,243992198
2368,243504837
2369,243504461
2370,243504072
2371,243503578
2372,242012192
2373,242011818
2374,242011427
2375,242010692
2376,240459573
2377,240459198
2378,240458884
2379,240458558
2380,236358861
2381,236358471
2382,236357970
2383,236357288
2384,234953272
2385,234953016
2386,234952762
2387,234952465
2388,234952111
2389,233560775
2390,233560286
2391,233559783
2392,233559314
2393,231907385
2394,231906677
2395,231906059
2396,231903185
2397,231902839
2398,230854811
2399,230854050
2400,13652387
2401,13652318
2402,13652247
2403,230500693
2404,226637414
2405,226636752
2406,226636053
2407,226635404
2408,225032484
2409,225032144
2410,225031747
2411,225031147
2412,223655818
2413,223655404
2414,223654953
2415,223654487
2416,221828585
2417,221827740
2418,221827257
2419,221826943
2420,221826644
2421,220797314
2422,220796969
2423,220796523
2424,220795987
2425,217147438
2426,217125715
2427,217125448
2428,217125111
2429,217124634
2430,215890448
2431,215890210
2432,215889896
2433,215889414
2434,215888969
2435,214450745
2436,214450447
2437,214450042
2438,214449562
2439,213350571
2440,213350307
2441,213350028
2442,213349722
2443,212130346
2444,212130101
2445,212129836
2446,212129553
2447,207959087
2448,207958589
2449,207958290
2450,207957896
2451,207055600
2452,206757372
2453,206757111
2454,206756826
2455,206657070
2456,205454393
2457,205454024
2458,205453731
2459,205453416
2460,204189585
2461,204189307
2462,204189065
2463,204188693
2464,202953213
2465,202952951
2466,7820337
2467,202951636
2468,199166039
2469,6891185
2470,199044845
2471,199044443
2472,199044041
2473,199043636
2474,6606818
2475,6606742
2476,6606648
2477,197895597
2478,196661265
2479,196660946
2480,196660633
2481,196660275
2482,195185962
2483,195185677
2484,195185314
2485,195184885
2486,194023522
2487,194016261
2488,194014935
2489,194014498
2490,194014196
2491,190398848
2492,190398431
2493,190398161
2494,190397446
2495,188952223
2496,188951943
2497,188951674
2498,188951390
2499,186524424
2500,186524097
2501,186523673
2502,186523278
2503,185394139
2504,185393766
2505,185393107
2506,185392555
2507,181461736
2508,181461326
2509,181461003
2510,181460689
2511,180207512
2512,180207135
2513,180206740
2514,180206325
2515,179083965
2516,179083707
2517,179083250
2518,179082893
2519,177828259
2520,177827950
2521,177827645
2522,177827348
2523,176622122
2524,176621642
2525,176619885
2526,176619313
2527,172898242
2528,172898002
2529,172897639
2530,172897307
2531,170410440
2532,170410224
2533,170409975
2534,170409605
2535,1678175
2536,1678115
2537,1678042
2538,1677960
2539,1677877
2540,1324043
2541,1323950
2542,1323842
2543,1322516
2544,164710356
2545,164709858
2546,164709456
2547,164708970
2548,163193324
2549,163193068
2550,163192818
2551,163192538
2552,161670433
2553,161670046
2554,161669563
2555,161669105
2556,5108311
2557,5108262
2558,5108099
2559,5107961
2560,5107892
2561,4931693
2562,4931617
2563,4931560
2564,4931502
2565,4255264
2566,4255230
2567,4255187
2568,4255130
2569,4015059
2570,4015014
2571,4014972
2572,4014931
2573,3505169
2574,3505119
2575,3505081
2576,3505016
2577,3270667
2578,3270617
2579,3270561
2580,3270483
2581,2549916
2582,2549857
2583,2549768
2584,2517328
2585,2245699
2586,2133398
2587,2133243
2588,2133197
2589,2133140
2590,2133076
2591,1617056
2592,1616963
2593,1616800
2594,1616644
2595,1616359
2596,142087828
2597,1325201
2598,1325049
2599,1324815
2600,1324736
2601,1070296
2602,1070240
2603,1070178
2604,1070134
2605,327761
2606,327700
2607,327628
2608,327561
2609,40709
2610,1211481
2611,1211422
2612,1209411
2613,1209321
2614,782106
2615,782010
2616,781930
2617,781830
2618,366033
2619,365961
2620,365830
2621,365735
2622,365664
2623,365589
2624,365457
2625,131123900
2626,131123848
2627,131123793
2628,131123739
2629,201458
2630,200556
2631,200429
2632,200251
2633,200110
2634,199908
2635,11427744
2636,11427652
2637,11427537
2638,11427423
2639,10954733
2640,10949163
2641,10949039
2642,10948926
2643,10948792
2644,10460095
2645,10459989
2646,10459884
2647,10459749
2648,10000679
2649,10000279
2650,10000165
2651,10000068
2652,9999105
2653,8549125
2654,8549010
2655,8548913
2656,8548775
2657,8063278
2658,8063194
2659,8063068
2660,8062900
2661,7526429
2662,7526304
2663,7526136
2664,7526011
2665,6569126
2666,6568978
2667,6568878
2668,6568764
2669,5114895
2670,5114744
2671,5114450
2672,5114158
2673,4499929
2674,4415172
2675,4375746
2676,4375652
2677,4375539
2678,4375397
2679,3993889
2680,3993747
2681,3993613
2682,3993445
2683,3499251
2684,3499103
2685,3499006
2686,3498878
2687,3071751
2688,3071649
2689,3071551
2690,3042149
2691,3040322
2692,1155408
2693,1145388
2694,671841
2695,671550
2696,671251
2697,670917
2698,299079
2699,298922
2700,298542
2701,298368
2702,261831
2703,2468053
2704,2467823
2705,2467656
2706,2458634
2707,1950183
2708,1950099
2709,1950012
2710,1949897
2711,1665216
2712,1665109
2713,1665014
2714,1664909
2715,99312521
2716,99312170
2717,99311809
2718,99311467
2719,98065883
2720,98065455
2721,98065110
2722,98064737
2723,97474658
2724,97474327
2725,97473946
2726,97473629
2727,95529944
2728,95529521
2729,92700597
2730,92700340
2731,92700064
2732,92699694
2733,91757206
2734,91756899
2735,91756598
2736,91755918
2737,90804151
2738,90803420
2739,89849154
2740,2213442
2741,2213299
2742,1491347
2743,1491144
2744,235502
2745,235201
2746,235421
2747,234849
2748,2708277
2749,2696727
2750,3429086
2751,2696430
2752,3428871
2753,1296179
2754,1296022
2755,1295839
2756,1295680
2757,885289
2758,885133
2759,1689575
2760,884758
2761,1328202
2762,469099
2763,1327763
2764,1327576
2765,44948
2766,1008710
2767,44396
2768,44312
2769,44040
2770,75471
2771,622839
2772,75323
2773,622616
2774,74403260
2775,74402934
2776,74402494
2777,74401790
2778,73523553
2779,73523018
2780,73522706
2781,73522361
2782,72671892
2783,72671574
2784,72671305
2785,72665681
2786,72665345
2787,71684869
2788,71684285
2789,71683741
2790,71682185
2791,68340713
2792,68340345
2793,68339891
2794,68339052
2795,67511614
2796,67511064
2797,67510775
2798,67510255
2799,62983374
2800,62982907
2801,62982632
2802,62982230
2803,62054433
2804,62053730
2805,62052947
2806,62052672
2807,61012116
2808,61011785
2809,61011470
2810,61011056
2811,60125969
2812,60125651
2813,60125314
2814,60124983
2815,59260547
2816,59260038
2817,59259480
2818,59258617
2819,56719431
2820,56719105
2821,56718829
2822,56718450
2823,55885863
2824,55885353
2825,55885088
2826,55884742
2827,285435
2828,393905
2829,285434
2830,285431
2831,391494
2832,391493
2833,391492
2834,391491
2835,50465871
2836,50465576
2837,50465203
2838,50464877
2839,49659054
2840,49658438
2841,49658127
2842,49657871
2843,48847865
2844,48847165
2845,48846870
2846,48846291
2847,48182041
2848,48181542
2849,48181129
2850,48180678
2851,375407
2852,270604
2853,375389
2854,270596
2855,47158389
2856,47157900
2857,47157543
2858,47157286
2859,43566078
2860,43565505
2861,43564940
2862,43564501
2863,42575682
2864,42575165
2865,42574483
2866,42564260
2867,40869233
2868,40868352
2869,40867818
2870,40867394
2871,347563
2872,249361
2873,249360
2874,249359
2875,37858824
2876,37858168
2877,37857579
2878,37856895
2879,35996476
2880,35995617
2881,35994200
2882,35993624
2883,35993058
2884,35038748
2885,35037380
2886,35036567
2887,35034089
2888,35025602
2889,234289
2890,326452
2891,32026181
2892,32025599
2893,31234679
2894,31233580
2895,31231472
2896,31230975
2897,30277919
2898,30277508
2899,30277089
2900,30276652
2901,26501702
2902,26501210
2903,26500739
2904,26500355
2905,25729337
2906,25728728
2907,25727992
2908,25727306
2909,25726534
2910,25725196
2911,25724794
2912,24220217
2913,24219608
2914,24218607
2915,24217547
2916,24216979
2917,24216109
2918,23485304
2919,23483520
2920,23482532
2921,23481869
2922,23481304
2923,23480701
2924,21304423
2925,21303873
2926,21303381
2927,21302889
2928,19690945
2929,19690209
2930,19689866
2931,19689337
2932,18898009
2933,18897578
2934,18897020
2935,18896252
2936,18733338
2937,18733309
2938,18733293
2939,18733269
2940,18634603
2941,18634571
2942,18634556
2943,18634539
2944,191521
2945,191519
2946,191517
2947,191514
2948,18573106
2949,18573080
2950,18573061
2951,18573034
2952,18539325
2953,18539307
2954,18539285
2955,18539269
2956,18501885
2957,18501856
2958,18501824
2959,18501795
2960,18325419
2961,18325374
2962,18325336
2963,18325310
2964,18260818
2965,18260784
2966,18260733
2967,18259595
2968,18204395
2969,18204360
2970,18204316
2971,18204272
2972,17929947
2973,17929893
2974,17929847
2975,17929796
2976,17872977
2977,17872935
2978,17872817
2979,17872792
2980,17832399
2981,17832370
2982,17832341
2983,17832325
2984,17800470
2985,17800451
2986,17800424
2987,17800405
2988,17701361
2989,17701330
2990,17701295
2991,17701237
2992,17656155
2993,17656127
2994,17656093
2995,17656056
2996,147492
2997,147490
2998,208518
2999,208517
3000,17578721
3001,17578676
3002,17578655
3003,17578633
3004,17431907
3005,17431847
3006,17431819
3007,17431741
3008,17393318
3009,17393296
3010,17393273
3011,17393235
3012,17393203
3013,17358650
3014,17358637
3015,17358609
3016,17358579
3017,17358551
3018,17324405
3019,17324308
3020,17324274
3021,17324255
3022,182408
3023,127330
3024,182407
3025,182405
3026,125130
3027,179445
3028,125127
3029,125126
3030,17115066
3031,17115009
3032,17114946
3033,17114905
3034,17056931
3035,17056878
3036,17056836
3037,17056759
3038,16990507
3039,16990414
3040,16990377
3041,16990346
3042,16784234
3043,16784192
3044,16784122
3045,16784082
3046,16732847
3047,16732772
3048,16732751
3049,16732718
3050,16678260
3051,16678237
3052,16678211
3053,16678085
3054,153257
3055,107525
3056,153256
3057,16639390
3058,16639349
3059,16606276
3060,16606256
3061,16606233
3062,16606218
3063,16519026
3064,16518991
3065,16518969
3066,16518947
3067,16459983
3068,16459967
3069,16459947
3070,16459927
3071,16430269
3072,16430250
3073,16430230
3074,16430197
3075,16400150
3076,16400121
3077,16400099
3078,16400063
3079,16306416
3080,16306388
3081,16306357
3082,16306333
3083,16274588
3084,16274548
3085,16274478
3086,16274458
3087,16242747
3088,16242700
3089,16242674
3090,16242650
3091,16204302
3092,16204286
3093,16204206
3094,16204184
3095,86163
3096,124184
3097,124183
3098,86157
3099,16084661
3100,16084635
3101,16084606
3102,16084587
3103,16043276
3104,16043258
3105,16043232
3106,16043210
3107,16006553
3108,16006519
3109,16006484
3110,16006361
3111,16006330
3112,15910348
3113,15910307
3114,15910218
3115,15910166
3116,15716712
3117,15716664
3118,15716620
3119,15716577
3120,15642573
3121,15642491
3122,15642449
3123,15642404
3124,15584275
3125,15584243
3126,15584219
3127,15584196
3128,15535242
3129,15535193
3130,15535118
3131,15535072
3132,15487867
3133,15487836
3134,15487805
3135,15487774
3136,15406139
3137,15406098
3138,15406075
3139,15406046
3140,15406021
3141,15376554
3142,15376530
3143,15376487
3144,15376451
3145,15345727
3146,15345704
3147,15287566
3148,15287506
3149,15287467
3150,15287431
3151,15201811
3152,15201790
3153,15201751
3154,15201729
3155,15144170
3156,15144077
3157,15144059
3158,15144028
3159,15144011
3160,15115801
3161,15115769
3162,15115751
3163,15115721
3164,15115700
3165,15087202
3166,15087173
3167,15087151
3168,15087110
3169,14886342
3170,14886318
3171,14886276
3172,14886256
3173,14886227
3174,14616780
3175,14616724
3176,14616676
3177,14616627
3178,14497098
3179,14497059
3180,14497022
3181,14496969
3182,14452030
3183,14451995
3184,14451967
3185,14451946
3186,14338485
3187,14338463
3188,14338425
3189,14338398
3190,14304948
3191,14304922
3192,14300138
3193,14300114
3194,14300090
3195,14300073
3196,14266119
3197,14266084
3198,14266064
3199,14266054
3200,14231237
3201,14231205
3202,14231154
3203,14231140
3204,14203928
3205,14203898
3206,14203252
3207,14203216
3208,14117369
3209,14117011
3210,14116977
3211,14116953
3212,14116929
3213,14085124
3214,14084997
3215,14084979
3216,14084960
3217,14084923
3218,14030722
3219,14030694
3220,14030671
3221,14030639
3222,14002045
3223,14002023
3224,14002012
3225,14001994
3226,14001962
3227,13923001
3228,13922985
3229,13922968
3230,13922943
3231,13837130
3232,13837102
3233,13837086
3234,13837067
3235,13805261
3236,13805227
3237,13805201
3238,13805183
3239,13720923
3240,13720906
3241,13720885
3242,13720867
3243,13691703
3244,13691678
3245,13691650
3246,13691632
3247,13613377
3248,13613349
3249,13613322
3250,13613293
3251,13564500
3252,13564459
3253,13564413
3254,13564374
3255,13338291
3256,13338152
3257,13338050
3258,13337934
3259,13255170
3260,13255110
3261,13255074
3262,13255039
3263,13141094
3264,13141065
3265,13141019
3266,13140991
3267,13088715
3268,13088690
3269,13088645
3270,13088556
3271,13088538
3272,13088520
3273,13058224
3274,13058189
3275,13058109
3276,13058072
3277,13030122
3278,13030105
3279,13030092
3280,13030072
3281,12915096
3282,12915080
3283,12915059
3284,12915035
3285,12891204
3286,12891179
3287,12891158
3288,12891138
3289,12891123
3290,12861841
3291,12861824
3292,12861806
3293,12861780
3294,12830068
3295,12830050
3296,12830036
3297,12830023
3298,12789821
3299,12789800
3300,12789782
3301,12789760
3302,12594166
3303,12594105
3304,12594068
3305,12594042
3306,12521831
3307,12521791
3308,12521748
3309,12521686
3310,12501873
3311,12501868
3312,12501862
3313,12501856
3314,133972
3315,133956
3316,9342
3317,133943
3318,8864
3319,126030
3320,126024
3321,126015
3322,2015
3323,21050
3324,21045
3325,1275
3326,1094
3327,1843656
3328,1843590
3329,1843513
3330,834372
3331,834133
3332,481035
3333,8712208
3334,8712167
3335,8711747
3336,8410665
3337,8410615
3338,8410536
3339,8605737
3340,8605546
3341,8261102
3342,8474088
3343,8135269
3344,8120320
3345,7696409
3346,8018908
3347,8018750
3348,7739746
3349,7739718
3350,7739577
3351,7130914
3352,7130856
3353,7425921
3354,6644769
3355,6381824
3356,6642611
3357,6218887
3358,6469501
3359,6218774
3360,63743673
3361,63742500
3362,63741237
3363,63740529
3364,59984293
3365,59983397
3366,59982199
3367,59980941
3368,59913767
3369,58157199
3370,58156316
3371,58155569
3372,58154040
3373,52236347
3374,52235357
3375,52234035
3376,52233120
3377,50210038
3378,50208609
3379,50207747
3380,50206892
3381,46383327
3382,46382106
3383,46381359
3384,46380376
3385,44471402
3386,44470406
3387,44469668
3388,44468853
3389,38553989
3390,38552789
3391,38550449
3392,38549518
3393,36352631
3394,36351451
3395,36350558
3396,36349576
3397,34504830
3398,34503697
3399,34502772
3400,34501765
3401,30511857
3402,30510965
3403,30510040
3404,22701214
3405,22700234
3406,22699213
3407,22698274
3408,20570584
3409,20562170
3410,20532158
3411,20531216
3412,18461019
3413,18460022
3414,18458884
3415,18457837
3416,16239011
3417,16237812
3418,16236380
3419,16235338
3420,10021800
3421,9987425
3422,9986466
3423,9985202
3424,7932058
3425,7930976
3426,7929611
3427,7928748
3428,5897680
3429,5896079
3430,5894301
3431,5893380
3432,3917176
3433,3916378
3434,3915412
3435,3914485
3436,1908339
3437,1905414
3438,1904096
3439,1903088
3440,121565561
3441,121564539
3442,121563506
3443,121562475
3444,119594541
3445,119593602
3446,119592572
3447,119591400
3448,117531700
3449,117530826
3450,117529529
3451,117528710
3452,115268160
3453,115266097
3454,115265027
3455,115264003
3456,113238369
3457,113237246
3458,113236022
3459,113234539
3460,453393537
3461,453393402
3462,453393313
3463,453393208
3464,453239466
3465,453239383
3466,453239302
3467,453239202
3468,453072605
3469,453072429
3470,453072331
3471,453068268
3472,452923491
3473,452923234
3474,452923129
3475,452923001
3476,452773446
3477,452773352
3478,452773222
3479,452773134
3480,452146261
3481,452146101
3482,452145973
3483,452145864
3484,451974059
3485,451973951
3486,451973819
3487,451973706
3488,451754980
3489,451754867
3490,451754773
3491,451754646
3492,451524974
3493,451524819
3494,451524674
3495,451524354
3496,450872941
3497,450872809
3498,450872696
3499,450872534
3500,450621320
3501,450621173
3502,450620869
3503,450620473
3504,450619892
3505,450336928
3506,450336743
3507,450336527
3508,450336358
3509,450007190
3510,450004451
3511,450004254
3512,450003970
3513,449623451
3514,449623276
3515,449623095
3516,3968177
3517,449047907
3518,449047726
3519,449047550
3520,449047388
3521,448851277
3522,448851181
3523,448851073
3524,448645413
3525,448645203
3526,448645069
3527,448644891
3528,448508679
3529,448508582
3530,448508511
3531,448508414
3532,448361169
3533,448361068
3534,448360976
3535,448045538
3536,448045465
3537,448045355
3538,448045272
3539,447880757
3540,447880660
3541,447880588
3542,447880496
3543,447743244
3544,447743161
3545,447743062
3546,447742993
3547,447742827
3548,447598566
3549,447598426
3550,447598344
3551,447598269
3552,447454897
3553,447454752
3554,447454659
3555,447454574
3556,447454514
3557,447019302
3558,447019203
3559,447019104
3560,447019024
3561,446827945
3562,446827785
3563,446827626
3564,446827509
3565,446592799
3566,446592614
3567,446592464
3568,446592357
3569,446409048
3570,446408940
3571,446408845
3572,445859442
3573,445859332
3574,445859199
3575,445686893
3576,445686417
3577,445686292
3578,445686192
3579,445686087
3580,445136843
3581,445136579
3582,445136199
3583,445135886
3584,444808873
3585,444808708
3586,444808572
3587,444808361
3588,442608594
3589,442608493
3590,442608400
3591,442327570
3592,442327440
3593,442327302
3594,442327227
3595,442317056
3596,442316975
3597,442189934
3598,442189833
3599,442189711
3600,442189172
3601,442189050
Total Records Reject 536 
