Total Records Added 3535 
#.,ID
0,500741145.0
1,500740564.0
2,500740008.0
3,500739464.0
4,500333074.0
5,500332395.0
6,500331691.0
7,500330723.0
8,3798176.0
9,3618171.0
10,3617844.0
11,3797264.0
12,3612110.0
13,3785998.0
14,3785874.0
15,3603290.0
16,3783608.0
17,3602306.0
18,500221212.0
19,3780781.0
20,3780627.0
21,728149.0
22,3780348.0
23,3779274.0
24,500209342.0
25,500208210.0
26,500207122.0
27,500203743.0
28,3594925.0
29,3776496.0
30,500167505.0
31,500167066.0
32,500166394.0
33,3580520.0
34,3580195.0
35,3579901.0
36,3762660.0
37,500143565.0
38,500143094.0
39,500142447.0
40,500141972.0
41,3576965.0
42,500135114.0
43,500131275.0
44,500129551.0
45,3574247.0
46,3757671.0
47,3757514.0
48,3757343.0
49,500111518.0
50,500110948.0
51,500110155.0
52,500104593.0
53,500103001.0
54,500102395.0
55,500096848.0
56,500095735.0
57,500095020.0
58,500094856.0
59,500094279.0
60,500092671.0
61,500091531.0
62,3562761.0
63,3562637.0
64,3562535.0
65,3562504.0
66,3747013.0
67,3746962.0
68,3562242.0
69,3562060.0
70,500073614.0
71,3558960.0
72,500072680.0
73,3743573.0
74,500072017.0
75,500071378.0
76,500071325.0
77,3743092.0
78,500071008.0
79,500070487.0
80,3742824.0
81,3742593.0
82,500068569.0
83,3742398.0
84,3557096.0
85,3742090.0
86,500066880.0
87,500066363.0
88,3556814.0
89,3741802.0
90,3741365.0
91,500062490.0
92,500061136.0
93,500060537.0
94,500059906.0
95,500059303.0
96,3740019.0
97,500051469.0
98,500044355.0
99,500042630.0
100,500038729.0
101,3734450.0
102,500037640.0
103,3548393.0
104,500036939.0
105,3734006.0
106,500036015.0
107,3733816.0
108,500015978.0
109,500015119.0
110,500013326.0
111,500012635.0
112,500007914.0
113,500007408.0
114,500006630.0
115,500006037.0
116,500005768.0
117,500005520.0
118,500005138.0
119,500004733.0
120,500001480.0
121,500000819.0
122,500000025.0
123,499999359.0
124,3535391.0
125,3535226.0
126,3722226.0
127,3534808.0
128,3532635.0
129,3532154.0
130,3719386.0
131,3718950.0
132,719335.0
133,3714937.0
134,3526475.0
135,3526237.0
136,3714048.0
137,718904.0
138,3523540.0
139,3523374.0
140,3523187.0
141,499939416.0
142,499938482.0
143,499937856.0
144,499937169.0
145,499902461.0
146,499901899.0
147,499901429.0
148,499900910.0
149,3507505.0
150,3697321.0
151,3697092.0
152,3696947.0
153,499841175.0
154,499840484.0
155,499839667.0
156,499838961.0
157,499793204.0
158,499792514.0
159,499791779.0
160,499791120.0
161,3668071.0
162,3474515.0
163,3667779.0
164,3474190.0
165,499700882.0
166,499699843.0
167,499698710.0
168,499697436.0
169,499435548.0
170,499434734.0
171,499433315.0
172,499432046.0
173,499431023.0
174,3184353.0
175,3184009.0
176,3183499.0
177,3394017.0
178,3363372.0
179,3150558.0
180,3150331.0
181,3150022.0
182,498589323.0
183,498431272.0
184,498430471.0
185,3075178.0
186,3293496.0
187,3074867.0
188,498408699.0
189,498408207.0
190,498407691.0
191,498407159.0
192,498383545.0
193,498382791.0
194,498382185.0
195,498381407.0
196,498376268.0
197,498375728.0
198,498375202.0
199,498374677.0
200,498373067.0
201,498371663.0
202,498369462.0
203,498367581.0
204,498366428.0
205,3279863.0
206,3279612.0
207,3279425.0
208,3279268.0
209,3054414.0
210,498333521.0
211,498332741.0
212,498331842.0
213,3052054.0
214,3272433.0
215,3051778.0
216,3051589.0
217,498315277.0
218,498314018.0
219,498313253.0
220,498312028.0
221,3048037.0
222,3268466.0
223,3047363.0
224,3267853.0
225,498301980.0
226,3266808.0
227,3266163.0
228,3266095.0
229,656055.0
230,498297941.0
231,3265957.0
232,3265831.0
233,3265785.0
234,3265029.0
235,655480.0
236,498281210.0
237,3040270.0
238,498280469.0
239,3040095.0
240,498279523.0
241,3261321.0
242,655380.0
243,3039550.0
244,3260876.0
245,3037090.0
246,498268635.0
247,498268129.0
248,498267511.0
249,498266840.0
250,3257226.0
251,3257114.0
252,654822.0
253,3256955.0
254,498262371.0
255,498261809.0
256,3256721.0
257,498260917.0
258,3034797.0
259,498260690.0
260,3034639.0
261,498259916.0
262,3256275.0
263,3256097.0
264,498258769.0
265,498256590.0
266,498256141.0
267,498251555.0
268,498251151.0
269,498250744.0
270,498250307.0
271,498245872.0
272,498245303.0
273,498244550.0
274,498243885.0
275,498239746.0
276,3025114.0
277,3247470.0
278,3024667.0
279,3024434.0
280,3023043.0
281,3022919.0
282,498216248.0
283,498215652.0
284,498214843.0
285,498212197.0
286,498208523.0
287,498207829.0
288,498206093.0
289,498205273.0
290,498203644.0
291,498203426.0
292,498203069.0
293,498202596.0
294,3241201.0
295,3241048.0
296,498197474.0
297,3015790.0
298,3015663.0
299,498190484.0
300,3238454.0
301,3238339.0
302,3014902.0
303,3014746.0
304,498189319.0
305,3014599.0
306,498188363.0
307,3012563.0
308,3235719.0
309,3235284.0
310,3010924.0
311,3010815.0
312,3010633.0
313,3010402.0
314,3234075.0
315,3233641.0
316,3233526.0
317,3233403.0
318,3009423.0
319,3005884.0
320,3005758.0
321,3005619.0
322,3229703.0
323,3001509.0
324,3001202.0
325,498137252.0
326,498136394.0
327,3221035.0
328,2996108.0
329,649817.0
330,2995831.0
331,498119055.0
332,498118542.0
333,498117795.0
334,498117041.0
335,498109997.0
336,498109422.0
337,498108788.0
338,498108235.0
339,498100514.0
340,498099132.0
341,498098452.0
342,498083624.0
343,498082893.0
344,498082246.0
345,498081582.0
346,3208755.0
347,2982412.0
348,3208468.0
349,3208348.0
350,2974765.0
351,3201585.0
352,2974388.0
353,3201181.0
354,3196381.0
355,3196237.0
356,498027040.0
357,498026391.0
358,3195849.0
359,498025713.0
360,2967961.0
361,498024986.0
362,2966214.0
363,3193877.0
364,3193687.0
365,2965649.0
366,2961122.0
367,645646.0
368,3189254.0
369,3188983.0
370,2930921.0
371,3162156.0
372,3162046.0
373,2930515.0
374,497771286.0
375,497770694.0
376,497770002.0
377,497769269.0
378,2858128.0
379,2876746.0
380,2876462.0
381,2641108.0
382,2875827.0
383,2640591.0
384,2875009.0
385,496838603.0
386,496837519.0
387,496818337.0
388,496817703.0
389,496817090.0
390,496816364.0
391,2600265.0
392,2600150.0
393,2599989.0
394,2599479.0
395,2599313.0
396,2828810.0
397,2828642.0
398,496790424.0
399,496789193.0
400,496788186.0
401,496787317.0
402,2590921.0
403,2590811.0
404,589606.0
405,2819186.0
406,496758879.0
407,496758179.0
408,496756910.0
409,496756263.0
410,496753205.0
411,2816431.0
412,2816179.0
413,2816034.0
414,2587373.0
415,2811244.0
416,588248.0
417,2582772.0
418,2582614.0
419,496727369.0
420,496726668.0
421,496725728.0
422,496724903.0
423,2807602.0
424,587610.0
425,2579419.0
426,496713035.0
427,496712236.0
428,496711401.0
429,496710222.0
430,2795184.0
431,2795079.0
432,585211.0
433,2565992.0
434,2565856.0
435,2792175.0
436,2565632.0
437,2565213.0
438,585045.0
439,2564638.0
440,496657287.0
441,496656853.0
442,496656351.0
443,496655963.0
444,2562261.0
445,2559898.0
446,2559802.0
447,2559741.0
448,2785420.0
449,2557444.0
450,583638.0
451,2557183.0
452,2782711.0
453,2779372.0
454,496605511.0
455,496603635.0
456,496602555.0
457,2768878.0
458,2544034.0
459,581217.0
460,581187.0
461,2540697.0
462,2540476.0
463,2764313.0
464,2539993.0
465,580528.0
466,496565398.0
467,496564267.0
468,496557967.0
469,496557436.0
470,496556933.0
471,496556368.0
472,2519436.0
473,2518638.0
474,576860.0
475,496484292.0
476,496483663.0
477,496482883.0
478,496481960.0
479,2738410.0
480,2514795.0
481,2737153.0
482,2737108.0
483,2514567.0
484,2736853.0
485,496471493.0
486,496470377.0
487,2736424.0
488,496469607.0
489,496468891.0
490,2735446.0
491,2735018.0
492,575894.0
493,2734898.0
494,2512531.0
495,2512530.0
496,2512421.0
497,2734461.0
498,2511181.0
499,2732984.0
500,2732681.0
501,2510332.0
502,2730153.0
503,2729935.0
504,2729761.0
505,2507426.0
506,496444912.0
507,496444693.0
508,496444256.0
509,496443805.0
510,496443662.0
511,496443141.0
512,496442551.0
513,496441334.0
514,496440394.0
515,496439251.0
516,496438097.0
517,496436598.0
518,2726508.0
519,2504753.0
520,2726098.0
521,2725529.0
522,496407706.0
523,2717179.0
524,2496190.0
525,2495999.0
526,2495984.0
527,2495849.0
528,2495805.0
529,2716405.0
530,2716373.0
531,496374817.0
532,496373992.0
533,496372351.0
534,496371967.0
535,496371250.0
536,2488099.0
537,2487931.0
538,2707818.0
539,2487572.0
540,2693308.0
541,2474212.0
542,2473970.0
543,2692719.0
544,496236770.0
545,496234932.0
546,496233983.0
547,496232969.0
548,496211125.0
549,496209705.0
550,496208985.0
551,496208338.0
552,496207957.0
553,496207538.0
554,496206751.0
555,496205824.0
556,2638632.0
557,2638403.0
558,2638169.0
559,2423094.0
560,2155089.0
561,494527245.0
562,494526735.0
563,494526273.0
564,494525797.0
565,1307368.0
566,1306929.0
567,1306723.0
568,1306368.0
569,491933026.0
570,491931478.0
571,491930746.0
572,491929245.0
573,1234671.0
574,491790431.0
575,1234478.0
576,491789773.0
577,1171987.0
578,1171829.0
579,491788556.0
580,1233611.0
581,491782929.0
582,491778517.0
583,491777952.0
584,1230849.0
585,491773613.0
586,1229623.0
587,1167341.0
588,1167236.0
589,1165914.0
590,1225416.0
591,1225222.0
592,491742204.0
593,1220884.0
594,1159312.0
595,1220522.0
596,1220358.0
597,491728077.0
598,491727266.0
599,1156474.0
600,317894.0
601,491726455.0
602,1217330.0
603,1156182.0
604,491725700.0
605,491717507.0
606,491716933.0
607,491716408.0
608,1153468.0
609,1213593.0
610,1213339.0
611,491711802.0
612,1152435.0
613,1152230.0
614,317011.0
615,1151796.0
616,1211946.0
617,1151356.0
618,1151258.0
619,1151233.0
620,1150941.0
621,1150639.0
622,1147888.0
623,1147680.0
624,316124.0
625,1207583.0
626,1207474.0
627,1207102.0
628,1206914.0
629,491679691.0
630,491678623.0
631,491677845.0
632,1143627.0
633,491676412.0
634,1143480.0
635,314797.0
636,1140350.0
637,1199495.0
638,314543.0
639,491656677.0
640,491656343.0
641,491655547.0
642,1138113.0
643,491654307.0
644,314328.0
645,1136240.0
646,313986.0
647,1194611.0
648,491645232.0
649,1135513.0
650,491644089.0
651,491642524.0
652,491621903.0
653,491621395.0
654,491620845.0
655,1187132.0
656,1186995.0
657,491619726.0
658,1129050.0
659,312598.0
660,491617188.0
661,491612449.0
662,491611871.0
663,491611262.0
664,1126750.0
665,491610275.0
666,1126598.0
667,1184083.0
668,1126272.0
669,1183045.0
670,1125315.0
671,1182583.0
672,491604115.0
673,1125037.0
674,491603495.0
675,1182304.0
676,491602872.0
677,1124585.0
678,491602173.0
679,1124393.0
680,491601247.0
681,1123962.0
682,311635.0
683,1181037.0
684,1180940.0
685,1180755.0
686,491597644.0
687,1180569.0
688,491597210.0
689,491596872.0
690,1123121.0
691,491596373.0
692,491595972.0
693,491595921.0
694,491594847.0
695,491593075.0
696,491592149.0
697,491592070.0
698,491591525.0
699,491590888.0
700,491590155.0
701,491566168.0
702,1114927.0
703,1114849.0
704,1114831.0
705,1114765.0
706,1170676.0
707,491558955.0
708,491558122.0
709,491557532.0
710,1112683.0
711,491556919.0
712,1112508.0
713,1112187.0
714,1111733.0
715,1167184.0
716,309293.0
717,1111278.0
718,1106147.0
719,1105969.0
720,1160315.0
721,1105139.0
722,1153741.0
723,491489677.0
724,491488943.0
725,491488342.0
726,491487717.0
727,491486922.0
728,1140035.0
729,1139901.0
730,1139785.0
731,1087089.0
732,1079588.0
733,1131574.0
734,1131389.0
735,303113.0
736,491410898.0
737,1073536.0
738,1073414.0
739,1124461.0
740,301938.0
741,1124239.0
742,1072345.0
743,491403388.0
744,491402782.0
745,1123276.0
746,491401722.0
747,491401070.0
748,1122922.0
749,491391896.0
750,491391057.0
751,491390069.0
752,491389103.0
753,491346704.0
754,491137698.0
755,491137144.0
756,491136632.0
757,491136139.0
758,490974133.0
759,490973480.0
760,490972621.0
761,490971879.0
762,738672.0
763,748017.0
764,747655.0
765,737229.0
766,490086828.0
767,490085359.0
768,490084460.0
769,490083756.0
770,696789.0
771,696643.0
772,706429.0
773,693624.0
774,704348.0
775,704233.0
776,691186.0
777,691050.0
778,689998.0
779,702456.0
780,687667.0
781,687458.0
782,490041958.0
783,700364.0
784,490041185.0
785,700148.0
786,490039840.0
787,490038978.0
788,685058.0
789,490033013.0
790,697919.0
791,684151.0
792,697335.0
793,682998.0
794,696158.0
795,695952.0
796,682260.0
797,688968.0
798,674607.0
799,212370.0
800,688216.0
801,212284.0
802,489989562.0
803,489988642.0
804,489986608.0
805,489985410.0
806,489980418.0
807,210507.0
808,680791.0
809,680560.0
810,680299.0
811,664621.0
812,499434734.0
813,3051778.0
814,3265957.0
815,679291.0
816,679144.0
817,664210.0
818,489943857.0
819,489942486.0
820,489940933.0
821,489939662.0
822,489936099.0
823,489935429.0
824,673757.0
825,489933788.0
826,489931046.0
827,489930277.0
828,489929586.0
829,489928938.0
830,489927512.0
831,489926834.0
832,489926198.0
833,489925373.0
834,671533.0
835,655845.0
836,671368.0
837,671185.0
838,655639.0
839,655430.0
840,670599.0
841,489908430.0
842,489885836.0
843,489885337.0
844,489884690.0
845,489884199.0
846,644293.0
847,644147.0
848,489880317.0
849,489879564.0
850,643716.0
851,489879059.0
852,489878866.0
853,489878501.0
854,489876627.0
855,489875919.0
856,489874023.0
857,489873336.0
858,654238.0
859,637371.0
860,653684.0
861,653502.0
862,202634.0
863,633626.0
864,650197.0
865,489841050.0
866,489840730.0
867,489840155.0
868,489839597.0
869,489839010.0
870,648653.0
871,647054.0
872,201528.0
873,201492.0
874,646547.0
875,201421.0
876,645036.0
877,644911.0
878,644629.0
879,644483.0
880,200757.0
881,643835.0
882,626276.0
883,626119.0
884,626006.0
885,643119.0
886,643070.0
887,642821.0
888,625224.0
889,200352.0
890,638307.0
891,620477.0
892,489794622.0
893,620222.0
894,489794239.0
895,489793776.0
896,489793352.0
897,619551.0
898,637024.0
899,619214.0
900,618906.0
901,489771229.0
902,489769914.0
903,489769083.0
904,489767904.0
905,489752112.0
906,489745017.0
907,489744575.0
908,489744070.0
909,489743457.0
910,489733973.0
911,489733326.0
912,489732855.0
913,489732478.0
914,489709715.0
915,489709211.0
916,489708443.0
917,489707786.0
918,489676924.0
919,489676254.0
920,489675740.0
921,489675172.0
922,585081.0
923,584952.0
924,604696.0
925,604287.0
926,190170.0
927,583393.0
928,603118.0
929,582950.0
930,602758.0
931,582502.0
932,489654710.0
933,602263.0
934,602159.0
935,600379.0
936,579943.0
937,579297.0
938,599494.0
939,565074.0
940,586047.0
941,564607.0
942,564459.0
943,489572545.0
944,489571637.0
945,489571094.0
946,489570117.0
947,489559580.0
948,489507536.0
949,489506919.0
950,489505940.0
951,489472958.0
952,489385397.0
953,489384826.0
954,489384200.0
955,489383474.0
956,489358767.0
957,489357199.0
958,489356182.0
959,489355250.0
960,489354240.0
961,489353733.0
962,489353212.0
963,489352606.0
964,99505.0
965,488373560.0
966,180209.0
967,186747.0
968,179806.0
969,186305.0
970,174068.0
971,173689.0
972,180286.0
973,173203.0
974,179145.0
975,170718.0
976,488208008.0
977,170111.0
978,169819.0
979,176109.0
980,175882.0
981,175706.0
982,169083.0
983,175577.0
984,488203357.0
985,81370.0
986,175323.0
987,488199876.0
988,488198968.0
989,173706.0
990,173627.0
991,173524.0
992,167032.0
993,80764.0
994,166813.0
995,173187.0
996,166618.0
997,171996.0
998,165466.0
999,171621.0
1000,165072.0
1001,164866.0
1002,171052.0
1003,163882.0
1004,163749.0
1005,169031.0
1006,168044.0
1007,488176335.0
1008,488175760.0
1009,488175108.0
1010,488174520.0
1011,488164146.0
1012,488163662.0
1013,488163153.0
1014,488162596.0
1015,162388.0
1016,156042.0
1017,155852.0
1018,77492.0
1019,161940.0
1020,161680.0
1021,160855.0
1022,154096.0
1023,153841.0
1024,159889.0
1025,158717.0
1026,152135.0
1027,158305.0
1028,76406.0
1029,151628.0
1030,157769.0
1031,488137141.0
1032,488135224.0
1033,488134397.0
1034,488133966.0
1035,488133237.0
1036,488132250.0
1037,488130969.0
1038,488129021.0
1039,153318.0
1040,152952.0
1041,147151.0
1042,146907.0
1043,74382.0
1044,146468.0
1045,488118170.0
1046,488117663.0
1047,488117161.0
1048,488116627.0
1049,488107786.0
1050,488107152.0
1051,488106544.0
1052,488105901.0
1053,488104242.0
1054,488103756.0
1055,488103232.0
1056,488102778.0
1057,72374.0
1058,145705.0
1059,145681.0
1060,141497.0
1061,72234.0
1062,141348.0
1063,141339.0
1064,145216.0
1065,140355.0
1066,140201.0
1067,143691.0
1068,143505.0
1069,71496.0
1070,143262.0
1071,488089834.0
1072,139265.0
1073,488084047.0
1074,488083425.0
1075,488082569.0
1076,488081905.0
1077,139702.0
1078,139395.0
1079,139139.0
1080,138817.0
1081,69973.0
1082,137303.0
1083,488070178.0
1084,488069644.0
1085,488068152.0
1086,488067278.0
1087,488064557.0
1088,488063941.0
1089,488063115.0
1090,488062450.0
1091,488057127.0
1092,488056467.0
1093,488055823.0
1094,488054692.0
1095,488047902.0
1096,488047449.0
1097,488047025.0
1098,488046250.0
1099,488044372.0
1100,488043756.0
1101,488043729.0
1102,488043159.0
1103,488042541.0
1104,488042438.0
1105,488041603.0
1106,488040725.0
1107,488023378.0
1108,488022775.0
1109,488022027.0
1110,488021675.0
1111,488021283.0
1112,488020542.0
1113,488020325.0
1114,488019772.0
1115,488018589.0
1116,488018507.0
1117,488018091.0
1118,488017584.0
1119,488016977.0
1120,487987205.0
1121,487986549.0
1122,113130.0
1123,115615.0
1124,487985859.0
1125,487985062.0
1126,112569.0
1127,112403.0
1128,104512.0
1129,104485.0
1130,59115.0
1131,487953810.0
1132,59076.0
1133,487953343.0
1134,104192.0
1135,58975.0
1136,103289.0
1137,107451.0
1138,102990.0
1139,58583.0
1140,100877.0
1141,100772.0
1142,55909.0
1143,55768.0
1144,91379.0
1145,91224.0
1146,83400.0
1147,90848.0
1148,73510.0
1149,82093.0
1150,81716.0
1151,71399.0
1152,51588.0
1153,51356.0
1154,51094.0
1155,50741.0
1156,283293.0
1157,364948.0
1158,364647.0
1159,364373.0
1160,171507.0
1161,171403.0
1162,170966.0
1163,170822.0
1164,214192.0
1165,152659.0
1166,486580041.0
1167,486578446.0
1168,486577551.0
1169,486576653.0
1170,486529882.0
1171,486526696.0
1172,192686.0
1173,192253.0
1174,192097.0
1175,486507654.0
1176,486506981.0
1177,486506250.0
1178,486504912.0
1179,185109.0
1180,125926.0
1181,486487308.0
1182,125507.0
1183,129610.0
1184,129489.0
1185,129401.0
1186,183581.0
1187,486480012.0
1188,486467330.0
1189,486466703.0
1190,486428563.0
1191,486427847.0
1192,486426979.0
1193,486426202.0
1194,114665.0
1195,166670.0
1196,166521.0
1197,114013.0
1198,486407026.0
1199,486397010.0
1200,486393357.0
1201,110133.0
1202,110058.0
1203,159861.0
1204,111181.0
1205,486374638.0
1206,486373662.0
1207,93592.0
1208,96070.0
1209,137029.0
1210,136598.0
1211,136364.0
1212,136325.0
1213,136108.0
1214,91954.0
1215,486315688.0
1216,486315111.0
1217,486314261.0
1218,486313615.0
1219,133963.0
1220,90462.0
1221,133446.0
1222,486310029.0
1223,133075.0
1224,486309229.0
1225,133006.0
1226,132789.0
1227,132577.0
1228,486307676.0
1229,132320.0
1230,486306170.0
1231,486300273.0
1232,486299739.0
1233,486299269.0
1234,486298846.0
1235,85507.0
1236,85302.0
1237,126624.0
1238,486286679.0
1239,125291.0
1240,486286129.0
1241,486285692.0
1242,486285187.0
1243,83328.0
1244,486283154.0
1245,83028.0
1246,486282464.0
1247,486282385.0
1248,123610.0
1249,486281794.0
1250,87659.0
1251,486281038.0
1252,82526.0
1253,87506.0
1254,87434.0
1255,486257189.0
1256,486256589.0
1257,486255988.0
1258,486255057.0
1259,486247664.0
1260,486246531.0
1261,80482.0
1262,486245791.0
1263,486245542.0
1264,486245267.0
1265,486244841.0
1266,486244731.0
1267,486244300.0
1268,110924.0
1269,486243644.0
1270,79922.0
1271,486243101.0
1272,486233943.0
1273,486232852.0
1274,486232234.0
1275,70213.0
1276,77243.0
1277,486231308.0
1278,70028.0
1279,486230638.0
1280,77042.0
1281,106156.0
1282,105665.0
1283,76187.0
1284,104298.0
1285,68226.0
1286,67994.0
1287,486221891.0
1288,486221483.0
1289,486221023.0
1290,486220624.0
1291,73466.0
1292,72980.0
1293,486204635.0
1294,486204255.0
1295,97114.0
1296,486203857.0
1297,96939.0
1298,486203322.0
1299,62695.0
1300,71029.0
1301,93423.0
1302,93168.0
1303,92960.0
1304,92707.0
1305,486179189.0
1306,486177772.0
1307,486176796.0
1308,486175643.0
1309,56670.0
1310,65056.0
1311,86916.0
1312,86800.0
1313,64934.0
1314,56354.0
1315,64847.0
1316,86501.0
1317,64655.0
1318,55951.0
1319,85881.0
1320,85647.0
1321,64200.0
1322,85503.0
1323,55519.0
1324,85258.0
1325,80547.0
1326,80422.0
1327,52489.0
1328,60600.0
1329,77608.0
1330,50807.0
1331,58734.0
1332,76743.0
1333,58421.0
1334,486125994.0
1335,486125319.0
1336,486124673.0
1337,486124030.0
1338,70381.0
1339,54065.0
1340,46430.0
1341,46367.0
1342,486087798.0
1343,486076585.0
1344,486076089.0
1345,486075662.0
1346,486075123.0
1347,486055585.0
1348,486054730.0
1349,486054142.0
1350,486053142.0
1351,486005784.0
1352,486005120.0
1353,486004442.0
1354,486003808.0
1355,26386.0
1356,25957.0
1357,479309295.0
1358,479308561.0
1359,479308016.0
1360,479307523.0
1361,9083305.0
1362,477652246.0
1363,477651303.0
1364,477650430.0
1365,477649366.0
1366,477648768.0
1367,476201123.0
1368,476047133.0
1369,475767818.0
1370,475766469.0
1371,9325304.0
1372,475764780.0
1373,8925357.0
1374,8172260.0
1375,473994664.0
1376,473993360.0
1377,473992706.0
1378,473991864.0
1379,8431933.0
1380,8431792.0
1381,8431652.0
1382,7237518.0
1383,6276162.0
1384,6275893.0
1385,467339789.0
1386,467338646.0
1387,467337763.0
1388,467337070.0
1389,5982429.0
1390,465841203.0
1391,465840600.0
1392,465838050.0
1393,465837011.0
1394,465836356.0
1395,6530177.0
1396,5858343.0
1397,5964423.0
1398,5858165.0
1399,463833232.0
1400,463832622.0
1401,6024499.0
1402,6024355.0
1403,461697198.0
1404,461696784.0
1405,461696157.0
1406,461695566.0
1407,459912734.0
1408,459912235.0
1409,459911654.0
1410,459911119.0
1411,455284245.0
1412,453283250.0
1413,453281617.0
1414,453280432.0
1415,453278491.0
1416,451610337.0
1417,451609783.0
1418,451609357.0
1419,451608865.0
1420,449941104.0
1421,449940403.0
1422,449939396.0
1423,449938437.0
1424,448138174.0
1425,448137727.0
1426,448137020.0
1427,448136594.0
1428,443710258.0
1429,443709764.0
1430,443709279.0
1431,443708782.0
1432,441858552.0
1433,441858076.0
1434,441857634.0
1435,441857187.0
1436,440245927.0
1437,440245462.0
1438,440244931.0
1439,440243877.0
1440,438711083.0
1441,438704232.0
1442,438703299.0
1443,438693496.0
1444,437174451.0
1445,437173571.0
1446,437172752.0
1447,437172049.0
1448,437171261.0
1449,429373394.0
1450,429372836.0
1451,429372337.0
1452,429371444.0
1453,427749215.0
1454,427748438.0
1455,427747822.0
1456,427747107.0
1457,426119480.0
1458,426118975.0
1459,426118430.0
1460,426117074.0
1461,421347845.0
1462,421345112.0
1463,421344542.0
1464,421343748.0
1465,418663543.0
1466,418662586.0
1467,418661157.0
1468,418660266.0
1469,860998.0
1470,416550178.0
1471,27483499.0
1472,416548319.0
1473,413708564.0
1474,413707794.0
1475,413706628.0
1476,413704536.0
1477,410989872.0
1478,410988947.0
1479,410988094.0
1480,410987291.0
1481,403350707.0
1482,403348482.0
1483,403347425.0
1484,403346253.0
1485,400693542.0
1486,400692677.0
1487,400691904.0
1488,400690917.0
1489,395701487.0
1490,395700517.0
1491,395699878.0
1492,395699016.0
1493,393311878.0
1494,393311155.0
1495,393310202.0
1496,393309245.0
1497,385707522.0
1498,385705648.0
1499,385704600.0
1500,385703771.0
1501,383189086.0
1502,383187265.0
1503,383186145.0
1504,383185278.0
1505,381395621.0
1506,381394471.0
1507,381393323.0
1508,381390768.0
1509,378615356.0
1510,378614751.0
1511,378614044.0
1512,378612528.0
1513,376185995.0
1514,376184077.0
1515,376183293.0
1516,376181860.0
1517,366198493.0
1518,366172535.0
1519,366171757.0
1520,366170832.0
1521,366168894.0
1522,363944129.0
1523,363943442.0
1524,363941283.0
1525,363939561.0
1526,5879585.0
1527,361526962.0
1528,361525418.0
1529,361524011.0
1530,359204313.0
1531,359203695.0
1532,359202720.0
1533,359202037.0
1534,351917235.0
1535,351915404.0
1536,351913373.0
1537,351911943.0
1538,351910682.0
1539,351903590.0
1540,351901352.0
1541,346815919.0
1542,346814863.0
1543,346813993.0
1544,346813219.0
1545,344234597.0
1546,344233704.0
1547,344232868.0
1548,344232096.0
1549,341513352.0
1550,341512585.0
1551,341511794.0
1552,341511071.0
1553,333815687.0
1554,333814766.0
1555,333813881.0
1556,333811134.0
1557,330964596.0
1558,330963718.0
1559,330961467.0
1560,330960361.0
1561,325561861.0
1562,325561169.0
1563,325559854.0
1564,325557669.0
1565,323119147.0
1566,323117879.0
1567,323116442.0
1568,323115605.0
1569,315072495.0
1570,315070051.0
1571,315069117.0
1572,315068031.0
1573,312406271.0
1574,312404261.0
1575,312402186.0
1576,312399959.0
1577,312398785.0
1578,309598104.0
1579,309596921.0
1580,309595605.0
1581,309594860.0
1582,307533426.0
1583,307532337.0
1584,307531273.0
1585,307530451.0
1586,305147800.0
1587,305146275.0
1588,305144769.0
1589,305142530.0
1590,297984467.0
1591,297983763.0
1592,297982965.0
1593,297982281.0
1594,295457479.0
1595,295456462.0
1596,295455640.0
1597,295454720.0
1598,294819035.0
1599,294818847.0
1600,294818611.0
1601,294818372.0
1602,294329061.0
1603,294328568.0
1604,294328461.0
1605,294328184.0
1606,293876741.0
1607,293876529.0
1608,293876022.0
1609,293875764.0
1610,293875396.0
1611,289735072.0
1612,289734485.0
1613,289734009.0
1614,287908419.0
1615,287907859.0
1616,287907238.0
1617,287906578.0
1618,287906016.0
1619,581332786.0
1620,581331866.0
1621,581330697.0
1622,581329915.0
1623,286364685.0
1624,286364151.0
1625,286363704.0
1626,286362890.0
1627,284941578.0
1628,284941048.0
1629,284940308.0
1630,284939783.0
1631,280447372.0
1632,280446771.0
1633,280444900.0
1634,280444150.0
1635,278933404.0
1636,278932272.0
1637,278931720.0
1638,278931186.0
1639,277481541.0
1640,277480804.0
1641,277480049.0
1642,277176951.0
1643,275717289.0
1644,275715156.0
1645,275713596.0
1646,275712369.0
1647,274060760.0
1648,274060357.0
1649,274059867.0
1650,274059455.0
1651,79466.0
1652,69772.0
1653,79043.0
1654,78959.0
1655,78760.0
1656,268141371.0
1657,268140947.0
1658,268140193.0
1659,268139746.0
1660,266946883.0
1661,266946167.0
1662,266945045.0
1663,266944437.0
1664,263711893.0
1665,263711229.0
1666,263710342.0
1667,263709428.0
1668,257909083.0
1669,257908225.0
1670,257906626.0
1671,257906103.0
1672,256301654.0
1673,256300273.0
1674,256299352.0
1675,256298520.0
1676,254802448.0
1677,254801848.0
1678,254801251.0
1679,254800506.0
1680,253378638.0
1681,253377998.0
1682,253377513.0
1683,253376857.0
1684,249131623.0
1685,249130825.0
1686,249130211.0
1687,249129642.0
1688,247453430.0
1689,247452735.0
1690,247452174.0
1691,247450810.0
1692,245878291.0
1693,245877842.0
1694,245877298.0
1695,245876864.0
1696,244597641.0
1697,244597080.0
1698,244596441.0
1699,244586081.0
1700,243019047.0
1701,243018561.0
1702,243018116.0
1703,243017629.0
1704,238564061.0
1705,238563486.0
1706,238562736.0
1707,238562163.0
1708,236898330.0
1709,236897487.0
1710,236891526.0
1711,236890677.0
1712,235386224.0
1713,235385840.0
1714,235385516.0
1715,235384981.0
1716,233774042.0
1717,233773598.0
1718,233772711.0
1719,233772308.0
1720,232268253.0
1721,232267562.0
1722,232266557.0
1723,232266044.0
1724,227637712.0
1725,227637160.0
1726,227636636.0
1727,227635916.0
1728,226186522.0
1729,226186036.0
1730,226185548.0
1731,226184810.0
1732,223362038.0
1733,223361527.0
1734,223360665.0
1735,223360155.0
1736,221898475.0
1737,221897884.0
1738,221896754.0
1739,221896359.0
1740,217861060.0
1741,217860336.0
1742,217859918.0
1743,217859500.0
1744,215060554.0
1745,215060169.0
1746,215059255.0
1747,215058822.0
1748,213545414.0
1749,213544937.0
1750,213543734.0
1751,213543173.0
1752,211759123.0
1753,211758512.0
1754,211757598.0
1755,211756969.0
1756,210374658.0
1757,210374458.0
1758,210374281.0
1759,210374125.0
1760,209893631.0
1761,209893507.0
1762,209893379.0
1763,209893276.0
1764,209443819.0
1765,209443717.0
1766,209443576.0
1767,209443429.0
1768,209033813.0
1769,209033636.0
1770,209033491.0
1771,209033225.0
1772,209033018.0
1773,208632187.0
1774,208631919.0
1775,208631694.0
1776,208631423.0
1777,206592508.0
1778,206592395.0
1779,206592269.0
1780,206592142.0
1781,206146845.0
1782,206146556.0
1783,206146389.0
1784,206146159.0
1785,206145927.0
1786,205255422.0
1787,205255164.0
1788,205254983.0
1789,205254803.0
1790,203918008.0
1791,203917654.0
1792,203917435.0
1793,203917162.0
1794,203527017.0
1795,203526789.0
1796,203521703.0
1797,203521463.0
1798,202892661.0
1799,202892427.0
1800,202892228.0
1801,202891904.0
1802,202415263.0
1803,202415077.0
1804,202414641.0
1805,2478531.0
1806,201905179.0
1807,201904905.0
1808,201904707.0
1809,201904452.0
1810,200469733.0
1811,200469497.0
1812,200469292.0
1813,200469054.0
1814,200010524.0
1815,200010344.0
1816,200010171.0
1817,200009998.0
1818,199554242.0
1819,199554108.0
1820,199553966.0
1821,199553783.0
1822,180286.0
1823,199151837.0
1824,199151694.0
1825,199151520.0
1826,199145861.0
1827,198749982.0
1828,198749737.0
1829,198749521.0
1830,198749362.0
1831,197490788.0
1832,197490618.0
1833,197490425.0
1834,197490286.0
1835,2357475.0
1836,2393649.0
1837,2357267.0
1838,1869806.0
1839,1545323.0
1840,1925092.0
1841,1924970.0
1842,1979817.0
1843,196255015.0
1844,196254880.0
1845,196254766.0
1846,196254642.0
1847,195694239.0
1848,195694041.0
1849,195693820.0
1850,195693623.0
1851,193825176.0
1852,193824989.0
1853,193824744.0
1854,193824562.0
1855,193311787.0
1856,193311602.0
1857,193311473.0
1858,193306623.0
1859,192857345.0
1860,192857052.0
1861,192856922.0
1862,192856731.0
1863,192411404.0
1864,192411237.0
1865,192411042.0
1866,192410795.0
1867,190544006.0
1868,190543853.0
1869,190543693.0
1870,190543405.0
1871,190038915.0
1872,190038750.0
1873,190038457.0
1874,190038305.0
1875,189508652.0
1876,189508284.0
1877,189508089.0
1878,189507910.0
1879,189507680.0
1880,187388504.0
1881,187387837.0
1882,187386370.0
1883,187317702.0
1884,181061871.0
1885,181060805.0
1886,181059863.0
1887,181059048.0
1888,178986879.0
1889,178984241.0
1890,178982139.0
1891,178981139.0
1892,176876641.0
1893,176876027.0
1894,176875327.0
1895,176874640.0
1896,174701166.0
1897,174700312.0
1898,174696757.0
1899,174695493.0
1900,172545909.0
1901,172545235.0
1902,172544477.0
1903,172543778.0
1904,166677471.0
1905,166675836.0
1906,166674564.0
1907,166673050.0
1908,163734005.0
1909,163732265.0
1910,163731506.0
1911,163730064.0
1912,163729070.0
1913,161514497.0
1914,161513815.0
1915,161512700.0
1916,161512076.0
1917,159354442.0
1918,159352643.0
1919,159350661.0
1920,159349224.0
1921,147396670.0
1922,147395293.0
1923,147393237.0
1924,147391954.0
1925,147390937.0
1926,145308635.0
1927,145307182.0
1928,145305097.0
1929,145303797.0
1930,143141055.0
1931,143136505.0
1932,143135128.0
1933,143134110.0
1934,143133420.0
1935,140572522.0
1936,140571720.0
1937,140570807.0
1938,140569850.0
1939,134309568.0
1940,134308307.0
1941,134305755.0
1942,134304166.0
1943,131625649.0
1944,131624162.0
1945,131623216.0
1946,131622099.0
1947,131620182.0
1948,129641987.0
1949,129640740.0
1950,129639806.0
1951,126976537.0
1952,126975920.0
1953,126975271.0
1954,126974527.0
1955,118331903.0
1956,118331226.0
1957,118330516.0
1958,118329801.0
1959,115954728.0
1960,115953668.0
1961,115952748.0
1962,115951918.0
1963,115950991.0
1964,113405956.0
1965,113405154.0
1966,113404453.0
1967,113402727.0
1968,111382912.0
1969,111382035.0
1970,111380995.0
1971,111379717.0
1972,109003055.0
1973,109001721.0
1974,109000170.0
1975,108999293.0
1976,102176415.0
1977,102175384.0
1978,102174109.0
1979,102172822.0
1980,99669319.0
1981,99668446.0
1982,99666810.0
1983,99665838.0
1984,97497913.0
1985,97496990.0
1986,97496074.0
1987,97495220.0
1988,95109885.0
1989,95109086.0
1990,95107739.0
1991,95106759.0
1992,92963842.0
1993,92963143.0
1994,92962427.0
1995,92961714.0
1996,87016194.0
1997,87015268.0
1998,87014247.0
1999,87013147.0
2000,84653757.0
2001,84652730.0
2002,84651942.0
2003,84651049.0
2004,82988668.0
2005,82987578.0
2006,82986853.0
2007,82985874.0
2008,80480862.0
2009,80479752.0
2010,80478686.0
2011,80477577.0
2012,78587649.0
2013,78587023.0
2014,78586206.0
2015,78571890.0
2016,78570691.0
2017,78324646.0
2018,72478191.0
2019,70115328.0
2020,4681407.0
2021,13306242.0
2022,3843856.0
2023,3638737.0
2024,13071752.0
2025,4431253.0
2026,4431029.0
2027,68025627.0
2028,1156697.0
2029,9824494.0
2030,9824384.0
2031,9824254.0
2032,9464787.0
2033,9464670.0
2034,1031842.0
2035,1031768.0
2036,67024.0
2037,8315785.0
2038,8315678.0
2039,65588.0
2040,7561013.0
2041,2131726.0
2042,7560854.0
2043,9982966.0
2044,7224717.0
2045,1934676.0
2046,1934629.0
2047,7224456.0
2048,1750440.0
2049,6913292.0
2050,6913190.0
2051,1750272.0
2052,9289417.0
2053,1105763.0
2054,8137178.0
2055,1105534.0
2056,8136898.0
2057,5033165.0
2058,745625.0
2059,5032966.0
2060,7321019.0
2061,4608068.0
2062,6875132.0
2063,547604.0
2064,547571.0
2065,967134.0
2066,3026803.0
2067,4996064.0
2068,3026636.0
2069,346353087.0
2070,346352901.0
2071,346352676.0
2072,346352423.0
2073,345519951.0
2074,345519304.0
2075,345519005.0
2076,345518749.0
2077,3821887.0
2078,110778.0
2079,110773.0
2080,110761.0
2081,343487978.0
2082,343487545.0
2083,343487328.0
2084,343486907.0
2085,340668301.0
2086,340667995.0
2087,340667784.0
2088,340667488.0
2089,339704065.0
2090,339703845.0
2091,339703628.0
2092,339703387.0
2093,337556116.0
2094,337554339.0
2095,337554064.0
2096,337553785.0
2097,336641381.0
2098,336640592.0
2099,336640140.0
2100,336639713.0
2101,3067960.0
2102,3067869.0
2103,129781.0
2104,3067408.0
2105,104772.0
2106,104767.0
2107,104764.0
2108,2645236.0
2109,330732150.0
2110,330731857.0
2111,330731668.0
2112,330731485.0
2113,1495346.0
2114,2869557.0
2115,1495179.0
2116,57614.0
2117,947199.0
2118,489760.0
2119,946947.0
2120,19129.0
2121,6661.0
2122,159752.0
2123,310640.0
2124,159566.0
2125,4408020.0
2126,5525427.0
2127,5525020.0
2128,4408001.0
2129,5104168.0
2130,5104003.0
2131,4099376.0
2132,4099297.0
2133,4523945.0
2134,4724822.0
2135,3721518.0
2136,3721438.0
2137,4523387.0
2138,3812962.0
2139,2953918.0
2140,3812778.0
2141,3812683.0
2142,2620551.0
2143,2620496.0
2144,3223351.0
2145,3223291.0
2146,3018819.0
2147,2852240.0
2148,3018673.0
2149,3018492.0
2150,2685952.0
2151,2685828.0
2152,2685755.0
2153,2050754.0
2154,2368184.0
2155,14081971.0
2156,14081132.0
2157,14079364.0
2158,14078738.0
2159,314845926.0
2160,314768060.0
2161,314767762.0
2162,314767511.0
2163,314767272.0
2164,313437098.0
2165,313436814.0
2166,798586.0
2167,546506.0
2168,312187809.0
2169,312187432.0
2170,312187023.0
2171,312186758.0
2172,311050955.0
2173,311050644.0
2174,311050264.0
2175,311049979.0
2176,309826529.0
2177,309826292.0
2178,309826080.0
2179,309825651.0
2180,306433951.0
2181,306433718.0
2182,306433460.0
2183,306433161.0
2184,305289537.0
2185,305289074.0
2186,305288765.0
2187,305288476.0
2188,304429530.0
2189,304429051.0
2190,304428642.0
2191,304428135.0
2192,302902573.0
2193,302902368.0
2194,302902106.0
2195,302901885.0
2196,302076669.0
2197,302076323.0
2198,302050697.0
2199,302050246.0
2200,299083385.0
2201,299083133.0
2202,299082938.0
2203,299082670.0
2204,297996855.0
2205,297996537.0
2206,297996257.0
2207,297995891.0
2208,297105894.0
2209,297105642.0
2210,297105308.0
2211,297104977.0
2212,295060286.0
2213,295059883.0
2214,295059430.0
2215,295059136.0
2216,295058835.0
2217,290748411.0
2218,290723526.0
2219,290723180.0
2220,78591.0
2221,9675071.0
2222,9674972.0
2223,9674872.0
2224,9674774.0
2225,9383429.0
2226,9352026.0
2227,9351895.0
2228,9351808.0
2229,9383113.0
2230,9034561.0
2231,9067488.0
2232,9067355.0
2233,9032861.0
2234,7958094.0
2235,7957949.0
2236,7957830.0
2237,7957741.0
2238,7598586.0
2239,7598497.0
2240,7598281.0
2241,7597690.0
2242,7274984.0
2243,7274466.0
2244,7274332.0
2245,7311856.0
2246,6957787.0
2247,6920705.0
2248,6920636.0
2249,6920557.0
2250,5226952.0
2251,5188474.0
2252,5188360.0
2253,5226580.0
2254,4731240.0
2255,4770057.0
2256,4770000.0
2257,4769938.0
2258,4769873.0
2259,4448789.0
2260,4448707.0
2261,4409757.0
2262,4448559.0
2263,2623600.0
2264,2661867.0
2265,2661759.0
2266,2623307.0
2267,262351669.0
2268,262351072.0
2269,262350703.0
2270,262350253.0
2271,133306.0
2272,133164.0
2273,161340.0
2274,132930.0
2275,18445103.0
2276,18151562.0
2277,18151490.0
2278,18151405.0
2279,17873874.0
2280,17873802.0
2281,17873734.0
2282,18158396.0
2283,250991793.0
2284,17601098.0
2285,250991159.0
2286,250990878.0
2287,249246092.0
2288,249244040.0
2289,249243613.0
2290,249242914.0
2291,245480234.0
2292,245480001.0
2293,245479659.0
2294,245479371.0
2295,16543105.0
2296,16266050.0
2297,243996611.0
2298,243994342.0
2299,243993735.0
2300,243992198.0
2301,243504837.0
2302,243504461.0
2303,243504072.0
2304,243503578.0
2305,242012192.0
2306,242011818.0
2307,242011427.0
2308,242010692.0
2309,240459573.0
2310,240459198.0
2311,240458884.0
2312,240458558.0
2313,236358861.0
2314,236358471.0
2315,236357970.0
2316,236357288.0
2317,234953272.0
2318,234953016.0
2319,234952762.0
2320,234952465.0
2321,234952111.0
2322,233560775.0
2323,233560286.0
2324,233559783.0
2325,233559314.0
2326,231907385.0
2327,231906677.0
2328,231906059.0
2329,231903185.0
2330,231902839.0
2331,230854811.0
2332,230854050.0
2333,13652387.0
2334,13652318.0
2335,13652247.0
2336,230500693.0
2337,226637414.0
2338,226636752.0
2339,226636053.0
2340,226635404.0
2341,225032484.0
2342,225032144.0
2343,225031747.0
2344,225031147.0
2345,223655818.0
2346,223655404.0
2347,223654953.0
2348,223654487.0
2349,221828585.0
2350,221827740.0
2351,221827257.0
2352,221826943.0
2353,221826644.0
2354,220797314.0
2355,220796969.0
2356,220796523.0
2357,220795987.0
2358,217147438.0
2359,217125715.0
2360,217125448.0
2361,217125111.0
2362,217124634.0
2363,215890448.0
2364,215890210.0
2365,215889896.0
2366,215889414.0
2367,215888969.0
2368,214450745.0
2369,214450447.0
2370,214450042.0
2371,214449562.0
2372,213350571.0
2373,213350307.0
2374,213350028.0
2375,213349722.0
2376,212130346.0
2377,212130101.0
2378,212129836.0
2379,212129553.0
2380,207959087.0
2381,207958589.0
2382,207958290.0
2383,207957896.0
2384,207055600.0
2385,206757372.0
2386,206757111.0
2387,206756826.0
2388,206657070.0
2389,205454393.0
2390,205454024.0
2391,205453731.0
2392,205453416.0
2393,204189585.0
2394,204189307.0
2395,204189065.0
2396,204188693.0
2397,202953213.0
2398,202952951.0
2399,7820337.0
2400,202951636.0
2401,199166039.0
2402,6891185.0
2403,199044845.0
2404,199044443.0
2405,199044041.0
2406,199043636.0
2407,6606818.0
2408,6606742.0
2409,6606648.0
2410,197895597.0
2411,196661265.0
2412,196660946.0
2413,196660633.0
2414,196660275.0
2415,195185962.0
2416,195185677.0
2417,195185314.0
2418,195184885.0
2419,194023522.0
2420,194016261.0
2421,194014935.0
2422,194014498.0
2423,194014196.0
2424,190398848.0
2425,190398431.0
2426,190398161.0
2427,190397446.0
2428,188952223.0
2429,188951943.0
2430,188951674.0
2431,188951390.0
2432,186524424.0
2433,186524097.0
2434,186523673.0
2435,186523278.0
2436,185394139.0
2437,185393766.0
2438,185393107.0
2439,185392555.0
2440,181461736.0
2441,181461326.0
2442,181461003.0
2443,181460689.0
2444,180207512.0
2445,180207135.0
2446,180206740.0
2447,180206325.0
2448,179083965.0
2449,179083707.0
2450,179083250.0
2451,179082893.0
2452,177828259.0
2453,177827950.0
2454,177827645.0
2455,177827348.0
2456,176622122.0
2457,176621642.0
2458,176619885.0
2459,176619313.0
2460,172898242.0
2461,172898002.0
2462,172897639.0
2463,172897307.0
2464,170410440.0
2465,170410224.0
2466,170409975.0
2467,170409605.0
2468,1678175.0
2469,1678115.0
2470,1678042.0
2471,1677960.0
2472,1677877.0
2473,1324043.0
2474,1323950.0
2475,1323842.0
2476,1322516.0
2477,164710356.0
2478,164709858.0
2479,164709456.0
2480,164708970.0
2481,163193324.0
2482,163193068.0
2483,163192818.0
2484,163192538.0
2485,161670433.0
2486,161670046.0
2487,161669563.0
2488,161669105.0
2489,5108311.0
2490,5108262.0
2491,5108099.0
2492,5107961.0
2493,5107892.0
2494,4931693.0
2495,4931617.0
2496,4931560.0
2497,4931502.0
2498,4255264.0
2499,4255230.0
2500,4255187.0
2501,4255130.0
2502,4015059.0
2503,4015014.0
2504,4014972.0
2505,4014931.0
2506,3505169.0
2507,3505119.0
2508,3505081.0
2509,3505016.0
2510,3270667.0
2511,3270617.0
2512,3270561.0
2513,3270483.0
2514,2549916.0
2515,2549857.0
2516,2549768.0
2517,2517328.0
2518,2245699.0
2519,2133398.0
2520,2133243.0
2521,2133197.0
2522,2133140.0
2523,2133076.0
2524,1617056.0
2525,1616963.0
2526,1616800.0
2527,1616644.0
2528,1616359.0
2529,142087828.0
2530,1325201.0
2531,1325049.0
2532,1324815.0
2533,1324736.0
2534,1070296.0
2535,1070240.0
2536,1070178.0
2537,1070134.0
2538,327761.0
2539,327700.0
2540,327628.0
2541,327561.0
2542,40709.0
2543,1211481.0
2544,1211422.0
2545,1209411.0
2546,1209321.0
2547,782106.0
2548,782010.0
2549,781930.0
2550,781830.0
2551,366033.0
2552,365961.0
2553,365830.0
2554,365735.0
2555,365664.0
2556,365589.0
2557,365457.0
2558,131123900.0
2559,131123848.0
2560,131123793.0
2561,131123739.0
2562,201458.0
2563,200556.0
2564,200429.0
2565,200251.0
2566,200110.0
2567,199908.0
2568,11427744.0
2569,11427652.0
2570,11427537.0
2571,11427423.0
2572,10954733.0
2573,10949163.0
2574,10949039.0
2575,10948926.0
2576,10948792.0
2577,10460095.0
2578,10459989.0
2579,10459884.0
2580,10459749.0
2581,10000679.0
2582,10000279.0
2583,10000165.0
2584,10000068.0
2585,9999105.0
2586,8549125.0
2587,8549010.0
2588,8548913.0
2589,8548775.0
2590,8063278.0
2591,8063194.0
2592,8063068.0
2593,8062900.0
2594,7526429.0
2595,7526304.0
2596,7526136.0
2597,7526011.0
2598,6569126.0
2599,6568978.0
2600,6568878.0
2601,6568764.0
2602,5114895.0
2603,5114744.0
2604,5114450.0
2605,5114158.0
2606,4499929.0
2607,4415172.0
2608,4375746.0
2609,4375652.0
2610,4375539.0
2611,4375397.0
2612,3993889.0
2613,3993747.0
2614,3993613.0
2615,3993445.0
2616,3499251.0
2617,3499103.0
2618,3499006.0
2619,3498878.0
2620,3071751.0
2621,3071649.0
2622,3071551.0
2623,3042149.0
2624,3040322.0
2625,1155408.0
2626,1145388.0
2627,671841.0
2628,671550.0
2629,671251.0
2630,670917.0
2631,299079.0
2632,298922.0
2633,298542.0
2634,298368.0
2635,261831.0
2636,2468053.0
2637,2467823.0
2638,2467656.0
2639,2458634.0
2640,1950183.0
2641,1950099.0
2642,1950012.0
2643,1949897.0
2644,1665216.0
2645,1665109.0
2646,1665014.0
2647,1664909.0
2648,99312521.0
2649,99312170.0
2650,99311809.0
2651,99311467.0
2652,98065883.0
2653,98065455.0
2654,98065110.0
2655,98064737.0
2656,97474658.0
2657,97474327.0
2658,97473946.0
2659,97473629.0
2660,95529944.0
2661,95529521.0
2662,92700597.0
2663,92700340.0
2664,92700064.0
2665,92699694.0
2666,91757206.0
2667,91756899.0
2668,91756598.0
2669,91755918.0
2670,90804151.0
2671,90803420.0
2672,89849154.0
2673,2213442.0
2674,2213299.0
2675,1491347.0
2676,1491144.0
2677,235502.0
2678,235201.0
2679,235421.0
2680,234849.0
2681,2708277.0
2682,2696727.0
2683,3429086.0
2684,2696430.0
2685,3428871.0
2686,1296179.0
2687,1296022.0
2688,1295839.0
2689,1295680.0
2690,885289.0
2691,885133.0
2692,1689575.0
2693,884758.0
2694,1328202.0
2695,469099.0
2696,1327763.0
2697,1327576.0
2698,44948.0
2699,1008710.0
2700,44396.0
2701,44312.0
2702,44040.0
2703,75471.0
2704,622839.0
2705,75323.0
2706,622616.0
2707,74403260.0
2708,74402934.0
2709,74402494.0
2710,74401790.0
2711,73523553.0
2712,73523018.0
2713,73522706.0
2714,73522361.0
2715,72671892.0
2716,72671574.0
2717,72671305.0
2718,72665681.0
2719,72665345.0
2720,71684869.0
2721,71684285.0
2722,71683741.0
2723,71682185.0
2724,68340713.0
2725,68340345.0
2726,68339891.0
2727,68339052.0
2728,67511614.0
2729,67511064.0
2730,67510775.0
2731,67510255.0
2732,62983374.0
2733,62982907.0
2734,62982632.0
2735,62982230.0
2736,62054433.0
2737,62053730.0
2738,62052947.0
2739,62052672.0
2740,61012116.0
2741,61011785.0
2742,61011470.0
2743,61011056.0
2744,60125969.0
2745,60125651.0
2746,60125314.0
2747,60124983.0
2748,59260547.0
2749,59260038.0
2750,59259480.0
2751,59258617.0
2752,56719431.0
2753,56719105.0
2754,56718829.0
2755,56718450.0
2756,55885863.0
2757,55885353.0
2758,55885088.0
2759,55884742.0
2760,285435.0
2761,393905.0
2762,285434.0
2763,285431.0
2764,391494.0
2765,391493.0
2766,391492.0
2767,391491.0
2768,50465871.0
2769,50465576.0
2770,50465203.0
2771,50464877.0
2772,49659054.0
2773,49658438.0
2774,49658127.0
2775,49657871.0
2776,48847865.0
2777,48847165.0
2778,48846870.0
2779,48846291.0
2780,48182041.0
2781,48181542.0
2782,48181129.0
2783,48180678.0
2784,375407.0
2785,270604.0
2786,375389.0
2787,270596.0
2788,47158389.0
2789,47157900.0
2790,47157543.0
2791,47157286.0
2792,43566078.0
2793,43565505.0
2794,43564940.0
2795,43564501.0
2796,42575682.0
2797,42575165.0
2798,42574483.0
2799,42564260.0
2800,40869233.0
2801,40868352.0
2802,40867818.0
2803,40867394.0
2804,347563.0
2805,249361.0
2806,249360.0
2807,249359.0
2808,37858824.0
2809,37858168.0
2810,37857579.0
2811,37856895.0
2812,35996476.0
2813,35995617.0
2814,35994200.0
2815,35993624.0
2816,35993058.0
2817,35038748.0
2818,35037380.0
2819,35036567.0
2820,35034089.0
2821,35025602.0
2822,234289.0
2823,326452.0
2824,32026181.0
2825,32025599.0
2826,31234679.0
2827,31233580.0
2828,31231472.0
2829,31230975.0
2830,30277919.0
2831,30277508.0
2832,30277089.0
2833,30276652.0
2834,26501702.0
2835,26501210.0
2836,26500739.0
2837,26500355.0
2838,25729337.0
2839,25728728.0
2840,25727992.0
2841,25727306.0
2842,25726534.0
2843,25725196.0
2844,25724794.0
2845,24220217.0
2846,24219608.0
2847,24218607.0
2848,24217547.0
2849,24216979.0
2850,24216109.0
2851,23485304.0
2852,23483520.0
2853,23482532.0
2854,23481869.0
2855,23481304.0
2856,23480701.0
2857,21304423.0
2858,21303873.0
2859,21303381.0
2860,21302889.0
2861,19690945.0
2862,19690209.0
2863,19689866.0
2864,19689337.0
2865,18898009.0
2866,18897578.0
2867,18897020.0
2868,18896252.0
2869,18733338.0
2870,18733309.0
2871,18733293.0
2872,18733269.0
2873,18634603.0
2874,18634571.0
2875,18634556.0
2876,18634539.0
2877,191521.0
2878,191519.0
2879,191517.0
2880,191514.0
2881,18573106.0
2882,18573080.0
2883,18573061.0
2884,18573034.0
2885,18539325.0
2886,18539307.0
2887,18539285.0
2888,18539269.0
2889,18501885.0
2890,18501856.0
2891,18501824.0
2892,18501795.0
2893,18325419.0
2894,18325374.0
2895,18325336.0
2896,18325310.0
2897,18260818.0
2898,18260784.0
2899,18260733.0
2900,18259595.0
2901,18204395.0
2902,18204360.0
2903,18204316.0
2904,18204272.0
2905,17929947.0
2906,17929893.0
2907,17929847.0
2908,17929796.0
2909,17872977.0
2910,17872935.0
2911,17872817.0
2912,17872792.0
2913,17832399.0
2914,17832370.0
2915,17832341.0
2916,17832325.0
2917,17800470.0
2918,17800451.0
2919,17800424.0
2920,17800405.0
2921,17701361.0
2922,17701330.0
2923,17701295.0
2924,17701237.0
2925,17656155.0
2926,17656127.0
2927,17656093.0
2928,17656056.0
2929,147492.0
2930,147490.0
2931,208518.0
2932,208517.0
2933,17578721.0
2934,17578676.0
2935,17578655.0
2936,17578633.0
2937,17431907.0
2938,17431847.0
2939,17431819.0
2940,17431741.0
2941,17393318.0
2942,17393296.0
2943,17393273.0
2944,17393235.0
2945,17393203.0
2946,17358650.0
2947,17358637.0
2948,17358609.0
2949,17358579.0
2950,17358551.0
2951,17324405.0
2952,17324308.0
2953,17324274.0
2954,17324255.0
2955,182408.0
2956,127330.0
2957,182407.0
2958,182405.0
2959,125130.0
2960,179445.0
2961,125127.0
2962,125126.0
2963,17115066.0
2964,17115009.0
2965,17114946.0
2966,17114905.0
2967,17056931.0
2968,17056878.0
2969,17056836.0
2970,17056759.0
2971,16990507.0
2972,16990414.0
2973,16990377.0
2974,16990346.0
2975,16784234.0
2976,16784192.0
2977,16784122.0
2978,16784082.0
2979,16732847.0
2980,16732772.0
2981,16732751.0
2982,16732718.0
2983,16678260.0
2984,16678237.0
2985,16678211.0
2986,16678085.0
2987,153257.0
2988,107525.0
2989,153256.0
2990,16639390.0
2991,16639349.0
2992,16606276.0
2993,16606256.0
2994,16606233.0
2995,16606218.0
2996,16519026.0
2997,16518991.0
2998,16518969.0
2999,16518947.0
3000,16459983.0
3001,16459967.0
3002,16459947.0
3003,16459927.0
3004,16430269.0
3005,16430250.0
3006,16430230.0
3007,16430197.0
3008,16400150.0
3009,16400121.0
3010,16400099.0
3011,16400063.0
3012,16306416.0
3013,16306388.0
3014,16306357.0
3015,16306333.0
3016,16274588.0
3017,16274548.0
3018,16274478.0
3019,16274458.0
3020,16242747.0
3021,16242700.0
3022,16242674.0
3023,16242650.0
3024,16204302.0
3025,16204286.0
3026,16204206.0
3027,16204184.0
3028,86163.0
3029,124184.0
3030,124183.0
3031,86157.0
3032,16084661.0
3033,16084635.0
3034,16084606.0
3035,16084587.0
3036,16043276.0
3037,16043258.0
3038,16043232.0
3039,16043210.0
3040,16006553.0
3041,16006519.0
3042,16006484.0
3043,16006361.0
3044,16006330.0
3045,15910348.0
3046,15910307.0
3047,15910218.0
3048,15910166.0
3049,15716712.0
3050,15716664.0
3051,15716620.0
3052,15716577.0
3053,15642573.0
3054,15642491.0
3055,15642449.0
3056,15642404.0
3057,15584275.0
3058,15584243.0
3059,15584219.0
3060,15584196.0
3061,15535242.0
3062,15535193.0
3063,15535118.0
3064,15535072.0
3065,15487867.0
3066,15487836.0
3067,15487805.0
3068,15487774.0
3069,15406139.0
3070,15406098.0
3071,15406075.0
3072,15406046.0
3073,15406021.0
3074,15376554.0
3075,15376530.0
3076,15376487.0
3077,15376451.0
3078,15345727.0
3079,15345704.0
3080,15287566.0
3081,15287506.0
3082,15287467.0
3083,15287431.0
3084,15201811.0
3085,15201790.0
3086,15201751.0
3087,15201729.0
3088,15144170.0
3089,15144077.0
3090,15144059.0
3091,15144028.0
3092,15144011.0
3093,15115801.0
3094,15115769.0
3095,15115751.0
3096,15115721.0
3097,15115700.0
3098,15087202.0
3099,15087173.0
3100,15087151.0
3101,15087110.0
3102,14886342.0
3103,14886318.0
3104,14886276.0
3105,14886256.0
3106,14886227.0
3107,14616780.0
3108,14616724.0
3109,14616676.0
3110,14616627.0
3111,14497098.0
3112,14497059.0
3113,14497022.0
3114,14496969.0
3115,14452030.0
3116,14451995.0
3117,14451967.0
3118,14451946.0
3119,14338485.0
3120,14338463.0
3121,14338425.0
3122,14338398.0
3123,14304948.0
3124,14304922.0
3125,14300138.0
3126,14300114.0
3127,14300090.0
3128,14300073.0
3129,14266119.0
3130,14266084.0
3131,14266064.0
3132,14266054.0
3133,14231237.0
3134,14231205.0
3135,14231154.0
3136,14231140.0
3137,14203928.0
3138,14203898.0
3139,14203252.0
3140,14203216.0
3141,14117369.0
3142,14117011.0
3143,14116977.0
3144,14116953.0
3145,14116929.0
3146,14085124.0
3147,14084997.0
3148,14084979.0
3149,14084960.0
3150,14084923.0
3151,14030722.0
3152,14030694.0
3153,14030671.0
3154,14030639.0
3155,14002045.0
3156,14002023.0
3157,14002012.0
3158,14001994.0
3159,14001962.0
3160,13923001.0
3161,13922985.0
3162,13922968.0
3163,13922943.0
3164,13837130.0
3165,13837102.0
3166,13837086.0
3167,13837067.0
3168,13805261.0
3169,13805227.0
3170,13805201.0
3171,13805183.0
3172,13720923.0
3173,13720906.0
3174,13720885.0
3175,13720867.0
3176,13691703.0
3177,13691678.0
3178,13691650.0
3179,13691632.0
3180,13613377.0
3181,13613349.0
3182,13613322.0
3183,13613293.0
3184,13564500.0
3185,13564459.0
3186,13564413.0
3187,13564374.0
3188,13338291.0
3189,13338152.0
3190,13338050.0
3191,13337934.0
3192,13255170.0
3193,13255110.0
3194,13255074.0
3195,13255039.0
3196,13141094.0
3197,13141065.0
3198,13141019.0
3199,13140991.0
3200,13088715.0
3201,13088690.0
3202,13088645.0
3203,13088556.0
3204,13088538.0
3205,13088520.0
3206,13058224.0
3207,13058189.0
3208,13058109.0
3209,13058072.0
3210,13030122.0
3211,13030105.0
3212,13030092.0
3213,13030072.0
3214,12915096.0
3215,12915080.0
3216,12915059.0
3217,12915035.0
3218,12891204.0
3219,12891179.0
3220,12891158.0
3221,12891138.0
3222,12891123.0
3223,12861841.0
3224,12861824.0
3225,12861806.0
3226,12861780.0
3227,12830068.0
3228,12830050.0
3229,12830036.0
3230,12830023.0
3231,12789821.0
3232,12789800.0
3233,12789782.0
3234,12789760.0
3235,12594166.0
3236,12594105.0
3237,12594068.0
3238,12594042.0
3239,12521831.0
3240,12521791.0
3241,12521748.0
3242,12521686.0
3243,12501873.0
3244,12501868.0
3245,12501862.0
3246,12501856.0
3247,133972.0
3248,133956.0
3249,9342.0
3250,133943.0
3251,8864.0
3252,126030.0
3253,126024.0
3254,126015.0
3255,2015.0
3256,21050.0
3257,21045.0
3258,1275.0
3259,1094.0
3260,1843656.0
3261,1843590.0
3262,1843513.0
3263,834372.0
3264,834133.0
3265,481035.0
3266,8712208.0
3267,8712167.0
3268,8711747.0
3269,8410665.0
3270,8410615.0
3271,8410536.0
3272,8605737.0
3273,8605546.0
3274,8261102.0
3275,8474088.0
3276,8135269.0
3277,8120320.0
3278,7696409.0
3279,8018908.0
3280,8018750.0
3281,7739746.0
3282,7739718.0
3283,7739577.0
3284,7130914.0
3285,7130856.0
3286,7425921.0
3287,6644769.0
3288,6381824.0
3289,6642611.0
3290,6218887.0
3291,6469501.0
3292,6218774.0
3293,63743673.0
3294,63742500.0
3295,63741237.0
3296,63740529.0
3297,59984293.0
3298,59983397.0
3299,59982199.0
3300,59980941.0
3301,59913767.0
3302,58157199.0
3303,58156316.0
3304,58155569.0
3305,58154040.0
3306,52236347.0
3307,52235357.0
3308,52234035.0
3309,52233120.0
3310,50210038.0
3311,50208609.0
3312,50207747.0
3313,50206892.0
3314,46383327.0
3315,46382106.0
3316,46381359.0
3317,46380376.0
3318,44471402.0
3319,44470406.0
3320,44469668.0
3321,44468853.0
3322,38553989.0
3323,38552789.0
3324,38550449.0
3325,38549518.0
3326,36352631.0
3327,36351451.0
3328,36350558.0
3329,36349576.0
3330,34504830.0
3331,34503697.0
3332,34502772.0
3333,34501765.0
3334,30511857.0
3335,30510965.0
3336,30510040.0
3337,22701214.0
3338,22700234.0
3339,22699213.0
3340,22698274.0
3341,20570584.0
3342,20562170.0
3343,20532158.0
3344,20531216.0
3345,18461019.0
3346,18460022.0
3347,18458884.0
3348,18457837.0
3349,16239011.0
3350,16237812.0
3351,16236380.0
3352,16235338.0
3353,10021800.0
3354,9987425.0
3355,9986466.0
3356,9985202.0
3357,7932058.0
3358,7930976.0
3359,7929611.0
3360,7928748.0
3361,5897680.0
3362,5896079.0
3363,5894301.0
3364,5893380.0
3365,3917176.0
3366,3916378.0
3367,3915412.0
3368,3914485.0
3369,1908339.0
3370,1905414.0
3371,1904096.0
3372,1903088.0
3373,121565561.0
3374,121564539.0
3375,121563506.0
3376,121562475.0
3377,119594541.0
3378,119593602.0
3379,119592572.0
3380,119591400.0
3381,117531700.0
3382,117530826.0
3383,117529529.0
3384,117528710.0
3385,115268160.0
3386,115266097.0
3387,115265027.0
3388,115264003.0
3389,113238369.0
3390,113237246.0
3391,113236022.0
3392,113234539.0
3393,453393537.0
3394,453393402.0
3395,453393313.0
3396,453393208.0
3397,453239466.0
3398,453239383.0
3399,453239302.0
3400,453239202.0
3401,453072605.0
3402,453072429.0
3403,453072331.0
3404,453068268.0
3405,452923491.0
3406,452923234.0
3407,452923129.0
3408,452923001.0
3409,452773446.0
3410,452773352.0
3411,452773222.0
3412,452773134.0
3413,452146261.0
3414,452146101.0
3415,452145973.0
3416,452145864.0
3417,451974059.0
3418,451973951.0
3419,451973819.0
3420,451973706.0
3421,451754980.0
3422,451754867.0
3423,451754773.0
3424,451754646.0
3425,451524974.0
3426,451524819.0
3427,451524674.0
3428,451524354.0
3429,450872941.0
3430,450872809.0
3431,450872696.0
3432,450872534.0
3433,450621320.0
3434,450621173.0
3435,450620869.0
3436,450620473.0
3437,450619892.0
3438,450336928.0
3439,450336743.0
3440,450336527.0
3441,450336358.0
3442,450007190.0
3443,450004451.0
3444,450004254.0
3445,450003970.0
3446,449623451.0
3447,449623276.0
3448,449623095.0
3449,3968177.0
3450,449047907.0
3451,449047726.0
3452,449047550.0
3453,449047388.0
3454,448851277.0
3455,448851181.0
3456,448851073.0
3457,448645413.0
3458,448645203.0
3459,448645069.0
3460,448644891.0
3461,448508679.0
3462,448508582.0
3463,448508511.0
3464,448508414.0
3465,448361169.0
3466,448361068.0
3467,448360976.0
3468,448045538.0
3469,448045465.0
3470,448045355.0
3471,448045272.0
3472,447880757.0
3473,447880660.0
3474,447880588.0
3475,447880496.0
3476,447743244.0
3477,447743161.0
3478,447743062.0
3479,447742993.0
3480,447742827.0
3481,447598566.0
3482,447598426.0
3483,447598344.0
3484,447598269.0
3485,447454897.0
3486,447454752.0
3487,447454659.0
3488,447454574.0
3489,447454514.0
3490,447019302.0
3491,447019203.0
3492,447019104.0
3493,447019024.0
3494,446827945.0
3495,446827785.0
3496,446827626.0
3497,446827509.0
3498,446592799.0
3499,446592614.0
3500,446592464.0
3501,446592357.0
3502,446409048.0
3503,446408940.0
3504,446408845.0
3505,445859442.0
3506,445859332.0
3507,445859199.0
3508,445686893.0
3509,445686417.0
3510,445686292.0
3511,445686192.0
3512,445686087.0
3513,445136843.0
3514,445136579.0
3515,445136199.0
3516,445135886.0
3517,444808873.0
3518,444808708.0
3519,444808572.0
3520,444808361.0
3521,442608594.0
3522,442608493.0
3523,442608400.0
3524,442327570.0
3525,442327440.0
3526,442327302.0
3527,442327227.0
3528,442317056.0
3529,442316975.0
3530,442189934.0
3531,442189833.0
3532,442189711.0
3533,442189172.0
3534,442189050.0
Total Records Reject 324 
