Total Records Added 904 
#.,ID
0,2105351
1,13472189
2,533760840
3,533760016
4,533758932
5,533754385
6,533753477
7,533744708
8,533744331
9,533743973
10,533743540
11,2104252
12,13630084
13,13467046
14,13466719
15,2104004
16,13628876
17,13465378
18,13465262
19,13627560
20,533733252
21,2103644
22,533732748
23,533731103
24,533730726
25,533730338
26,533729961
27,533724835
28,13623272
29,13460881
30,533701966
31,533701741
32,533701178
33,533700885
34,13456504
35,533700101
36,2101646
37,533699693
38,13456217
39,533699014
40,13456116
41,533698600
42,533697496
43,13615771
44,533689356
45,533689117
46,13453598
47,533688803
48,13615192
49,533688278
50,13614949
51,533687024
52,13614555
53,13452669
54,13614296
55,533684760
56,13452398
57,13451109
58,13450968
59,13450867
60,13450657
61,13611359
62,13449486
63,13449348
64,13610876
65,2099682
66,13448072
67,13447971
68,13447860
69,2099240
70,13608050
71,13607930
72,2099157
73,13443347
74,2098460
75,13604500
76,13604418
77,533643920
78,533642943
79,533642434
80,533641914
81,533619995
82,533619499
83,533618985
84,533618416
85,533611766
86,533611306
87,533610495
88,533609947
89,533586752
90,533585610
91,13426874
92,13587383
93,13426674
94,533583696
95,2094516
96,533579014
97,533574037
98,533573559
99,13584422
100,2093850
101,13583457
102,13583367
103,13583303
104,2093605
105,13412913
106,13412666
107,13412560
108,13412410
109,13572119
110,13571994
111,2091011
112,13571731
113,533492557
114,533491630
115,533490971
116,533490185
117,533411614
118,533411076
119,533410334
120,533409768
121,533322349
122,533321866
123,533321300
124,533320591
125,13323496
126,13323410
127,13323344
128,13477855
129,531138215
130,531137265
131,531136507
132,531135589
133,530273560
134,12484183
135,12483949
136,12388751
137,12219567
138,12387976
139,12387796
140,12387629
141,529530376
142,529529658
143,529528964
144,529527700
145,12349835
146,12349674
147,12182024
148,12181826
149,12348813
150,12181118
151,12348307
152,12348125
153,12347909
154,12347710
155,12180261
156,12347493
157,12175922
158,12175690
159,12342815
160,12175366
161,12339888
162,12172561
163,12172444
164,12172160
165,12337594
166,12170221
167,12169907
168,12158678
169,12325223
170,12325141
171,12158428
172,12156511
173,12321382
174,12320471
175,529317939
176,529317360
177,1907856
178,529316865
179,529316242
180,529264551
181,529264079
182,529263530
183,529263019
184,529260280
185,529259447
186,529258672
187,12138994
188,12303156
189,12137716
190,12302842
191,12302721
192,12136640
193,12301620
194,529245989
195,529245196
196,529243564
197,529243078
198,529242475
199,529241760
200,529232416
201,529231663
202,529231055
203,1904864
204,529230048
205,12132598
206,12132351
207,12296859
208,529208574
209,529207678
210,529205994
211,529204759
212,529194360
213,529193824
214,12123554
215,12120266
216,12120000
217,12283739
218,12283389
219,12118645
220,529173995
221,529173255
222,529172655
223,529172459
224,12118180
225,12118162
226,529171997
227,529171976
228,12118008
229,529171191
230,529170667
231,12281647
232,12281498
233,12281485
234,12281210
235,12117270
236,12116772
237,12280540
238,12116199
239,12116047
240,12279839
241,12278833
242,529159353
243,12114744
244,529158625
245,529157835
246,529156791
247,12277112
248,12276985
249,1901468
250,12272219
251,12108586
252,12271913
253,12271904
254,12271770
255,12108040
256,12107907
257,529092682
258,12260262
259,529091360
260,12259862
261,12259614
262,12096728
263,12096518
264,1899715
265,12258719
266,12258578
267,529085108
268,12255598
269,12255466
270,12092988
271,12254963
272,529066135
273,529065488
274,529064780
275,529063650
276,12250123
277,12087425
278,12086868
279,12083788
280,12245433
281,12083374
282,12244944
283,529028269
284,529027724
285,529027192
286,529026567
287,529005912
288,529004041
289,529002461
290,528997283
291,528994121
292,528993569
293,528992915
294,528989374
295,528987552
296,528987024
297,528986558
298,528985852
299,528982392
300,528981634
301,528981154
302,528980614
303,12066043
304,1895485
305,12226347
306,12065529
307,12065512
308,1895398
309,12225616
310,12225391
311,12221986
312,1894870
313,1894856
314,1894846
315,528932373
316,528931593
317,528931039
318,528930347
319,528929354
320,12051428
321,12051254
322,12210434
323,12050828
324,12049496
325,12049181
326,12049097
327,12208336
328,528875212
329,528684466
330,528683736
331,528683211
332,528682622
333,11872896
334,11721694
335,11843574
336,11693547
337,527638942
338,527638750
339,11692023
340,527637827
341,11681446
342,11681276
343,11681148
344,11830136
345,527585860
346,527585143
347,11678699
348,11827679
349,11826934
350,11826836
351,527577752
352,11677643
353,11677634
354,11826588
355,11677504
356,11677235
357,11676905
358,527573159
359,1840195
360,11824478
361,11675233
362,11823881
363,11674860
364,1839968
365,11674334
366,11674119
367,11822886
368,11822824
369,11822807
370,11822761
371,11822642
372,11673793
373,11673721
374,11673508
375,11822151
376,11821283
377,527554947
378,527554552
379,527554177
380,527553685
381,11818837
382,11818539
383,527542958
384,527540965
385,527540600
386,527540263
387,11668555
388,11814844
389,11666231
390,527524495
391,527523503
392,527513662
393,527513192
394,11810127
395,527512771
396,527512342
397,527512316
398,11661207
399,11661019
400,11809140
401,11660668
402,11806687
403,11658236
404,11657194
405,11657064
406,11656950
407,11656767
408,527492067
409,527490269
410,527489167
411,527487989
412,527482502
413,527481256
414,527480749
415,527480228
416,11651816
417,527473090
418,11650575
419,527468734
420,527461004
421,527460180
422,11796195
423,527459756
424,527459627
425,527459577
426,11648158
427,527459065
428,11648037
429,527458714
430,527458583
431,527458401
432,527457988
433,527457795
434,527457477
435,527457094
436,527456962
437,527456861
438,527456698
439,527456285
440,527455801
441,11645760
442,11793138
443,11645243
444,11788400
445,11788210
446,11639884
447,1835259
448,11638496
449,527422263
450,527421318
451,11785364
452,527418502
453,527417948
454,11637041
455,11783579
456,11783413
457,11635619
458,11783098
459,527407126
460,527401500
461,527400654
462,527400620
463,527400041
464,527398689
465,527397568
466,527396923
467,11777531
468,11629976
469,11777135
470,11776941
471,527380067
472,527379544
473,527379044
474,527378476
475,11622262
476,11769296
477,1832866
478,11768906
479,527359248
480,527356040
481,527353970
482,527352911
483,527352294
484,527351909
485,527351511
486,527350538
487,11759601
488,11612699
489,11759080
490,11612262
491,11758528
492,11611617
493,11611534
494,11757897
495,11611317
496,11756228
497,11755969
498,11608351
499,11754516
500,11607812
501,11607722
502,11607642
503,11607530
504,11607448
505,1830566
506,11604675
507,11750683
508,11604343
509,11593643
510,11593399
511,11592958
512,11738154
513,11590691
514,11735773
515,11735438
516,11590113
517,527193770
518,527190750
519,527188584
520,527187452
521,527186010
522,11718360
523,11574148
524,11717932
525,11717560
526,526085715
527,526084888
528,526082084
529,526081599
530,526075123
531,526074787
532,1779203
533,526074071
534,526073470
535,526072915
536,526072844
537,526072490
538,526072247
539,526069467
540,526069041
541,526057468
542,526053819
543,526052829
544,526051876
545,1778344
546,11235509
547,11366404
548,11366235
549,11229943
550,11365890
551,11227985
552,11363842
553,11227853
554,11363748
555,11363595
556,11227581
557,11363241
558,11362883
559,526012617
560,526011808
561,526011154
562,526010619
563,526001183
564,11358320
565,11358186
566,11222640
567,11357945
568,11353309
569,11353163
570,525972954
571,525971682
572,525970428
573,525969612
574,11215274
575,11215055
576,11349869
577,11214586
578,11349502
579,11214381
580,11349203
581,11349032
582,525947587
583,525947169
584,525946552
585,11208381
586,525936817
587,525936396
588,1774453
589,11200752
590,11200590
591,11333784
592,11197023
593,525892411
594,525891085
595,525890206
596,525888976
597,11327516
598,11194697
599,11194551
600,11326945
601,11193935
602,11326316
603,11326100
604,11193344
605,525872290
606,525871645
607,525870745
608,525869811
609,525869257
610,525868736
611,525867281
612,525865379
613,525863218
614,525862350
615,525858897
616,525858440
617,525858083
618,525857399
619,11186750
620,11186559
621,11186547
622,11186420
623,11318370
624,11318289
625,11186076
626,11185999
627,11185787
628,525842209
629,525841615
630,11182961
631,525841290
632,525841050
633,525840413
634,525840014
635,11182590
636,525840005
637,525839880
638,525839456
639,525839159
640,525838872
641,525836082
642,525835655
643,525835441
644,525834972
645,11181079
646,11180942
647,525829529
648,525829025
649,11311204
650,525828626
651,11311045
652,525828218
653,11310954
654,11310864
655,525819931
656,525819523
657,525818970
658,525818750
659,525818434
660,525817702
661,525817605
662,525817360
663,525816857
664,525816584
665,11175768
666,11306620
667,11306146
668,11174839
669,525789662
670,525789107
671,525788421
672,525787658
673,525744356
674,525743754
675,525743092
676,525742343
677,525735528
678,525734991
679,525734323
680,525733359
681,525732783
682,11277119
683,11276814
684,11276512
685,11147595
686,11143617
687,11143495
688,11143319
689,11271364
690,11142933
691,11271061
692,11270592
693,11142387
694,11142298
695,1765780
696,11270226
697,11270180
698,11270016
699,525657414
700,525656851
701,11254201
702,525621418
703,11127070
704,11126557
705,11253086
706,525540467
707,525539939
708,525539471
709,525538713
710,525286508
711,525285903
712,525284744
713,525282634
714,524784837
715,524783815
716,524782839
717,524781464
718,10975263
719,1725652
720,10974512
721,10974285
722,10843763
723,10957893
724,10841879
725,10955995
726,10948421
727,10948041
728,10832750
729,10947581
730,10832318
731,10947337
732,524681631
733,10832093
734,10946747
735,10830298
736,10830147
737,10829973
738,10944718
739,10941115
740,10940403
741,10824031
742,10823742
743,10920231
744,10806660
745,10919889
746,10806313
747,10917893
748,10804148
749,1717901
750,10803540
751,10907576
752,524533340
753,524532605
754,10905437
755,1716391
756,10904802
757,10904614
758,524528358
759,1715912
760,10901010
761,10900811
762,10900452
763,524510603
764,524506494
765,10785460
766,10897130
767,524493854
768,524493240
769,524492384
770,524491759
771,524490829
772,524489688
773,524488535
774,524482112
775,524481632
776,524481045
777,524480366
778,10891655
779,1714674
780,524359022
781,524358475
782,524357358
783,10745714
784,10853392
785,10745408
786,10745228
787,524325683
788,524310634
789,524310164
790,524309787
791,524309369
792,10842516
793,1708546
794,10841885
795,524286532
796,10730374
797,10729521
798,10836131
799,1707755
800,10835762
801,10834550
802,10834355
803,10834163
804,10834022
805,524254745
806,524253397
807,10830114
808,10829864
809,524252397
810,10829632
811,1706808
812,10828844
813,10722268
814,10828481
815,10828080
816,10721604
817,10721568
818,10721442
819,1706640
820,10827542
821,10721075
822,10827168
823,524230872
824,524229662
825,524225462
826,524224656
827,10715376
828,10821226
829,10715028
830,10714901
831,524219504
832,524218906
833,524218323
834,524218271
835,524217663
836,524216295
837,524215479
838,524197357
839,524196849
840,524196222
841,524195727
842,10808858
843,10703361
844,524178611
845,524177973
846,10703054
847,10808173
848,524175157
849,524174354
850,524174328
851,524173558
852,524172709
853,524172060
854,524170413
855,10700362
856,10697924
857,10696652
858,10801423
859,10801215
860,10801078
861,524133806
862,524132138
863,524132080
864,524131380
865,524130673
866,524129823
867,524128154
868,524127436
869,524090472
870,524088853
871,524087011
872,524085857
873,10666212
874,10769396
875,10769239
876,10665770
877,10767206
878,524029698
879,10663574
880,10663490
881,524005284
882,524003990
883,523869076
884,523866737
885,523866092
886,523865041
887,523864453
888,523863718
889,523526469
890,523526098
891,523525662
892,10384970
893,10384566
894,1645803
895,10286237
896,10322681
897,10322145
898,10226806
899,10226660
900,522518536
901,522517908
902,522517101
903,522509758
Total Records Reject 195 
