Total Records Added 1060 
#.,ID
0,517191311.0
1,8637787.0
2,8637629.0
3,8637488.0
4,8632284.0
5,8680469.0
6,8672598.0
7,8672420.0
8,8672280.0
9,8672129.0
10,517126816.0
11,517125982.0
12,517125145.0
13,517123083.0
14,8663904.0
15,8616875.0
16,8663393.0
17,8663186.0
18,517084670.0
19,517083995.0
20,517083344.0
21,517082446.0
22,517079192.0
23,8601993.0
24,8601906.0
25,517044849.0
26,1405650.0
27,8646917.0
28,517043657.0
29,517042569.0
30,517040745.0
31,516811088.0
32,516810179.0
33,516809220.0
34,516808282.0
35,515875351.0
36,8269232.0
37,8228275.0
38,8268631.0
39,1354761.0
40,8267834.0
41,515783488.0
42,515782820.0
43,515781319.0
44,515780541.0
45,8232316.0
46,8193495.0
47,8192482.0
48,8191585.0
49,515725327.0
50,8229860.0
51,515724102.0
52,515722936.0
53,8229247.0
54,515720790.0
55,8189757.0
56,8228097.0
57,8189460.0
58,8227751.0
59,515706166.0
60,515705394.0
61,8184350.0
62,8222430.0
63,8183961.0
64,8183883.0
65,8221941.0
66,8221793.0
67,8183398.0
68,515688982.0
69,515687976.0
70,515687331.0
71,515686747.0
72,8181470.0
73,515684660.0
74,515684003.0
75,515682806.0
76,515682005.0
77,8176572.0
78,8174005.0
79,8211509.0
80,515656078.0
81,8173365.0
82,515654200.0
83,515651016.0
84,1345755.0
85,8163572.0
86,8200236.0
87,8199856.0
88,8162472.0
89,8162182.0
90,515610854.0
91,515610019.0
92,515609278.0
93,8198484.0
94,515606814.0
95,8195731.0
96,8195564.0
97,1344985.0
98,8195208.0
99,515549284.0
100,515548334.0
101,8145544.0
102,515547108.0
103,8181077.0
104,8180903.0
105,8145067.0
106,515545709.0
107,515541854.0
108,515541390.0
109,515540953.0
110,515540336.0
111,515539137.0
112,8143206.0
113,515536263.0
114,8177684.0
115,515504198.0
116,515503704.0
117,515503298.0
118,515502783.0
119,515499571.0
120,515498145.0
121,515497332.0
122,515496610.0
123,515470159.0
124,515469635.0
125,515469110.0
126,515468666.0
127,8153863.0
128,8119674.0
129,1339534.0
130,8153207.0
131,515447670.0
132,8118040.0
133,515445640.0
134,8117821.0
135,515444605.0
136,8151514.0
137,515443942.0
138,8117407.0
139,515443285.0
140,8150837.0
141,515442135.0
142,8116918.0
143,515441653.0
144,8116796.0
145,515441168.0
146,515429506.0
147,515428826.0
148,515427410.0
149,515426753.0
150,8110438.0
151,8143624.0
152,8143499.0
153,515416645.0
154,515415728.0
155,8109740.0
156,515415092.0
157,1338103.0
158,515414425.0
159,8109009.0
160,8142280.0
161,8141931.0
162,8137822.0
163,1337406.0
164,8104338.0
165,8104192.0
166,8137372.0
167,8136946.0
168,8136663.0
169,8135818.0
170,515388968.0
171,515388326.0
172,8135246.0
173,8134951.0
174,8134748.0
175,8101402.0
176,8134307.0
177,8101186.0
178,8134202.0
179,8134110.0
180,8133994.0
181,515365815.0
182,515365278.0
183,515364824.0
184,515364356.0
185,515352725.0
186,515351651.0
187,8085806.0
188,515324387.0
189,1334768.0
190,8111278.0
191,1334083.0
192,8110860.0
193,8110734.0
194,515299207.0
195,515297289.0
196,515296529.0
197,515295276.0
198,515292740.0
199,515291695.0
200,515290797.0
201,515289959.0
202,8068157.0
203,8068036.0
204,1332570.0
205,8098680.0
206,8097200.0
207,8097004.0
208,8065970.0
209,8096594.0
210,1332277.0
211,8065604.0
212,8096143.0
213,8096009.0
214,515142498.0
215,515141592.0
216,515140164.0
217,515139097.0
218,515068252.0
219,515067065.0
220,515066116.0
221,515065216.0
222,1326154.0
223,514907050.0
224,514764682.0
225,514763719.0
226,514762958.0
227,514761924.0
228,514314772.0
229,514313884.0
230,514312652.0
231,7694102.0
232,7679492.0
233,513826782.0
234,513826156.0
235,513825258.0
236,513824534.0
237,513823686.0
238,513822651.0
239,513809718.0
240,513808383.0
241,513807615.0
242,513806726.0
243,8104192.0
244,515352725.0
245,7649575.0
246,7662060.0
247,7652427.0
248,7652024.0
249,7639530.0
250,7651304.0
251,7651055.0
252,1272431.0
253,7650038.0
254,513736946.0
255,513735824.0
256,513730943.0
257,513730235.0
258,513729483.0
259,513728638.0
260,513718777.0
261,513718172.0
262,513717609.0
263,513717033.0
264,7637936.0
265,7626449.0
266,7637694.0
267,7636400.0
268,7636162.0
269,7635982.0
270,7633552.0
271,7633426.0
272,7622002.0
273,7621844.0
274,7621169.0
275,7620838.0
276,513675156.0
277,7630934.0
278,513674632.0
279,7619964.0
280,7630797.0
281,513674112.0
282,513673533.0
283,7630563.0
284,513669976.0
285,7629440.0
286,513669234.0
287,513668609.0
288,7618432.0
289,7618247.0
290,513667789.0
291,7617957.0
292,7617330.0
293,7627889.0
294,7627685.0
295,7616813.0
296,7615792.0
297,7626277.0
298,513649525.0
299,513647893.0
300,513646467.0
301,513645515.0
302,1268860.0
303,7622251.0
304,513641754.0
305,513641256.0
306,513640780.0
307,513640294.0
308,7620340.0
309,7620039.0
310,7619425.0
311,513632961.0
312,513632517.0
313,513632053.0
314,513631531.0
315,7608171.0
316,7605499.0
317,7615517.0
318,7615397.0
319,7605145.0
320,7603734.0
321,7603648.0
322,1267692.0
323,7613660.0
324,7603478.0
325,7603451.0
326,7613497.0
327,7603340.0
328,7603170.0
329,513609409.0
330,7612798.0
331,7612593.0
332,7601557.0
333,7601371.0
334,1267385.0
335,7601108.0
336,7601016.0
337,7600920.0
338,7600815.0
339,1267300.0
340,7600475.0
341,7606710.0
342,513581468.0
343,513580745.0
344,7595230.0
345,513580031.0
346,7594998.0
347,7604034.0
348,513578377.0
349,7594541.0
350,513569580.0
351,513568805.0
352,513564839.0
353,513561922.0
354,7589218.0
355,7598067.0
356,513556955.0
357,1265664.0
358,1265630.0
359,513552886.0
360,513552094.0
361,513551349.0
362,513550589.0
363,7581209.0
364,513528574.0
365,7580843.0
366,7589186.0
367,1264604.0
368,7588952.0
369,7580463.0
370,7588754.0
371,7580304.0
372,7580174.0
373,513525119.0
374,7588533.0
375,7580008.0
376,7579964.0
377,513524278.0
378,7579771.0
379,7579622.0
380,7579439.0
381,513520447.0
382,513519910.0
383,513513752.0
384,513512931.0
385,513512237.0
386,513511366.0
387,513510375.0
388,513509775.0
389,7584044.0
390,513509033.0
391,7575744.0
392,513508285.0
393,7575547.0
394,7575075.0
395,7574900.0
396,7569393.0
397,7577201.0
398,7577100.0
399,7576808.0
400,1263028.0
401,7568745.0
402,7568398.0
403,7568156.0
404,7567909.0
405,1259521.0
406,7548105.0
407,7547949.0
408,7542178.0
409,513352696.0
410,513351429.0
411,513351005.0
412,7540779.0
413,513198515.0
414,513197539.0
415,513195864.0
416,513194794.0
417,513144631.0
418,513143587.0
419,513142635.0
420,513141403.0
421,512925225.0
422,512923588.0
423,512922763.0
424,512922037.0
425,512921199.0
426,512605835.0
427,512605589.0
428,512605252.0
429,512605024.0
430,511943751.0
431,511942930.0
432,511941761.0
433,511940689.0
434,7103603.0
435,7103382.0
436,7102655.0
437,7102304.0
438,511853642.0
439,511852847.0
440,7099308.0
441,7099066.0
442,511851014.0
443,1196671.0
444,511850132.0
445,1196627.0
446,7096435.0
447,7092614.0
448,7091793.0
449,7091538.0
450,7093823.0
451,7090104.0
452,7089953.0
453,7093416.0
454,7092956.0
455,7092845.0
456,7092740.0
457,7092540.0
458,7088272.0
459,511776985.0
460,511776250.0
461,7076263.0
462,7079883.0
463,7075633.0
464,7079016.0
465,511752187.0
466,511727352.0
467,511726844.0
468,511726345.0
469,511725799.0
470,511703615.0
471,511702797.0
472,7062929.0
473,511702548.0
474,511702247.0
475,7058205.0
476,7058019.0
477,511701602.0
478,7062551.0
479,7050766.0
480,7055510.0
481,7055343.0
482,7055173.0
483,511670282.0
484,511669212.0
485,511668130.0
486,511667734.0
487,7014143.0
488,1185242.0
489,7013874.0
490,7020274.0
491,7012428.0
492,1185015.0
493,7018717.0
494,7018578.0
495,511529621.0
496,511528222.0
497,511525858.0
498,511521410.0
499,7009535.0
500,7016023.0
501,511511922.0
502,511510346.0
503,7003919.0
504,7003823.0
505,7003722.0
506,7003608.0
507,6545041.0
508,6544798.0
509,6544323.0
510,6563024.0
511,1118558.0
512,6553959.0
513,509935414.0
514,6547177.0
515,509934285.0
516,509933033.0
517,509931881.0
518,509931215.0
519,509930960.0
520,509930297.0
521,6526364.0
522,509930220.0
523,6526209.0
524,509929384.0
525,509929360.0
526,6545722.0
527,6545692.0
528,6525948.0
529,509928666.0
530,6545537.0
531,509928408.0
532,509928375.0
533,6525625.0
534,509898019.0
535,509896540.0
536,509895679.0
537,509895083.0
538,509735503.0
539,509734829.0
540,509733839.0
541,509733080.0
542,509480159.0
543,509479214.0
544,509478335.0
545,509476907.0
546,899335.0
547,4971302.0
548,4893077.0
549,4870093.0
550,4949474.0
551,4868786.0
552,4868338.0
553,4948428.0
554,4867868.0
555,4948014.0
556,504478066.0
557,4866869.0
558,504477123.0
559,4866695.0
560,504475956.0
561,4866495.0
562,504474933.0
563,4946378.0
564,504472095.0
565,4865260.0
566,4865065.0
567,4864911.0
568,504469430.0
569,504468811.0
570,4945303.0
571,504468169.0
572,890558.0
573,4862872.0
574,4943361.0
575,4861870.0
576,890071.0
577,4940079.0
578,4939956.0
579,4858857.0
580,4939683.0
581,4939474.0
582,4939269.0
583,4939225.0
584,4938674.0
585,4855789.0
586,4855634.0
587,4936883.0
588,4855232.0
589,504415460.0
590,504371672.0
591,504369784.0
592,504367623.0
593,4922363.0
594,504365012.0
595,4917443.0
596,504338113.0
597,504337185.0
598,504337011.0
599,4912260.0
600,4827953.0
601,4827690.0
602,4911600.0
603,504318247.0
604,504314897.0
605,504312855.0
606,504311544.0
607,504310386.0
608,504309586.0
609,504308564.0
610,504307721.0
611,4895335.0
612,4809063.0
613,4894988.0
614,883760.0
615,4807477.0
616,4893594.0
617,4806912.0
618,4893025.0
619,504239680.0
620,504238423.0
621,504236873.0
622,504235610.0
623,504215317.0
624,504214074.0
625,504213034.0
626,4799148.0
627,504211793.0
628,4886080.0
629,4796343.0
630,4883460.0
631,4883302.0
632,4795724.0
633,504145806.0
634,504144708.0
635,504143622.0
636,4863746.0
637,4863429.0
638,4773626.0
639,4773441.0
640,4772272.0
641,4861823.0
642,4861703.0
643,504110321.0
644,4861526.0
645,504109126.0
646,504107775.0
647,504106733.0
648,504061423.0
649,504060535.0
650,504059165.0
651,504058022.0
652,504025195.0
653,504024384.0
654,504023712.0
655,504022888.0
656,504019135.0
657,4746813.0
658,4839625.0
659,4839508.0
660,503975778.0
661,503974917.0
662,503974094.0
663,503973220.0
664,4733453.0
665,4733218.0
666,4733014.0
667,4732760.0
668,873987.0
669,4726685.0
670,873930.0
671,4726170.0
672,503926590.0
673,503925629.0
674,503851762.0
675,503850569.0
676,503848955.0
677,503847326.0
678,503846142.0
679,503772388.0
680,503771670.0
681,503770991.0
682,503770169.0
683,503760693.0
684,4368224.0
685,4229370.0
686,4222061.0
687,4221899.0
688,4221775.0
689,4221642.0
690,4210394.0
691,502139084.0
692,502138157.0
693,502137197.0
694,502104730.0
695,502103754.0
696,4310805.0
697,802581.0
698,4310056.0
699,4164431.0
700,502023754.0
701,4309638.0
702,502022833.0
703,4164006.0
704,502021721.0
705,4309243.0
706,502020667.0
707,4162819.0
708,4162645.0
709,4162606.0
710,4307906.0
711,502010030.0
712,502009272.0
713,502008557.0
714,4306118.0
715,502007824.0
716,802016.0
717,4305840.0
718,4160031.0
719,4305719.0
720,501995263.0
721,501993219.0
722,501991988.0
723,4152984.0
724,4299214.0
725,4299052.0
726,501976488.0
727,4152357.0
728,501975382.0
729,501975077.0
730,501973417.0
731,501972117.0
732,501969792.0
733,4297127.0
734,4150166.0
735,4149959.0
736,4296597.0
737,4296230.0
738,4295994.0
739,4294728.0
740,800465.0
741,4146437.0
742,4141718.0
743,799840.0
744,4141274.0
745,4288680.0
746,501925699.0
747,501924848.0
748,799483.0
749,501924157.0
750,4138537.0
751,4286217.0
752,4286034.0
753,4285867.0
754,4137693.0
755,4137322.0
756,4285139.0
757,501911118.0
758,4133798.0
759,4133560.0
760,4133356.0
761,4133116.0
762,501900257.0
763,501899456.0
764,501898476.0
765,501896880.0
766,4277602.0
767,4277389.0
768,4277339.0
769,4128347.0
770,4128307.0
771,501885510.0
772,4128286.0
773,501885057.0
774,4277038.0
775,501884888.0
776,501884627.0
777,4127999.0
778,4276820.0
779,4127922.0
780,501884107.0
781,4276759.0
782,4276692.0
783,4127699.0
784,4276592.0
785,501874387.0
786,501873909.0
787,501873450.0
788,501872950.0
789,4270864.0
790,4121222.0
791,4121034.0
792,4120853.0
793,4269655.0
794,797130.0
795,4119645.0
796,4269187.0
797,4266150.0
798,4265957.0
799,4115853.0
800,4115664.0
801,4265693.0
802,4265445.0
803,796585.0
804,501834906.0
805,501834019.0
806,4113134.0
807,501832605.0
808,4112961.0
809,501831401.0
810,4263102.0
811,501830628.0
812,4112394.0
813,501829318.0
814,501826956.0
815,501825690.0
816,501823989.0
817,501823840.0
818,501823277.0
819,501823149.0
820,501822582.0
821,501822448.0
822,501821802.0
823,501821551.0
824,501820928.0
825,501820568.0
826,501742936.0
827,501741027.0
828,501740535.0
829,501739791.0
830,4083235.0
831,4083060.0
832,792840.0
833,4236656.0
834,501733205.0
835,501731823.0
836,501731046.0
837,4235533.0
838,501729191.0
839,4235404.0
840,4235271.0
841,4235157.0
842,4215194.0
843,4058327.0
844,4214575.0
845,4214367.0
846,501643827.0
847,501643159.0
848,8096594.0
849,1332277.0
850,514313884.0
851,7652024.0
852,7635982.0
853,7630797.0
854,4265273.0
855,501642564.0
856,501641892.0
857,501637711.0
858,501637028.0
859,4211473.0
860,501635375.0
861,501609058.0
862,501607958.0
863,501606800.0
864,501605893.0
865,501562174.0
866,501561492.0
867,501560681.0
868,501559634.0
869,501480468.0
870,501479996.0
871,501479493.0
872,501479033.0
873,501466342.0
874,501464889.0
875,501463413.0
876,501462520.0
877,501390944.0
878,501389891.0
879,501388998.0
880,501388165.0
881,4145870.0
882,4145691.0
883,4145421.0
884,4145239.0
885,501356286.0
886,500741145.0
887,500740564.0
888,500740008.0
889,500739464.0
890,500333074.0
891,500332395.0
892,500331691.0
893,500330723.0
894,3798176.0
895,3618171.0
896,3617844.0
897,3797264.0
898,3612110.0
899,3785998.0
900,3785874.0
901,3603290.0
902,3783608.0
903,3602306.0
904,500221212.0
905,3780781.0
906,3780627.0
907,728149.0
908,3780348.0
909,3779274.0
910,500209342.0
911,500208210.0
912,500207122.0
913,500203743.0
914,3594925.0
915,3776496.0
916,500167505.0
917,500167066.0
918,500166394.0
919,3580520.0
920,3580195.0
921,3579901.0
922,3762660.0
923,500143565.0
924,500143094.0
925,500142447.0
926,500141972.0
927,3576965.0
928,500135114.0
929,500131275.0
930,500129551.0
931,3574247.0
932,3757671.0
933,3757514.0
934,3757343.0
935,500111518.0
936,500110948.0
937,500110155.0
938,500104593.0
939,500103001.0
940,500102395.0
941,500096848.0
942,500095735.0
943,500095020.0
944,500094856.0
945,500094279.0
946,500092671.0
947,500091531.0
948,3562761.0
949,3562637.0
950,3562535.0
951,3562504.0
952,3747013.0
953,3746962.0
954,3562242.0
955,3562060.0
956,500073614.0
957,3558960.0
958,500072680.0
959,3743573.0
960,500072017.0
961,500071378.0
962,500071325.0
963,3743092.0
964,500071008.0
965,500070487.0
966,3742824.0
967,3742593.0
968,500068569.0
969,3742398.0
970,3557096.0
971,3742090.0
972,500066880.0
973,500066363.0
974,3556814.0
975,3741802.0
976,3741365.0
977,500062490.0
978,500061136.0
979,500060537.0
980,500059906.0
981,500059303.0
982,3740019.0
983,500051469.0
984,500044355.0
985,500042630.0
986,500038729.0
987,3734450.0
988,500037640.0
989,3548393.0
990,500036939.0
991,3734006.0
992,500036015.0
993,3733816.0
994,500015978.0
995,500015119.0
996,500013326.0
997,500012635.0
998,500007914.0
999,500007408.0
1000,500006630.0
1001,500006037.0
1002,500005768.0
1003,500005520.0
1004,500005138.0
1005,500004733.0
1006,500001480.0
1007,500000819.0
1008,500000025.0
1009,499999359.0
1010,3535391.0
1011,3535226.0
1012,3722226.0
1013,3534808.0
1014,3532635.0
1015,3532154.0
1016,3719386.0
1017,3718950.0
1018,719335.0
1019,3714937.0
1020,3526475.0
1021,3526237.0
1022,3714048.0
1023,718904.0
1024,3523540.0
1025,3523374.0
1026,3523187.0
1027,499939416.0
1028,499938482.0
1029,499937856.0
1030,499937169.0
1031,499902461.0
1032,499901899.0
1033,499901429.0
1034,499900910.0
1035,3507505.0
1036,3697321.0
1037,3697092.0
1038,3696947.0
1039,499841175.0
1040,499840484.0
1041,499839667.0
1042,499838961.0
1043,499793204.0
1044,499792514.0
1045,499791779.0
1046,499791120.0
1047,3668071.0
1048,3474515.0
1049,3667779.0
1050,3474190.0
1051,499700882.0
1052,499699843.0
1053,499698710.0
1054,499697436.0
1055,499435548.0
1056,499434734.0
1057,499433315.0
1058,499432046.0
1059,499431023.0
Total Records Reject 245 
