Total Records Added 1394 
#.,ID
0,538230490
1,538230043
2,538228922
3,14770152
4,14770064
5,14945567
6,2424422
7,14769281
8,14769172
9,14944711
10,14769021
11,14769018
12,14768864
13,14768735
14,14768340
15,538196386
16,538195763
17,538195129
18,538192421
19,14759779
20,14759665
21,14934576
22,14934460
23,538170209
24,538169552
25,538169010
26,538168437
27,538144398
28,538143714
29,538142924
30,538141994
31,538079091
32,538078664
33,538078244
34,538077857
35,537720206
36,537719735
37,537719326
38,537718979
39,14799679
40,14575276
41,14400585
42,536958374
43,14573774
44,536957294
45,536957146
46,536956900
47,536956525
48,536956122
49,536956113
50,14572570
51,14398977
52,14572319
53,536947345
54,536947260
55,536945746
56,14397389
57,536945061
58,14397030
59,14570329
60,14396764
61,2332321
62,14568997
63,14568436
64,14394846
65,14564464
66,14564319
67,14564183
68,2331120
69,14388131
70,14388029
71,14561394
72,14387836
73,2329418
74,14383568
75,14556774
76,14556643
77,14383212
78,14556423
79,14383002
80,14382902
81,14382821
82,14556077
83,2329180
84,14555850
85,14382452
86,14381105
87,14552725
88,2327644
89,14549479
90,14376207
91,14548846
92,14375509
93,14375148
94,2327273
95,14374110
96,14547157
97,14373884
98,14373740
99,14546635
100,14546487
101,14546294
102,536847871
103,536846184
104,536845324
105,14540392
106,14367024
107,14540039
108,2325303
109,536823395
110,536822973
111,536822143
112,536821565
113,2325038
114,2325009
115,14365288
116,14365246
117,14538221
118,2324935
119,536820080
120,14365017
121,536814687
122,536814073
123,536813545
124,14363035
125,536812225
126,536811693
127,14362793
128,536811435
129,14362738
130,14362640
131,14362616
132,536810707
133,14535289
134,536809779
135,14535210
136,14535195
137,536809701
138,14362205
139,536809129
140,14534998
141,14534990
142,536808906
143,14362057
144,14534863
145,14534713
146,14361838
147,14534692
148,14534548
149,14534129
150,536805534
151,14361125
152,536805001
153,536804452
154,536803634
155,536803078
156,536802624
157,536802135
158,536801177
159,14359854
160,14532701
161,536800725
162,14532617
163,14532539
164,536800071
165,536799368
166,536799195
167,536798486
168,536797955
169,536797409
170,536793929
171,536793545
172,536793271
173,536793128
174,536792750
175,536792740
176,536792294
177,536791783
178,14356760
179,14356644
180,14356539
181,536786223
182,536785747
183,14352965
184,14525310
185,14352656
186,14352544
187,14524334
188,14351794
189,536761000
190,536759562
191,536758269
192,536756024
193,536752526
194,536752106
195,536751425
196,536748218
197,536747605
198,14517629
199,14345088
200,536747137
201,14345005
202,536746535
203,14517354
204,536739457
205,536738796
206,536738758
207,536810412
208,536802624
209,536738622
210,536738353
211,536738171
212,536738027
213,536737981
214,536737689
215,536737580
216,536737420
217,536737012
218,536736758
219,536736658
220,536735912
221,14339739
222,14511671
223,14339279
224,14339125
225,536703823
226,536703137
227,536702489
228,536701614
229,14499081
230,2315967
231,14327219
232,14498696
233,14494863
234,14494762
235,14494622
236,14494472
237,536659615
238,536659023
239,14359854
240,536658258
241,536657568
242,2314201
243,14491100
244,14490965
245,14490816
246,14481924
247,14310828
248,14247568
249,14247484
250,14247374
251,14247276
252,535903731
253,535902348
254,535901415
255,535900502
256,535899111
257,2232226
258,535514647
259,535513972
260,535513295
261,535512169
262,535455518
263,535455117
264,535454727
265,535454324
266,535432140
267,535431276
268,14124524
269,13955230
270,14123759
271,14123433
272,14107484
273,14107362
274,2219286
275,13938760
276,535367686
277,13938255
278,535359166
279,535358761
280,535358125
281,535357578
282,14104065
283,14103749
284,535345879
285,535340217
286,535339003
287,13929527
288,14097136
289,13928950
290,14096792
291,535332391
292,535331787
293,535330934
294,535330163
295,13926949
296,535326361
297,14094683
298,13926509
299,535325517
300,13926314
301,535324818
302,535324246
303,535319453
304,535318579
305,535317780
306,535316885
307,14091295
308,535313920
309,535313156
310,535312521
311,535311564
312,535310226
313,535309731
314,535309272
315,535308708
316,13921714
317,14088757
318,14088569
319,14088333
320,14087944
321,13919012
322,13918715
323,14085786
324,13917970
325,13917810
326,13917664
327,13917525
328,14084701
329,2214067
330,13916961
331,13916956
332,14084181
333,2213995
334,13916572
335,13916304
336,14082975
337,14082575
338,13914888
339,13914707
340,14082121
341,2213497
342,13914493
343,14081692
344,14081533
345,535278681
346,535278231
347,535278228
348,535277778
349,535277653
350,535277638
351,535277002
352,14079549
353,2212861
354,535275291
355,14079141
356,535273972
357,13911345
358,13909706
359,14076705
360,14076601
361,2212220
362,13909379
363,14076411
364,2212131
365,535265286
366,13909047
367,535264703
368,535264015
369,535263333
370,535259152
371,2211701
372,535258462
373,13907197
374,535257676
375,535256861
376,535256743
377,535256025
378,535255628
379,535254342
380,535253629
381,13905022
382,14071674
383,13901168
384,14067576
385,13900869
386,13900733
387,14065256
388,14065146
389,14065074
390,2209668
391,2209648
392,13898337
393,2209051
394,13895839
395,14061945
396,14061819
397,13895630
398,13895517
399,13895320
400,13895230
401,14059480
402,14059383
403,2208397
404,2208370
405,535207754
406,535207381
407,535206947
408,535206177
409,535190954
410,535190424
411,14053818
412,13887999
413,535176156
414,535175684
415,535175232
416,535174681
417,535159735
418,535159241
419,535158658
420,535158033
421,535134325
422,535132955
423,535131332
424,535128857
425,535127757
426,535126502
427,535124577
428,535123295
429,13868971
430,14033286
431,14033034
432,14032918
433,535090337
434,535089386
435,535088896
436,535088450
437,14025604
438,14025396
439,14010762
440,13847410
441,14010398
442,14010082
443,534896351
444,534895619
445,534894688
446,534894032
447,13728027
448,13563822
449,2126509
450,13561902
451,13561590
452,13725521
453,534127456
454,13561331
455,13561303
456,534126789
457,534125734
458,2126153
459,534124513
460,13540828
461,13704704
462,13690952
463,13690709
464,13682955
465,13519025
466,2116239
467,2116188
468,533834231
469,533833658
470,533833011
471,533832165
472,533815912
473,533815117
474,533814524
475,13648926
476,533813961
477,13648786
478,13485582
479,13485381
480,13479924
481,13642642
482,533783900
483,533783398
484,533782114
485,13640412
486,533781495
487,13477442
488,13477264
489,13477101
490,13474388
491,13474234
492,13473440
493,533762377
494,13635282
495,13635188
496,2105351
497,13472189
498,533760840
499,533760016
500,533758932
501,533754385
502,533753477
503,533744708
504,533744331
505,533743973
506,533743540
507,2104252
508,13630084
509,13467046
510,13466719
511,2104004
512,13628876
513,13465378
514,13465262
515,13627560
516,533733252
517,2103644
518,533732748
519,533731103
520,533730726
521,533730338
522,533729961
523,533724835
524,13623272
525,13460881
526,533701966
527,533701741
528,533701178
529,533700885
530,13456504
531,533700101
532,2101646
533,533699693
534,13456217
535,533699014
536,13456116
537,533698600
538,533697496
539,13615771
540,533689356
541,533689117
542,13453598
543,533688803
544,13615192
545,533688278
546,13614949
547,533687024
548,13614555
549,13452669
550,13614296
551,533684760
552,13452398
553,13451109
554,13450968
555,13450867
556,13450657
557,13611359
558,13449486
559,13449348
560,13610876
561,2099682
562,13448072
563,13447971
564,13447860
565,2099240
566,13608050
567,13607930
568,2099157
569,13443347
570,2098460
571,13604500
572,13604418
573,533643920
574,533642943
575,533642434
576,533641914
577,533619995
578,533619499
579,533618985
580,533618416
581,533611766
582,533611306
583,533610495
584,533609947
585,533586752
586,533585610
587,13426874
588,13587383
589,13426674
590,533583696
591,2094516
592,533579014
593,533574037
594,533573559
595,13584422
596,2093850
597,13583457
598,13583367
599,13583303
600,2093605
601,13412913
602,13412666
603,13412560
604,13412410
605,13572119
606,13571994
607,2091011
608,13571731
609,533492557
610,533491630
611,533490971
612,533490185
613,533411614
614,533411076
615,533410334
616,533409768
617,533322349
618,533321866
619,533321300
620,533320591
621,13323496
622,13323410
623,13323344
624,13477855
625,531138215
626,531137265
627,531136507
628,531135589
629,530273560
630,12484183
631,12483949
632,12388751
633,12219567
634,12387976
635,12387796
636,12387629
637,529530376
638,529529658
639,529528964
640,529527700
641,12349835
642,12349674
643,12182024
644,12181826
645,12348813
646,12181118
647,12348307
648,12348125
649,12347909
650,12347710
651,12180261
652,12347493
653,12175922
654,12175690
655,12342815
656,12175366
657,12339888
658,12172561
659,12172444
660,12172160
661,12337594
662,12170221
663,12169907
664,12158678
665,12325223
666,12325141
667,12158428
668,12156511
669,12321382
670,12320471
671,529317939
672,529317360
673,1907856
674,529316865
675,529316242
676,529264551
677,529264079
678,529263530
679,529263019
680,529260280
681,529259447
682,529258672
683,12138994
684,12303156
685,12137716
686,12302842
687,12302721
688,12136640
689,12301620
690,529245989
691,529245196
692,529243564
693,529243078
694,529242475
695,529241760
696,529232416
697,529231663
698,529231055
699,1904864
700,529230048
701,12132598
702,12132351
703,12296859
704,529208574
705,529207678
706,529205994
707,529204759
708,529194360
709,529193824
710,12123554
711,12120266
712,12120000
713,12283739
714,12283389
715,12118645
716,529173995
717,529173255
718,529172655
719,529172459
720,12118180
721,12118162
722,529171997
723,529171976
724,12118008
725,529171191
726,529170667
727,12281647
728,12281498
729,12281485
730,12281210
731,12117270
732,12116772
733,12280540
734,12116199
735,12116047
736,12279839
737,12278833
738,529159353
739,12114744
740,529158625
741,529157835
742,529156791
743,12277112
744,12276985
745,1901468
746,12272219
747,12108586
748,12271913
749,12271904
750,12271770
751,12108040
752,12107907
753,529092682
754,12260262
755,529091360
756,12259862
757,12259614
758,12096728
759,12096518
760,1899715
761,12258719
762,12258578
763,529085108
764,12255598
765,12255466
766,12092988
767,12254963
768,529066135
769,529065488
770,529064780
771,529063650
772,12250123
773,12087425
774,12086868
775,12083788
776,12245433
777,12083374
778,12244944
779,529028269
780,529027724
781,529027192
782,529026567
783,529005912
784,529004041
785,529002461
786,528997283
787,528994121
788,528993569
789,528992915
790,528989374
791,528987552
792,528987024
793,528986558
794,528985852
795,528982392
796,528981634
797,528981154
798,528980614
799,12066043
800,1895485
801,12226347
802,12065529
803,12065512
804,1895398
805,12225616
806,12225391
807,12221986
808,1894870
809,1894856
810,1894846
811,528932373
812,528931593
813,528931039
814,528930347
815,528929354
816,12051428
817,12051254
818,12210434
819,12050828
820,12049496
821,12049181
822,12049097
823,12208336
824,528875212
825,528684466
826,528683736
827,528683211
828,528682622
829,11872896
830,11721694
831,11843574
832,11693547
833,527638942
834,527638750
835,11692023
836,527637827
837,11681446
838,11681276
839,11681148
840,11830136
841,527585860
842,527585143
843,11678699
844,11827679
845,11826934
846,11826836
847,527577752
848,11677643
849,11677634
850,11826588
851,11677504
852,11677235
853,11676905
854,527573159
855,1840195
856,11824478
857,11675233
858,11823881
859,11674860
860,1839968
861,11674334
862,11674119
863,11822886
864,11822824
865,11822807
866,11822761
867,11822642
868,11673793
869,11673721
870,11673508
871,11822151
872,11821283
873,527554947
874,527554552
875,527554177
876,527553685
877,11818837
878,11818539
879,527542958
880,527540965
881,527540600
882,527540263
883,11668555
884,11814844
885,11666231
886,527524495
887,527523503
888,527513662
889,527513192
890,11810127
891,527512771
892,527512342
893,527512316
894,11661207
895,11661019
896,11809140
897,11660668
898,11806687
899,11658236
900,11657194
901,11657064
902,11656950
903,11656767
904,527492067
905,527490269
906,527489167
907,527487989
908,527482502
909,527481256
910,527480749
911,527480228
912,11651816
913,527473090
914,11650575
915,527468734
916,527461004
917,527460180
918,11796195
919,527459756
920,527459627
921,527459577
922,11648158
923,527459065
924,11648037
925,527458714
926,527458583
927,527458401
928,527457988
929,527457795
930,527457477
931,527457094
932,527456962
933,527456861
934,527456698
935,527456285
936,527455801
937,11645760
938,11793138
939,11645243
940,11788400
941,11788210
942,11639884
943,1835259
944,11638496
945,527422263
946,527421318
947,11785364
948,527418502
949,527417948
950,11637041
951,11783579
952,11783413
953,11635619
954,11783098
955,527407126
956,527401500
957,527400654
958,527400620
959,527400041
960,527398689
961,527397568
962,527396923
963,11777531
964,11629976
965,11777135
966,11776941
967,527380067
968,527379544
969,527379044
970,527378476
971,11622262
972,11769296
973,1832866
974,11768906
975,527359248
976,527356040
977,527353970
978,527352911
979,527352294
980,527351909
981,527351511
982,527350538
983,11759601
984,11612699
985,11759080
986,11612262
987,11758528
988,11611617
989,11611534
990,11757897
991,11611317
992,11756228
993,11755969
994,11608351
995,11754516
996,11607812
997,11607722
998,11607642
999,11607530
1000,11607448
1001,1830566
1002,11604675
1003,11750683
1004,11604343
1005,11593643
1006,11593399
1007,11592958
1008,11738154
1009,11590691
1010,11735773
1011,11735438
1012,11590113
1013,527193770
1014,527190750
1015,527188584
1016,527187452
1017,527186010
1018,11718360
1019,11574148
1020,529205994
1021,11611534
1022,11757897
1023,11717932
1024,14525310
1025,14499081
1026,535454727
1027,11717560
1028,526085715
1029,526084888
1030,526082084
1031,526081599
1032,526075123
1033,526074787
1034,1779203
1035,526074071
1036,526073470
1037,526072915
1038,526072844
1039,526072490
1040,526072247
1041,526069467
1042,526069041
1043,526057468
1044,526053819
1045,526052829
1046,526051876
1047,1778344
1048,11235509
1049,11366404
1050,11366235
1051,11229943
1052,11365890
1053,11227985
1054,11363842
1055,11227853
1056,11363748
1057,11363595
1058,11227581
1059,11363241
1060,11362883
1061,526012617
1062,526011808
1063,526011154
1064,526010619
1065,526001183
1066,11358320
1067,11358186
1068,11222640
1069,11357945
1070,11353309
1071,11353163
1072,525972954
1073,525971682
1074,525970428
1075,525969612
1076,11215274
1077,11215055
1078,11349869
1079,11214586
1080,11349502
1081,11214381
1082,11349203
1083,11349032
1084,525947587
1085,525947169
1086,525946552
1087,11208381
1088,525936817
1089,525936396
1090,1774453
1091,11200752
1092,11200590
1093,11333784
1094,11197023
1095,525892411
1096,525891085
1097,525890206
1098,525888976
1099,11327516
1100,11194697
1101,11194551
1102,11326945
1103,11193935
1104,11326316
1105,11326100
1106,11193344
1107,525872290
1108,525871645
1109,525870745
1110,525869811
1111,525869257
1112,525868736
1113,525867281
1114,525865379
1115,525863218
1116,525862350
1117,525858897
1118,525858440
1119,525858083
1120,525857399
1121,11186750
1122,11186559
1123,11186547
1124,11186420
1125,11318370
1126,11318289
1127,11186076
1128,11185999
1129,11185787
1130,525842209
1131,525841615
1132,11182961
1133,525841290
1134,525841050
1135,525840413
1136,525840014
1137,11182590
1138,525840005
1139,525839880
1140,525839456
1141,525839159
1142,525838872
1143,525836082
1144,525835655
1145,525835441
1146,525834972
1147,11181079
1148,11180942
1149,525829529
1150,525829025
1151,11311204
1152,525828626
1153,11311045
1154,525828218
1155,11310954
1156,11310864
1157,525819931
1158,525819523
1159,525818970
1160,525818750
1161,525818434
1162,525817702
1163,525817605
1164,525817360
1165,525816857
1166,525816584
1167,11175768
1168,11306620
1169,11306146
1170,11174839
1171,525789662
1172,525789107
1173,525788421
1174,525787658
1175,525744356
1176,525743754
1177,525743092
1178,525742343
1179,525735528
1180,525734991
1181,525734323
1182,525733359
1183,525732783
1184,11277119
1185,11276814
1186,11276512
1187,11147595
1188,11143617
1189,11143495
1190,11143319
1191,11271364
1192,11142933
1193,11271061
1194,11270592
1195,11142387
1196,11142298
1197,1765780
1198,11270226
1199,11270180
1200,11270016
1201,525657414
1202,525656851
1203,11254201
1204,525621418
1205,11127070
1206,11126557
1207,11253086
1208,525540467
1209,525539939
1210,525539471
1211,525538713
1212,525286508
1213,525285903
1214,525284744
1215,525282634
1216,524784837
1217,524783815
1218,524782839
1219,524781464
1220,10975263
1221,1725652
1222,10974512
1223,10974285
1224,10843763
1225,10957893
1226,10841879
1227,10955995
1228,10948421
1229,10948041
1230,10832750
1231,10947581
1232,10832318
1233,10947337
1234,524681631
1235,10832093
1236,10946747
1237,10830298
1238,10830147
1239,10829973
1240,10944718
1241,10941115
1242,10940403
1243,10824031
1244,10823742
1245,10920231
1246,10806660
1247,10919889
1248,10806313
1249,10917893
1250,10804148
1251,1717901
1252,10803540
1253,10907576
1254,524533340
1255,524532605
1256,10905437
1257,1716391
1258,10904802
1259,10904614
1260,524528358
1261,1715912
1262,10901010
1263,10900811
1264,10900452
1265,524510603
1266,524506494
1267,10785460
1268,10897130
1269,524493854
1270,524493240
1271,524492384
1272,524491759
1273,524490829
1274,524489688
1275,524488535
1276,524482112
1277,524481632
1278,524481045
1279,524480366
1280,10891655
1281,1714674
1282,524359022
1283,524358475
1284,524357358
1285,10745714
1286,10853392
1287,10745408
1288,10745228
1289,524325683
1290,524310634
1291,524310164
1292,524309787
1293,524309369
1294,10842516
1295,1708546
1296,10841885
1297,524286532
1298,10730374
1299,10729521
1300,10836131
1301,1707755
1302,10835762
1303,10834550
1304,10834355
1305,10834163
1306,10834022
1307,524254745
1308,524253397
1309,10830114
1310,10829864
1311,524252397
1312,10829632
1313,1706808
1314,10828844
1315,10722268
1316,10828481
1317,10828080
1318,10721604
1319,10721568
1320,10721442
1321,1706640
1322,10827542
1323,10721075
1324,10827168
1325,524230872
1326,524229662
1327,524225462
1328,524224656
1329,10715376
1330,10821226
1331,10715028
1332,10714901
1333,524219504
1334,524218906
1335,524218323
1336,524218271
1337,524217663
1338,524216295
1339,524215479
1340,524197357
1341,524196849
1342,524196222
1343,524195727
1344,10808858
1345,10703361
1346,524178611
1347,524177973
1348,10703054
1349,10808173
1350,524175157
1351,524174354
1352,524174328
1353,524173558
1354,524172709
1355,524172060
1356,524170413
1357,10700362
1358,10697924
1359,10696652
1360,10801423
1361,10801215
1362,10801078
1363,524133806
1364,524132138
1365,524132080
1366,524131380
1367,524130673
1368,524129823
1369,524128154
1370,524127436
1371,524090472
1372,524088853
1373,524087011
1374,524085857
1375,10666212
1376,10769396
1377,10769239
1378,10665770
1379,10767206
1380,524029698
1381,10663574
1382,10663490
1383,524005284
1384,524003990
1385,523869076
1386,523866737
1387,523866092
1388,523865041
1389,523864453
1390,523863718
1391,523526469
1392,523526098
1393,523525662
Total Records Reject 390 
