Total Records Added 877 
#.,ID
0,533724835
1,13623272
2,13460881
3,533701966
4,533701741
5,533701178
6,533700885
7,13456504
8,533700101
9,2101646
10,533699693
11,13456217
12,533699014
13,13456116
14,533698600
15,533697496
16,13615771
17,533689356
18,533689117
19,13453598
20,533688803
21,13615192
22,533688278
23,13614949
24,533687024
25,13614555
26,13452669
27,13614296
28,533684760
29,13452398
30,13451109
31,13450968
32,13450867
33,13450657
34,13611359
35,13449486
36,13449348
37,13610876
38,2099682
39,13448072
40,13447971
41,13447860
42,2099240
43,13608050
44,13607930
45,2099157
46,13443347
47,2098460
48,13604500
49,13604418
50,533643920
51,533642943
52,533642434
53,533641914
54,533619995
55,533619499
56,533618985
57,533618416
58,533611766
59,533611306
60,533610495
61,533609947
62,533586752
63,533585610
64,13426874
65,13587383
66,13426674
67,533583696
68,2094516
69,533579014
70,533574037
71,533573559
72,13584422
73,2093850
74,13583457
75,13583367
76,13583303
77,2093605
78,13412913
79,13412666
80,13412560
81,13412410
82,13572119
83,13571994
84,2091011
85,13571731
86,533492557
87,533491630
88,533490971
89,533490185
90,533411614
91,533411076
92,533410334
93,533409768
94,533322349
95,533321866
96,533321300
97,533320591
98,13323496
99,13323410
100,13323344
101,13477855
102,531138215
103,531137265
104,531136507
105,531135589
106,530273560
107,12484183
108,12483949
109,12388751
110,12219567
111,12387976
112,12387796
113,12387629
114,529530376
115,529529658
116,529528964
117,529527700
118,12349835
119,12349674
120,12182024
121,12181826
122,12348813
123,12181118
124,12348307
125,12348125
126,12347909
127,12347710
128,12180261
129,12347493
130,12175922
131,12175690
132,12342815
133,12175366
134,12339888
135,12172561
136,12172444
137,12172160
138,12337594
139,12170221
140,12169907
141,12158678
142,12325223
143,12325141
144,12158428
145,12156511
146,12321382
147,12320471
148,529317939
149,529317360
150,1907856
151,529316865
152,529316242
153,529264551
154,529264079
155,529263530
156,529263019
157,529260280
158,529259447
159,529258672
160,12138994
161,12303156
162,12137716
163,12302842
164,12302721
165,12136640
166,12301620
167,529245989
168,529245196
169,529243564
170,529243078
171,529242475
172,529241760
173,529232416
174,529231663
175,529231055
176,1904864
177,529230048
178,12132598
179,12132351
180,12296859
181,529208574
182,529207678
183,529205994
184,529204759
185,529194360
186,529193824
187,12123554
188,12120266
189,12120000
190,12283739
191,12283389
192,12118645
193,529173995
194,529173255
195,529172655
196,529172459
197,12118180
198,12118162
199,529171997
200,529171976
201,12118008
202,529171191
203,529170667
204,12281647
205,12281498
206,12281485
207,12281210
208,12117270
209,12116772
210,12280540
211,12116199
212,12116047
213,12279839
214,12278833
215,529159353
216,12114744
217,529158625
218,529157835
219,529156791
220,12277112
221,12276985
222,1901468
223,12272219
224,12108586
225,12271913
226,12271904
227,12271770
228,12108040
229,12107907
230,529092682
231,12260262
232,529091360
233,12259862
234,12259614
235,12096728
236,12096518
237,1899715
238,12258719
239,12258578
240,529085108
241,12255598
242,12255466
243,12092988
244,12254963
245,529066135
246,529065488
247,529064780
248,529063650
249,12250123
250,12087425
251,12086868
252,12083788
253,12245433
254,12083374
255,12244944
256,529028269
257,529027724
258,529027192
259,529026567
260,529005912
261,529004041
262,529002461
263,528997283
264,528994121
265,528993569
266,528992915
267,528989374
268,528987552
269,528987024
270,528986558
271,528985852
272,528982392
273,528981634
274,528981154
275,528980614
276,12066043
277,1895485
278,12226347
279,12065529
280,12065512
281,1895398
282,12225616
283,12225391
284,12221986
285,1894870
286,1894856
287,1894846
288,528932373
289,528931593
290,528931039
291,528930347
292,528929354
293,12051428
294,12051254
295,12210434
296,12050828
297,12049496
298,12049181
299,12049097
300,12208336
301,528875212
302,528684466
303,528683736
304,528683211
305,528682622
306,11872896
307,11721694
308,11843574
309,11693547
310,527638942
311,527638750
312,11692023
313,527637827
314,11681446
315,11681276
316,11681148
317,11830136
318,527585860
319,527585143
320,11678699
321,11827679
322,11826934
323,11826836
324,527577752
325,11677643
326,11677634
327,11826588
328,11677504
329,11677235
330,11676905
331,527573159
332,1840195
333,11824478
334,11675233
335,11823881
336,11674860
337,1839968
338,11674334
339,11674119
340,11822886
341,11822824
342,11822807
343,11822761
344,11822642
345,11673793
346,11673721
347,11673508
348,11822151
349,11821283
350,527554947
351,527554552
352,527554177
353,527553685
354,11818837
355,11818539
356,527542958
357,527540965
358,527540600
359,527540263
360,11668555
361,11814844
362,11666231
363,527524495
364,527523503
365,527513662
366,527513192
367,11810127
368,527512771
369,527512342
370,527512316
371,11661207
372,11661019
373,11809140
374,11660668
375,11806687
376,11658236
377,11657194
378,11657064
379,11656950
380,11656767
381,527492067
382,527490269
383,527489167
384,527487989
385,527482502
386,527481256
387,527480749
388,527480228
389,11651816
390,527473090
391,11650575
392,527468734
393,527461004
394,527460180
395,11796195
396,527459756
397,527459627
398,527459577
399,11648158
400,527459065
401,11648037
402,527458714
403,527458583
404,527458401
405,527457988
406,527457795
407,527457477
408,527457094
409,527456962
410,527456861
411,527456698
412,527456285
413,527455801
414,11645760
415,11793138
416,11645243
417,11788400
418,11788210
419,11639884
420,1835259
421,11638496
422,527422263
423,527421318
424,11785364
425,527418502
426,527417948
427,11637041
428,11783579
429,11783413
430,11635619
431,11783098
432,527407126
433,527401500
434,527400654
435,527400620
436,527400041
437,527398689
438,527397568
439,527396923
440,11777531
441,11629976
442,11777135
443,11776941
444,527380067
445,527379544
446,527379044
447,527378476
448,11622262
449,11769296
450,1832866
451,11768906
452,527359248
453,527356040
454,527353970
455,527352911
456,527352294
457,527351909
458,527351511
459,527350538
460,11759601
461,11612699
462,11759080
463,11612262
464,11758528
465,11611617
466,11611534
467,11757897
468,11611317
469,11756228
470,11755969
471,11608351
472,11754516
473,11607812
474,11607722
475,11607642
476,11607530
477,11607448
478,1830566
479,11604675
480,11750683
481,11604343
482,11593643
483,11593399
484,11592958
485,11738154
486,11590691
487,11735773
488,11735438
489,11590113
490,527193770
491,527190750
492,527188584
493,527187452
494,527186010
495,11718360
496,11574148
497,11717932
498,11717560
499,526085715
500,526084888
501,526082084
502,526081599
503,526075123
504,526074787
505,1779203
506,526074071
507,526073470
508,526072915
509,526072844
510,526072490
511,526072247
512,526069467
513,526069041
514,526057468
515,526053819
516,526052829
517,526051876
518,1778344
519,11235509
520,11366404
521,11366235
522,11229943
523,11365890
524,11227985
525,11363842
526,11227853
527,11363748
528,11363595
529,11227581
530,11363241
531,11362883
532,526012617
533,526011808
534,526011154
535,526010619
536,526001183
537,11358320
538,11358186
539,11222640
540,11357945
541,11353309
542,11353163
543,525972954
544,525971682
545,525970428
546,525969612
547,11215274
548,11215055
549,11349869
550,11214586
551,11349502
552,11214381
553,11349203
554,11349032
555,525947587
556,525947169
557,525946552
558,11208381
559,525936817
560,525936396
561,1774453
562,11200752
563,11200590
564,11333784
565,11197023
566,525892411
567,525891085
568,525890206
569,525888976
570,11327516
571,11194697
572,11194551
573,11326945
574,11193935
575,11326316
576,11326100
577,11193344
578,525872290
579,525871645
580,525870745
581,525869811
582,525869257
583,525868736
584,525867281
585,525865379
586,525863218
587,525862350
588,525858897
589,525858440
590,525858083
591,525857399
592,11186750
593,11186559
594,11186547
595,11186420
596,11318370
597,11318289
598,11186076
599,11185999
600,11185787
601,525842209
602,525841615
603,11182961
604,525841290
605,525841050
606,525840413
607,525840014
608,11182590
609,525840005
610,525839880
611,525839456
612,525839159
613,525838872
614,525836082
615,525835655
616,525835441
617,525834972
618,11181079
619,11180942
620,525829529
621,525829025
622,11311204
623,525828626
624,11311045
625,525828218
626,11310954
627,11310864
628,525819931
629,525819523
630,525818970
631,525818750
632,525818434
633,525817702
634,525817605
635,525817360
636,525816857
637,525816584
638,11175768
639,11306620
640,11306146
641,11174839
642,525789662
643,525789107
644,525788421
645,525787658
646,525744356
647,525743754
648,525743092
649,525742343
650,525735528
651,525734991
652,525734323
653,525733359
654,525732783
655,11277119
656,11276814
657,11276512
658,11147595
659,11143617
660,11143495
661,11143319
662,11271364
663,11142933
664,11271061
665,11270592
666,11142387
667,11142298
668,1765780
669,11270226
670,11270180
671,11270016
672,525657414
673,525656851
674,11254201
675,525621418
676,11127070
677,11126557
678,11253086
679,525540467
680,525539939
681,525539471
682,525538713
683,525286508
684,525285903
685,525284744
686,525282634
687,524784837
688,524783815
689,524782839
690,524781464
691,10975263
692,1725652
693,10974512
694,10974285
695,10843763
696,10957893
697,10841879
698,10955995
699,10948421
700,10948041
701,10832750
702,10947581
703,10832318
704,10947337
705,524681631
706,10832093
707,10946747
708,10830298
709,10830147
710,10829973
711,10944718
712,10941115
713,10940403
714,10824031
715,10823742
716,10920231
717,10806660
718,10919889
719,10806313
720,10917893
721,10804148
722,1717901
723,10803540
724,10907576
725,524533340
726,524532605
727,10905437
728,1716391
729,10904802
730,10904614
731,524528358
732,1715912
733,10901010
734,10900811
735,10900452
736,524510603
737,524506494
738,10785460
739,10897130
740,524493854
741,524493240
742,524492384
743,524491759
744,524490829
745,524489688
746,524488535
747,524482112
748,524481632
749,524481045
750,524480366
751,10891655
752,1714674
753,524359022
754,524358475
755,524357358
756,10745714
757,10853392
758,10745408
759,10745228
760,524325683
761,524310634
762,524310164
763,524309787
764,524309369
765,10842516
766,1708546
767,10841885
768,524286532
769,10730374
770,10729521
771,10836131
772,1707755
773,10835762
774,10834550
775,10834355
776,10834163
777,10834022
778,524254745
779,524253397
780,10830114
781,10829864
782,524252397
783,10829632
784,1706808
785,10828844
786,10722268
787,10828481
788,10828080
789,10721604
790,10721568
791,10721442
792,1706640
793,10827542
794,10721075
795,10827168
796,524230872
797,524229662
798,524225462
799,524224656
800,10715376
801,10821226
802,10715028
803,10714901
804,524219504
805,524218906
806,524218323
807,524218271
808,524217663
809,524216295
810,524215479
811,524197357
812,524196849
813,524196222
814,524195727
815,10808858
816,10703361
817,524178611
818,524177973
819,10703054
820,10808173
821,524175157
822,524174354
823,524174328
824,524173558
825,524172709
826,524172060
827,524170413
828,10700362
829,10697924
830,10696652
831,10801423
832,10801215
833,10801078
834,524133806
835,524132138
836,524132080
837,524131380
838,524130673
839,524129823
840,524128154
841,524127436
842,524090472
843,524088853
844,524087011
845,524085857
846,10666212
847,10769396
848,10769239
849,10665770
850,10767206
851,524029698
852,10663574
853,10663490
854,524005284
855,524003990
856,523869076
857,523866737
858,523866092
859,523865041
860,523864453
861,523863718
862,523526469
863,523526098
864,523525662
865,10384970
866,10384566
867,1645803
868,10286237
869,10322681
870,10322145
871,10226806
872,10226660
873,522518536
874,522517908
875,522517101
876,522509758
Total Records Reject 186 
