Total Records Added 1030 
#.,ID
0,485162259
1,485160918
2,10727686
3,11571704
4,10727397
5,11571079
6,11566343
7,10723190
8,9836003
9,11565163
10,11563709
11,9834036
12,484658230
13,484657570
14,10714128
15,484656057
16,10714022
17,11554262
18,10713882
19,10713764
20,484654436
21,11553869
22,11548333
23,11548077
24,9824755
25,10709069
26,10708676
27,11546934
28,10708328
29,9824040
30,9823974
31,11546529
32,9823870
33,484623971
34,10707962
35,484621015
36,484620165
37,11543784
38,10705879
39,10703677
40,11538239
41,11538010
42,10701419
43,484590504
44,10701321
45,10698462
46,10698164
47,9815118
48,9814995
49,10697376
50,11532211
51,11531927
52,10696203
53,11530977
54,10695949
55,10695796
56,11529099
57,484543970
58,484543356
59,484542759
60,10691341
61,10691287
62,11524474
63,11524025
64,9809209
65,11522759
66,484530314
67,11521130
68,11520977
69,10688385
70,11520861
71,11520734
72,10688229
73,10688145
74,484521684
75,484521218
76,484520848
77,484520470
78,11518896
79,11518750
80,11518524
81,11518294
82,484516340
83,484515514
84,484514804
85,484514097
86,484512455
87,484511627
88,484509603
89,484509192
90,484508718
91,484508282
92,10684104
93,10683961
94,9803313
95,10682558
96,11514078
97,10682359
98,9802014
99,10682216
100,10682136
101,9801720
102,11513335
103,11512935
104,10680624
105,9800332
106,484490321
107,484489968
108,484489852
109,484489399
110,9800063
111,484489369
112,484488911
113,484488796
114,484488317
115,484484962
116,484484623
117,484484204
118,484483697
119,484483553
120,10678104
121,11509183
122,10677614
123,484478773
124,484478014
125,484477310
126,484476651
127,11507703
128,11507586
129,10676161
130,10676020
131,10675903
132,484468023
133,484467492
134,484466942
135,484466354
136,10674172
137,11505242
138,9794922
139,10673850
140,484459934
141,11504161
142,9794044
143,11503938
144,10672738
145,9792198
146,9791953
147,9791768
148,484446295
149,11500747
150,484444924
151,484444179
152,484440964
153,484440337
154,484439571
155,484438721
156,484435136
157,11498097
158,484434573
159,484434101
160,484433557
161,10666967
162,10666869
163,10666766
164,484423419
165,484422587
166,484421918
167,484421026
168,484406040
169,484405575
170,484405194
171,484404663
172,11488558
173,11488423
174,11488301
175,11488162
176,9777528
177,9777452
178,10653128
179,9776192
180,484324246
181,484322322
182,484321401
183,484320408
184,484319488
185,10631612
186,10631504
187,10631418
188,10631306
189,484239748
190,484239037
191,484238179
192,484237217
193,10617181
194,9745793
195,484181970
196,484181197
197,484180366
198,484179676
199,10669505
200,480849117
201,9533754
202,10350972
203,9531735
204,10349215
205,8719879
206,8719624
207,10320674
208,8696036
209,9504368
210,10320195
211,479750536
212,479749905
213,479749044
214,479707566
215,8672945
216,8672905
217,8672771
218,10291771
219,10291620
220,9477680
221,10291173
222,479657228
223,479656858
224,479656477
225,479656125
226,8665704
227,8665593
228,9469622
229,10282921
230,479646094
231,10279027
232,9465643
233,9465325
234,9464672
235,9464410
236,9464279
237,479630856
238,8660770
239,9463962
240,10277011
241,8660351
242,479618728
243,479616013
244,10271327
245,9458063
246,9458060
247,10271030
248,8655610
249,8655415
250,10270508
251,9457412
252,9457289
253,9456688
254,9456530
255,10268994
256,479589744
257,479589222
258,479588753
259,479588315
260,9451944
261,9451857
262,9451773
263,9451682
264,479573902
265,479573426
266,479572903
267,479572330
268,8648588
269,10262168
270,8648206
271,479567659
272,8647923
273,479567628
274,479567012
275,479566601
276,479566361
277,10261184
278,9448581
279,479565277
280,479563686
281,8647066
282,9447804
283,479561051
284,8646650
285,479560310
286,479559638
287,479558971
288,10258114
289,8644963
290,9445585
291,10257884
292,10257731
293,10257527
294,8642938
295,9443173
296,9443055
297,10255022
298,9439605
299,10251447
300,8639276
301,10250877
302,8638956
303,8638200
304,8638060
305,8637907
306,10249340
307,9436306
308,9436062
309,9435703
310,9435444
311,479493302
312,479492601
313,479492402
314,479492023
315,479491764
316,479491533
317,479490985
318,479489816
319,8631334
320,8631244
321,10241243
322,10241129
323,8629247
324,10238720
325,10238606
326,8628909
327,479471000
328,479470143
329,479467144
330,479466642
331,479466228
332,10235762
333,8626501
334,8626412
335,8626340
336,9424283
337,8626226
338,9424151
339,10234994
340,10231819
341,10231483
342,10231359
343,10231002
344,9420061
345,479444102
346,479443423
347,479442402
348,479441824
349,8619452
350,10226786
351,9416089
352,479426442
353,10226584
354,10226500
355,479421662
356,479421010
357,479420714
358,479419902
359,479419638
360,479418457
361,479415335
362,479413815
363,479413395
364,479413017
365,479412629
366,10209417
367,10209253
368,8604886
369,10208941
370,479348134
371,479347211
372,479345776
373,479332366
374,479330474
375,479329495
376,479316605
377,479315951
378,479315268
379,479314578
380,9391242
381,10200038
382,10199914
383,10199778
384,479226222
385,479225491
386,479224027
387,479222695
388,479032101
389,479031425
390,479030162
391,479029548
392,9896828
393,477995332
394,9060452
395,9855343
396,8301267
397,9060083
398,8300455
399,477936619
400,9852840
401,477935964
402,477935257
403,9852486
404,477934222
405,9057599
406,9054790
407,9053554
408,9847876
409,9845199
410,8292834
411,9050586
412,8292546
413,8292368
414,9050127
415,8292235
416,9844119
417,9049868
418,9049538
419,9843553
420,8291445
421,477879531
422,477878725
423,477877359
424,477866707
425,9040690
426,9833803
427,477852620
428,9040173
429,8283002
430,8282005
431,8281796
432,8281650
433,9831532
434,477842928
435,477842279
436,9036203
437,8279530
438,8279447
439,8279314
440,9827676
441,8278210
442,9827225
443,9827213
444,9034094
445,9826820
446,9826651
447,8277249
448,9826226
449,8277065
450,477819712
451,477819091
452,477819000
453,9032977
454,477818596
455,477818537
456,477818180
457,8276710
458,477818077
459,477817628
460,8276535
461,9825386
462,9032286
463,8275919
464,9824381
465,9823107
466,8274463
467,8274331
468,9822684
469,9822193
470,9029086
471,9028773
472,8272776
473,477789690
474,9026460
475,477788994
476,9026315
477,477787873
478,477787811
479,9818333
480,477787559
481,9025948
482,477787099
483,9818141
484,477786665
485,9025796
486,8270180
487,9817898
488,9025527
489,8270074
490,477784828
491,477784620
492,477784009
493,477783898
494,9817266
495,477783239
496,9817093
497,477782394
498,9816937
499,8269294
500,9816754
501,8269215
502,8269095
503,9816575
504,8269010
505,9024301
506,477779616
507,477779016
508,477778519
509,477778066
510,8266713
511,9021774
512,9813616
513,9021531
514,477766990
515,477766421
516,477765754
517,9025815
518,9020773
519,9812519
520,9020554
521,477758824
522,477757302
523,477756916
524,477756189
525,477756060
526,477755656
527,477754972
528,477748588
529,477747706
530,477747105
531,477746635
532,477737421
533,8260279
534,477736737
535,9806111
536,477736435
537,477736184
538,9014536
539,9806000
540,477735726
541,477735624
542,9805920
543,9014350
544,8259824
545,477734597
546,8259731
547,8259641
548,8259628
549,9805434
550,477733144
551,9013944
552,9805284
553,8259482
554,477732585
555,8259422
556,477731964
557,9012204
558,9012105
559,9803153
560,8257702
561,477721456
562,477698659
563,477698002
564,477697333
565,9006296
566,477696666
567,8252483
568,9005967
569,477690248
570,477689247
571,477688403
572,477687815
573,477687150
574,477686871
575,477686428
576,477685538
577,477685052
578,9001147
579,9791264
580,8248077
581,8247987
582,477654086
583,477653485
584,477652746
585,477652079
586,477651073
587,9770022
588,9769937
589,9769813
590,477398996
591,477398470
592,477397850
593,477397192
594,477355153
595,477354622
596,477354091
597,477353490
598,476446345
599,476444613
600,476443643
601,476442705
602,9475308
603,9475197
604,9475100
605,8694932
606,7961258
607,9448756
608,8669699
609,9448410
610,9437264
611,476202051
612,476201400
613,476200520
614,476199400
615,476180449
616,476179688
617,476178578
618,476177316
619,476174471
620,476174065
621,476173630
622,476172661
623,9429244
624,7943082
625,9417950
626,8640927
627,9417091
628,9416821
629,476092663
630,476092225
631,476091686
632,8628262
633,9403638
634,9402690
635,9402571
636,8626834
637,8626746
638,7929827
639,8625333
640,9400400
641,9400108
642,7928276
643,476033541
644,476025057
645,7925923
646,9396251
647,476020339
648,476019168
649,476018121
650,476013315
651,476005449
652,476004954
653,476004519
654,476003954
655,9390498
656,9390241
657,7921607
658,475994333
659,8614966
660,475993441
661,9388034
662,8613373
663,7920101
664,9387441
665,9385989
666,8611509
667,8609661
668,7915905
669,475958310
670,8606208
671,475957802
672,7915757
673,475957242
674,7915618
675,475956315
676,475954939
677,475954709
678,475954240
679,475954237
680,475953623
681,475953613
682,475952962
683,475952847
684,475951950
685,9375987
686,9375786
687,475945415
688,9375331
689,475944888
690,475944859
691,7913703
692,8602841
693,8602825
694,475944340
695,8602790
696,475944214
697,7913571
698,475943855
699,8602605
700,8602549
701,475943292
702,475943207
703,475942666
704,8602362
705,475942110
706,9374392
707,9374272
708,475941517
709,9374103
710,8601831
711,9373773
712,8601576
713,475938155
714,475937581
715,475937013
716,475936410
717,475928440
718,475927178
719,7910537
720,9369365
721,7910422
722,7910354
723,475919952
724,8596602
725,7909602
726,9367747
727,475919071
728,7909500
729,475918438
730,8596153
731,8596143
732,475917804
733,9367219
734,9367187
735,7908959
736,475913383
737,475912282
738,475911670
739,9362899
740,7906743
741,475901110
742,475900494
743,7906590
744,475899800
745,8591602
746,475899059
747,7905584
748,9360034
749,9359721
750,7905150
751,9359492
752,9359230
753,8588917
754,9358556
755,9349581
756,8580878
757,9349275
758,8580571
759,475849356
760,475848728
761,475848159
762,475847533
763,7897976
764,9346175
765,8577938
766,8577802
767,7897648
768,8577587
769,8577481
770,9345371
771,475838301
772,475837785
773,7893327
774,8570513
775,8570386
776,8570238
777,475808117
778,475807473
779,475806632
780,475805829
781,475767612
782,475766899
783,475765672
784,475764610
785,8547888
786,8547784
787,9311558
788,7877097
789,9303313
790,7871330
791,9302989
792,8539464
793,475638494
794,475637827
795,475637253
796,475636621
797,7866866
798,8533808
799,8533656
800,7866606
801,7866520
802,8517065
803,475548879
804,475548213
805,475547576
806,475547062
807,475491825
808,475491005
809,475490323
810,475489460
811,474924939
812,474924287
813,474923630
814,474922472
815,8996614
816,7645815
817,474357102
818,474356046
819,7607823
820,8942115
821,8188275
822,8188114
823,8184276
824,8183909
825,8183746
826,8936811
827,7598979
828,8929091
829,8175924
830,8175221
831,474237803
832,474237222
833,474236389
834,474235454
835,474234594
836,474234091
837,474233616
838,474232999
839,8925242
840,8925111
841,8924959
842,7595613
843,8924567
844,8924424
845,8171555
846,8171350
847,7595010
848,8923090
849,8170014
850,8169893
851,8169612
852,7593635
853,7593505
854,8169174
855,7593007
856,7592836
857,8920440
858,7592282
859,474212347
860,474211781
861,474210771
862,474210062
863,8164161
864,8164031
865,8915359
866,8915270
867,7588513
868,8162639
869,8162445
870,8914674
871,8914417
872,8152444
873,8904213
874,474164282
875,474163619
876,474163104
877,474162915
878,474162818
879,474162586
880,474162267
881,474161609
882,474160706
883,8149840
884,8149684
885,8901353
886,8900995
887,8148839
888,474154839
889,474149556
890,474148862
891,8146283
892,474148168
893,8898031
894,474147486
895,474147448
896,474145277
897,474144822
898,7574922
899,474144224
900,474143987
901,474143254
902,474142569
903,474141912
904,7573703
905,7573607
906,8143069
907,474138843
908,8142926
909,474138078
910,474137306
911,474136560
912,7572754
913,8893664
914,7572555
915,7572303
916,474133376
917,8141274
918,8141193
919,8141159
920,474132750
921,7571886
922,8892488
923,8140959
924,474132000
925,8892244
926,7571434
927,8139402
928,8139233
929,7570465
930,7570346
931,8139043
932,7570200
933,8890204
934,8138575
935,8887778
936,8887339
937,8135829
938,7567683
939,8135562
940,8886785
941,8135333
942,8886184
943,7565335
944,474107580
945,8883611
946,7565112
947,8132158
948,8132018
949,8131534
950,7564357
951,8882329
952,474103957
953,7564265
954,474103371
955,8130985
956,474102850
957,7564067
958,474102338
959,474100370
960,474099841
961,474099769
962,474099450
963,474099266
964,8129628
965,474098866
966,8880575
967,474098669
968,474097984
969,8877757
970,474090248
971,474089761
972,474089273
973,7557898
974,7557612
975,7557498
976,8122251
977,8122128
978,8120496
979,8120335
980,8119969
981,8119621
982,7553449
983,7553272
984,8116418
985,474058969
986,7552779
987,474058342
988,474057837
989,474057327
990,474056835
991,474038527
992,474037896
993,474037379
994,474036770
995,474016606
996,474015932
997,474015154
998,474014207
999,474001064
1000,8846451
1001,7538000
1002,7537865
1003,8845709
1004,8845575
1005,8845265
1006,7537350
1007,473956460
1008,473955640
1009,473953207
1010,8831530
1011,473952525
1012,8831344
1013,473952085
1014,8082496
1015,8831010
1016,473950721
1017,473949396
1018,473948001
1019,473939771
1020,473938879
1021,473925413
1022,473884252
1023,473883605
1024,473883035
1025,473881814
1026,473873964
1027,473873399
1028,473872803
1029,473870810
Total Records Reject 428 
