Total Records Added 1019 
#.,ID
0,512605835
1,512605589
2,512605252
3,512605024
4,511943751
5,511942930
6,511941761
7,511940689
8,7103603
9,7103382
10,7102655
11,7102304
12,511853642
13,511852847
14,7099308
15,7099066
16,511851014
17,1196671
18,511850132
19,1196627
20,7096435
21,7092614
22,7091793
23,7091538
24,7093823
25,7090104
26,7089953
27,7093416
28,7092956
29,7092845
30,7092740
31,7092540
32,7088272
33,511776985
34,511776250
35,7076263
36,7079883
37,7075633
38,7079016
39,511752187
40,511727352
41,511726844
42,511726345
43,511725799
44,511703615
45,511702797
46,7062929
47,511702548
48,511702247
49,7058205
50,7058019
51,511701602
52,7062551
53,7050766
54,7055510
55,7055343
56,7055173
57,511670282
58,511669212
59,511668130
60,511667734
61,7014143
62,1185242
63,7013874
64,7020274
65,7012428
66,1185015
67,7018717
68,7018578
69,511529621
70,511528222
71,511525858
72,511521410
73,7009535
74,7016023
75,511511922
76,511510346
77,7003919
78,7003823
79,7003722
80,7003608
81,6545041
82,6544798
83,6544323
84,6563024
85,1118558
86,6553959
87,509935414
88,6547177
89,509934285
90,509933033
91,509931881
92,509931215
93,509930960
94,509930297
95,6526364
96,509930220
97,6526209
98,509929384
99,509929360
100,6545722
101,6545692
102,6525948
103,509928666
104,6545537
105,509928408
106,509928375
107,6525625
108,509898019
109,509896540
110,509895679
111,509895083
112,509735503
113,509734829
114,509733839
115,509733080
116,509480159
117,509479214
118,509478335
119,509476907
120,899335
121,4971302
122,4893077
123,4870093
124,4949474
125,4868786
126,4868338
127,4948428
128,4867868
129,4948014
130,504478066
131,4866869
132,504477123
133,4866695
134,504475956
135,4866495
136,504474933
137,4946378
138,504472095
139,4865260
140,4865065
141,4864911
142,504469430
143,504468811
144,4945303
145,504468169
146,890558
147,4862872
148,4943361
149,4861870
150,890071
151,4940079
152,4939956
153,4858857
154,4939683
155,4939474
156,4939269
157,4939225
158,4938674
159,4855789
160,4855634
161,4936883
162,4855232
163,504415460
164,504371672
165,504369784
166,504367623
167,4922363
168,504365012
169,4917443
170,504338113
171,504337185
172,504337011
173,4912260
174,4827953
175,4827690
176,4911600
177,504318247
178,504314897
179,504312855
180,504311544
181,504310386
182,504309586
183,504308564
184,504307721
185,4895335
186,4809063
187,4894988
188,883760
189,4807477
190,4893594
191,4806912
192,4893025
193,504239680
194,504238423
195,504236873
196,504235610
197,504215317
198,504214074
199,504213034
200,4799148
201,504211793
202,4886080
203,4796343
204,4883460
205,4883302
206,4795724
207,504145806
208,504144708
209,504143622
210,4863746
211,4863429
212,4773626
213,4773441
214,4772272
215,4861823
216,4861703
217,504110321
218,4861526
219,504109126
220,504107775
221,504106733
222,504061423
223,504060535
224,504059165
225,504058022
226,504025195
227,504024384
228,504023712
229,504022888
230,504019135
231,4746813
232,4839625
233,4839508
234,503975778
235,503974917
236,503974094
237,503973220
238,4733453
239,4733218
240,4733014
241,4732760
242,873987
243,4726685
244,873930
245,4726170
246,503926590
247,503925629
248,503851762
249,503850569
250,503848955
251,503847326
252,503846142
253,503772388
254,503771670
255,503770991
256,503770169
257,503760693
258,4368224
259,4229370
260,4222061
261,4221899
262,4221775
263,4221642
264,4210394
265,502139084
266,502138157
267,502137197
268,502104730
269,502103754
270,4310805
271,802581
272,4310056
273,4164431
274,502023754
275,4309638
276,502022833
277,4164006
278,502021721
279,4309243
280,502020667
281,4162819
282,4162645
283,4162606
284,4307906
285,502010030
286,502009272
287,502008557
288,4306118
289,502007824
290,802016
291,4305840
292,4160031
293,4305719
294,501995263
295,501993219
296,501991988
297,4152984
298,4299214
299,4299052
300,501976488
301,4152357
302,501975382
303,501975077
304,501973417
305,501972117
306,501969792
307,4297127
308,4150166
309,4149959
310,4296597
311,4296230
312,4295994
313,4294728
314,800465
315,4146437
316,4141718
317,799840
318,4141274
319,4288680
320,501925699
321,501924848
322,799483
323,501924157
324,4138537
325,4286217
326,4286034
327,4285867
328,4137693
329,4137322
330,4285139
331,501911118
332,4133798
333,4133560
334,4133356
335,4133116
336,501900257
337,501899456
338,501898476
339,501896880
340,4277602
341,4277389
342,4277339
343,4128347
344,4128307
345,501885510
346,4128286
347,501885057
348,4277038
349,501884888
350,501884627
351,4127999
352,4276820
353,4127922
354,501884107
355,4276759
356,4276692
357,4127699
358,4276592
359,501874387
360,501873909
361,501873450
362,501872950
363,4270864
364,4121222
365,4121034
366,4120853
367,4269655
368,797130
369,4119645
370,4269187
371,4266150
372,4265957
373,4115853
374,4115664
375,4265693
376,4265445
377,4265273
378,796585
379,501834906
380,501834019
381,4113134
382,501832605
383,4112961
384,501831401
385,4263102
386,501830628
387,4112394
388,501829318
389,501826956
390,501825690
391,501823989
392,501823840
393,501823277
394,501823149
395,501822582
396,501822448
397,501821802
398,501821551
399,501820928
400,501820568
401,501742936
402,501741027
403,501740535
404,501739791
405,4083235
406,4083060
407,792840
408,4236656
409,501733205
410,501731823
411,501731046
412,4235533
413,501729191
414,4235404
415,4235271
416,4235157
417,4215194
418,4058327
419,4214575
420,4214367
421,501643827
422,501643159
423,501642564
424,501641892
425,501637711
426,501637028
427,4211473
428,501635375
429,501609058
430,501607958
431,501606800
432,501605893
433,501562174
434,501561492
435,501560681
436,501559634
437,501480468
438,501479996
439,501479493
440,501479033
441,501466342
442,501464889
443,501463413
444,501462520
445,501390944
446,501389891
447,501388998
448,501388165
449,4145870
450,4145691
451,4145421
452,4145239
453,501356286
454,500741145
455,500740564
456,500740008
457,500739464
458,500333074
459,500332395
460,500331691
461,500330723
462,3798176
463,3618171
464,3617844
465,3797264
466,3612110
467,3785998
468,3785874
469,3603290
470,3783608
471,3602306
472,500221212
473,3780781
474,3780627
475,728149
476,3780348
477,3779274
478,500209342
479,500208210
480,500207122
481,500203743
482,3594925
483,3776496
484,500167505
485,500167066
486,500166394
487,3580520
488,3580195
489,3579901
490,3762660
491,500143565
492,500143094
493,500142447
494,500141972
495,3576965
496,500135114
497,500131275
498,500129551
499,3574247
500,3757671
501,3757514
502,3757343
503,500111518
504,500110948
505,500110155
506,500104593
507,500103001
508,500102395
509,500096848
510,500095735
511,500095020
512,500094856
513,500094279
514,500092671
515,500091531
516,3562761
517,3562637
518,3562535
519,3562504
520,3747013
521,3746962
522,3562242
523,3562060
524,500073614
525,3558960
526,500072680
527,3743573
528,500072017
529,500071378
530,500071325
531,3743092
532,500071008
533,500070487
534,3742824
535,3742593
536,500068569
537,3742398
538,3557096
539,3742090
540,500066880
541,500066363
542,3556814
543,3741802
544,3741365
545,500062490
546,500061136
547,500060537
548,500059906
549,500059303
550,3740019
551,500051469
552,500044355
553,500042630
554,500038729
555,3734450
556,500037640
557,3548393
558,500036939
559,3734006
560,500036015
561,3733816
562,500015978
563,500015119
564,500013326
565,500012635
566,500007914
567,500007408
568,500006630
569,500006037
570,500005768
571,500005520
572,500005138
573,500004733
574,500001480
575,500000819
576,500000025
577,499999359
578,3535391
579,3535226
580,3722226
581,3534808
582,3532635
583,3532154
584,3719386
585,3718950
586,719335
587,3714937
588,3526475
589,3526237
590,3714048
591,718904
592,3523540
593,3523374
594,3523187
595,499939416
596,499938482
597,499937856
598,499937169
599,499902461
600,499901899
601,499901429
602,499900910
603,3507505
604,3697321
605,3697092
606,3696947
607,499841175
608,499840484
609,499839667
610,499838961
611,499793204
612,499792514
613,499791779
614,499791120
615,3668071
616,3474515
617,3667779
618,3474190
619,499700882
620,499699843
621,499698710
622,499697436
623,499435548
624,499434734
625,499433315
626,499432046
627,499431023
628,3184353
629,3184009
630,3183499
631,3394017
632,3363372
633,3150558
634,3150331
635,3150022
636,498589323
637,498431272
638,498430471
639,3075178
640,3293496
641,3074867
642,498408699
643,498408207
644,498407691
645,498407159
646,498383545
647,498382791
648,498382185
649,498381407
650,498376268
651,498375728
652,498375202
653,498374677
654,498373067
655,498371663
656,498369462
657,498367581
658,498366428
659,3279863
660,3279612
661,3279425
662,3279268
663,3054414
664,498333521
665,498332741
666,498331842
667,3052054
668,3272433
669,3051778
670,3051589
671,498315277
672,498314018
673,498313253
674,498312028
675,3048037
676,3268466
677,3047363
678,3267853
679,498301980
680,3266808
681,3266163
682,3266095
683,656055
684,498297941
685,3265957
686,3265831
687,3265785
688,3265029
689,655480
690,498281210
691,3040270
692,498280469
693,3040095
694,498279523
695,3261321
696,655380
697,3039550
698,3260876
699,3037090
700,498268635
701,498268129
702,498267511
703,498266840
704,3257226
705,3257114
706,654822
707,3256955
708,498262371
709,498261809
710,3256721
711,498260917
712,3034797
713,498260690
714,3034639
715,498259916
716,3256275
717,3256097
718,498258769
719,498256590
720,498256141
721,498251555
722,498251151
723,498250744
724,498250307
725,498245872
726,498245303
727,498244550
728,498243885
729,498239746
730,3025114
731,3247470
732,3024667
733,3024434
734,3023043
735,3022919
736,498216248
737,498215652
738,498214843
739,498212197
740,498208523
741,498207829
742,498206093
743,498205273
744,498203644
745,498203426
746,498203069
747,498202596
748,3241201
749,3241048
750,498197474
751,3015790
752,3015663
753,498190484
754,3238454
755,3238339
756,3014902
757,3014746
758,498189319
759,3014599
760,498188363
761,3012563
762,3235719
763,3235284
764,3010924
765,3010815
766,3010633
767,3010402
768,3234075
769,3233641
770,3233526
771,3233403
772,3009423
773,3005884
774,3005758
775,3005619
776,3229703
777,3001509
778,3001202
779,498137252
780,498136394
781,3221035
782,2996108
783,649817
784,2995831
785,498119055
786,498118542
787,498117795
788,498117041
789,498109997
790,498109422
791,498108788
792,498108235
793,498100514
794,498099132
795,498098452
796,498083624
797,498082893
798,498082246
799,498081582
800,3208755
801,2982412
802,3208348
803,2974765
804,3201585
805,2974388
806,3201181
807,3196381
808,3196237
809,498027040
810,498026391
811,3195849
812,498025713
813,2967961
814,498024986
815,2966214
816,3193877
817,3193687
818,2965649
819,2961122
820,645646
821,3189254
822,3188983
823,2930921
824,3162156
825,3162046
826,2930515
827,497771286
828,497770694
829,497770002
830,497769269
831,2858128
832,2876746
833,2876462
834,2641108
835,2875827
836,2640591
837,2875009
838,496838603
839,496837519
840,496818337
841,496817703
842,496817090
843,496816364
844,2600265
845,4809063
846,4893594
847,504238423
848,4886080
849,4861823
850,3208468
851,2600150
852,2599989
853,2599479
854,2599313
855,2828810
856,2828642
857,496790424
858,496789193
859,496788186
860,496787317
861,2590921
862,2590811
863,589606
864,2819186
865,496758879
866,496758179
867,496756910
868,496756263
869,496753205
870,2816431
871,2816179
872,2816034
873,2587373
874,2811244
875,588248
876,2582772
877,2582614
878,496727369
879,496726668
880,496725728
881,496724903
882,2807602
883,587610
884,2579419
885,496713035
886,496712236
887,496711401
888,496710222
889,2795184
890,2795079
891,585211
892,2565992
893,2565856
894,2792175
895,2565632
896,2565213
897,585045
898,2564638
899,496657287
900,496656853
901,496656351
902,496655963
903,2562261
904,2559898
905,2559802
906,2559741
907,2785420
908,2557444
909,583638
910,2557183
911,2782711
912,2779372
913,496605511
914,496603635
915,496602555
916,2768878
917,2544034
918,581217
919,581187
920,2540697
921,2540476
922,2764313
923,2539993
924,580528
925,496565398
926,496564267
927,496557967
928,496557436
929,496556933
930,496556368
931,2519436
932,2518638
933,576860
934,496484292
935,496483663
936,496482883
937,496481960
938,2738410
939,2514795
940,2737153
941,2737108
942,2514567
943,2736853
944,496471493
945,496470377
946,2736424
947,496469607
948,496468891
949,2735446
950,2735018
951,575894
952,2734898
953,2512531
954,2512530
955,2512421
956,2734461
957,2511181
958,2732984
959,2732681
960,2510332
961,2730153
962,2729935
963,2729761
964,2507426
965,496444912
966,496444693
967,496444256
968,496443805
969,496443662
970,496443141
971,496442551
972,496441334
973,496440394
974,496439251
975,496438097
976,496436598
977,2726508
978,2504753
979,2726098
980,2725529
981,496407706
982,2717179
983,2496190
984,2495999
985,2495984
986,2495849
987,2495805
988,2716405
989,2716373
990,496374817
991,496373992
992,496372351
993,496371967
994,496371250
995,2488099
996,2487931
997,2707818
998,2487572
999,2693308
1000,2474212
1001,2473970
1002,2692719
1003,496236770
1004,496234932
1005,496233983
1006,496232969
1007,496211125
1008,496209705
1009,496208985
1010,496208338
1011,496207957
1012,496207538
1013,496206751
1014,496205824
1015,2638632
1016,2638403
1017,2638169
1018,2423094
Total Records Reject 212 
