Total Records Added 1528 
#.,ID
0,538571572
1,538558550
2,538557597
3,538556788
4,2444248
5,15031677
6,15031564
7,15031446
8,15025624
9,15025410
10,14847699
11,15024799
12,15024327
13,14843551
14,15020737
15,14842852
16,15018744
17,2441240
18,2441211
19,14840944
20,15013072
21,15012977
22,15012842
23,15012835
24,2439785
25,14835322
26,538470036
27,538468678
28,15010985
29,538468011
30,538458411
31,538458027
32,538457475
33,538456773
34,14826473
35,15003529
36,15003376
37,15003229
38,538413627
39,538412778
40,538412077
41,538411207
42,14817676
43,14817467
44,14817337
45,14994039
46,14816484
47,14816350
48,14993166
49,14993031
50,14816189
51,14992923
52,14992758
53,538397828
54,2435145
55,538396907
56,538395817
57,538395805
58,538395349
59,538394853
60,538394211
61,14986441
62,14809450
63,14986029
64,14809169
65,14985827
66,14808989
67,14985615
68,14985445
69,14808485
70,14808343
71,14808076
72,14807285
73,14807045
74,14978606
75,14978481
76,538331736
77,538330600
78,538329901
79,14797826
80,2430843
81,14973694
82,14797419
83,538326092
84,538325597
85,538325087
86,538323296
87,538322847
88,538322424
89,538322046
90,538321984
91,14795728
92,2430368
93,14971478
94,14971316
95,538317435
96,14970261
97,538315963
98,538314462
99,538313803
100,538313043
101,14791749
102,14966492
103,14966399
104,14966286
105,14790336
106,538293865
107,14788456
108,538293218
109,538292728
110,14964058
111,14963895
112,14963505
113,538285829
114,538285373
115,538284841
116,538284179
117,14955883
118,14955781
119,14955552
120,14955400
121,538256808
122,538256414
123,538255868
124,538249820
125,538249040
126,538248229
127,538247178
128,14950578
129,14950476
130,14950356
131,14774485
132,14774366
133,538238002
134,538237575
135,538237019
136,538236407
137,538231010
138,538230490
139,538230043
140,538228922
141,14770152
142,14770064
143,14945567
144,2424422
145,14769281
146,14769172
147,14944711
148,14769021
149,14769018
150,14768864
151,14768735
152,14768340
153,538196386
154,538195763
155,538195129
156,538192421
157,14759779
158,14759665
159,14934576
160,14934460
161,538170209
162,538169552
163,538169010
164,538168437
165,538144398
166,538143714
167,538142924
168,538141994
169,538079091
170,538078664
171,538078244
172,538077857
173,537720206
174,537719735
175,537719326
176,537718979
177,14799679
178,14575276
179,14400585
180,536958374
181,14573774
182,536957294
183,536957146
184,536956900
185,536956525
186,536956122
187,536956113
188,14572570
189,14398977
190,14572319
191,536947345
192,536947260
193,536945746
194,14397389
195,536945061
196,14397030
197,14570329
198,14396764
199,2332321
200,14568997
201,14568436
202,14394846
203,14564464
204,14564319
205,14564183
206,2331120
207,14388131
208,14388029
209,14561394
210,14387836
211,538230043
212,2329418
213,14383568
214,14556774
215,14556643
216,14383212
217,14556423
218,14383002
219,14382902
220,14382821
221,14556077
222,2329180
223,14555850
224,14382452
225,537719326
226,14381105
227,14552725
228,536947345
229,2327644
230,14549479
231,14376207
232,14548846
233,14375509
234,14375148
235,2327273
236,14374110
237,14547157
238,14373884
239,14373740
240,14546635
241,14546487
242,14546294
243,536847871
244,536846184
245,536845324
246,14540392
247,14367024
248,14540039
249,2325303
250,536823395
251,536822973
252,536822143
253,14555850
254,536821565
255,2325038
256,2325009
257,14365288
258,14365246
259,14538221
260,2324935
261,536820080
262,14365017
263,536814687
264,536814073
265,536813545
266,14363035
267,536812225
268,536811693
269,14362793
270,536811435
271,14362738
272,14362640
273,14362616
274,536810707
275,536810412
276,14535289
277,536809779
278,14535210
279,14535195
280,536809701
281,14362205
282,536809129
283,14534998
284,14534990
285,536808906
286,14362057
287,14534863
288,14534713
289,14361838
290,14534692
291,14534548
292,14534129
293,536805534
294,14361125
295,536805001
296,536804452
297,536803634
298,536803078
299,536802624
300,536802135
301,536801177
302,14359854
303,14532701
304,536800725
305,14532617
306,14532539
307,536800071
308,536799368
309,536799195
310,536798486
311,536797955
312,536797409
313,536793929
314,536793545
315,536793271
316,536793128
317,536792750
318,536792740
319,536792294
320,536791783
321,14356760
322,14356644
323,14356539
324,536786223
325,536785747
326,14352965
327,14525310
328,14352656
329,14352544
330,14524334
331,14351794
332,536761000
333,536759562
334,536758269
335,536756024
336,536752526
337,536752106
338,536751425
339,536748218
340,536747605
341,14517629
342,14345088
343,536747137
344,14345005
345,536746535
346,14517354
347,536739457
348,536738796
349,536738758
350,536738622
351,536738353
352,536738171
353,536738027
354,536737981
355,536737689
356,536737580
357,536737420
358,536737012
359,536736758
360,536736658
361,536735912
362,14339739
363,14511671
364,14339279
365,14339125
366,536703823
367,536703137
368,536702489
369,536701614
370,14499081
371,2315967
372,14327219
373,14498696
374,14494863
375,14494762
376,14494622
377,14494472
378,536659615
379,536659023
380,536658258
381,536657568
382,2314201
383,14491100
384,14490965
385,14490816
386,14481924
387,14310828
388,14247568
389,14247484
390,14247374
391,14247276
392,535903731
393,535902348
394,535901415
395,535900502
396,535899111
397,2232226
398,535514647
399,535513972
400,535513295
401,535512169
402,535455518
403,535455117
404,535454727
405,535454324
406,535432140
407,535431276
408,14124524
409,13955230
410,14123759
411,14123433
412,14107484
413,14107362
414,2219286
415,13938760
416,535367686
417,13938255
418,535359166
419,535358761
420,535358125
421,535357578
422,14104065
423,14103749
424,535345879
425,535340217
426,535339003
427,13929527
428,14097136
429,13928950
430,14096792
431,535332391
432,535331787
433,535330934
434,535330163
435,13926949
436,535326361
437,14094683
438,13926509
439,535325517
440,13926314
441,535324818
442,535324246
443,535319453
444,535318579
445,535317780
446,535316885
447,14091295
448,535313920
449,535313156
450,535312521
451,535311564
452,535310226
453,535309731
454,535309272
455,535308708
456,13921714
457,14088757
458,14088569
459,14088333
460,14087944
461,13919012
462,13918715
463,14085786
464,13917970
465,13917810
466,13917664
467,13917525
468,14084701
469,2214067
470,13916961
471,13916956
472,14084181
473,2213995
474,13916572
475,13916304
476,14082975
477,14082575
478,13914888
479,13914707
480,14082121
481,2213497
482,13914493
483,14081692
484,14081533
485,535278681
486,535278231
487,535278228
488,535277778
489,535277653
490,535277638
491,535277002
492,14079549
493,2212861
494,535275291
495,14079141
496,535273972
497,13911345
498,13909706
499,14076705
500,14076601
501,2212220
502,13909379
503,14076411
504,2212131
505,535265286
506,13909047
507,535264703
508,535264015
509,535263333
510,535259152
511,2211701
512,535258462
513,13907197
514,535257676
515,535256861
516,535256743
517,535256025
518,535255628
519,535254342
520,535253629
521,13905022
522,14071674
523,13901168
524,14067576
525,13900869
526,13900733
527,14065256
528,14065146
529,14065074
530,2209668
531,2209648
532,13898337
533,2209051
534,13895839
535,14061945
536,14061819
537,13895630
538,13895517
539,13895320
540,13895230
541,14059480
542,14059383
543,2208397
544,2208370
545,535207754
546,535207381
547,535206947
548,535206177
549,535190954
550,535190424
551,14053818
552,13887999
553,535176156
554,535175684
555,535175232
556,535174681
557,535159735
558,535159241
559,535158658
560,535158033
561,535134325
562,535132955
563,535131332
564,535128857
565,535127757
566,535126502
567,535124577
568,535123295
569,13868971
570,14033286
571,14033034
572,14032918
573,535090337
574,535089386
575,535088896
576,535088450
577,14025604
578,14025396
579,14010762
580,13847410
581,14010398
582,14010082
583,534896351
584,534895619
585,534894688
586,534894032
587,13728027
588,13563822
589,2126509
590,13561902
591,13561590
592,13725521
593,534127456
594,13561331
595,13561303
596,534126789
597,534125734
598,2126153
599,534124513
600,13540828
601,13704704
602,13690952
603,13690709
604,13682955
605,13519025
606,2116239
607,2116188
608,533834231
609,533833658
610,533833011
611,533832165
612,533815912
613,533815117
614,533814524
615,13648926
616,533813961
617,13648786
618,13485582
619,13485381
620,13479924
621,13642642
622,533783900
623,533783398
624,533782114
625,13640412
626,533781495
627,13477442
628,13477264
629,13477101
630,13474388
631,13474234
632,13473440
633,533762377
634,13635282
635,13635188
636,2105351
637,13472189
638,533760840
639,533760016
640,533758932
641,533754385
642,533753477
643,533744708
644,533744331
645,533743973
646,533743540
647,2104252
648,13630084
649,13467046
650,13466719
651,2104004
652,13628876
653,13465378
654,13465262
655,13627560
656,533733252
657,2103644
658,533732748
659,533731103
660,533730726
661,533730338
662,533729961
663,533724835
664,13623272
665,13460881
666,533701966
667,533701741
668,533701178
669,533700885
670,13456504
671,533700101
672,2101646
673,533699693
674,13456217
675,533699014
676,13456116
677,533698600
678,533697496
679,13615771
680,533689356
681,533689117
682,13453598
683,533688803
684,13615192
685,533688278
686,13614949
687,533687024
688,13614555
689,13452669
690,13614296
691,533684760
692,13452398
693,13451109
694,13450968
695,13450867
696,13450657
697,13611359
698,13449486
699,13449348
700,13610876
701,2099682
702,13448072
703,13447971
704,13447860
705,2099240
706,13608050
707,13607930
708,2099157
709,13443347
710,2098460
711,13604500
712,13604418
713,533643920
714,533642943
715,533642434
716,533641914
717,533619995
718,533619499
719,533618985
720,533618416
721,533611766
722,533611306
723,533610495
724,533609947
725,533586752
726,533585610
727,13426874
728,13587383
729,13426674
730,533583696
731,2094516
732,533579014
733,533574037
734,533573559
735,13584422
736,2093850
737,13583457
738,13583367
739,13583303
740,2093605
741,13412913
742,13412666
743,13412560
744,13412410
745,13572119
746,13571994
747,2091011
748,13571731
749,533492557
750,533491630
751,533490971
752,533490185
753,533411614
754,533411076
755,533410334
756,533409768
757,533322349
758,533321866
759,533321300
760,533320591
761,13323496
762,13323410
763,13323344
764,13477855
765,531138215
766,531137265
767,531136507
768,531135589
769,530273560
770,12484183
771,12483949
772,12388751
773,12219567
774,12387976
775,12387796
776,12387629
777,529530376
778,529529658
779,529528964
780,529527700
781,12349835
782,12349674
783,12182024
784,12181826
785,12348813
786,12181118
787,12348307
788,12348125
789,12347909
790,12347710
791,12180261
792,12347493
793,12175922
794,12175690
795,12342815
796,12175366
797,12339888
798,12172561
799,12172444
800,12172160
801,12337594
802,12170221
803,12169907
804,12158678
805,12325223
806,12325141
807,12158428
808,12156511
809,12321382
810,12320471
811,529317939
812,529317360
813,1907856
814,529316865
815,529316242
816,529264551
817,529264079
818,529263530
819,529263019
820,529260280
821,529259447
822,529258672
823,12138994
824,12303156
825,12137716
826,12302842
827,12302721
828,12136640
829,12301620
830,529245989
831,529245196
832,529243564
833,529243078
834,529242475
835,529241760
836,529232416
837,529231663
838,529231055
839,1904864
840,529230048
841,12132598
842,12132351
843,12296859
844,529208574
845,529207678
846,529205994
847,529204759
848,529194360
849,529193824
850,12123554
851,12120266
852,12120000
853,12283739
854,12283389
855,12118645
856,529173995
857,529173255
858,529172655
859,529172459
860,12118180
861,12118162
862,529171997
863,529171976
864,12118008
865,529171191
866,529170667
867,12281647
868,12281498
869,12281485
870,12281210
871,12117270
872,12116772
873,12280540
874,12116199
875,12116047
876,12279839
877,12278833
878,529159353
879,12114744
880,529158625
881,529157835
882,529156791
883,12277112
884,12276985
885,1901468
886,12272219
887,12108586
888,12271913
889,12271904
890,12271770
891,12108040
892,12107907
893,529092682
894,12260262
895,529091360
896,12259862
897,12259614
898,12096728
899,12096518
900,1899715
901,12258719
902,12258578
903,529085108
904,12255598
905,12255466
906,12092988
907,12254963
908,529066135
909,529065488
910,529064780
911,529063650
912,12250123
913,12087425
914,12086868
915,12083788
916,12245433
917,12083374
918,12244944
919,529028269
920,529027724
921,529027192
922,529026567
923,529005912
924,529004041
925,529002461
926,528997283
927,528994121
928,528993569
929,528992915
930,528989374
931,528987552
932,528987024
933,528986558
934,528985852
935,528982392
936,528981634
937,528981154
938,528980614
939,12066043
940,1895485
941,12226347
942,12065529
943,12065512
944,1895398
945,12225616
946,12225391
947,12221986
948,1894870
949,1894856
950,1894846
951,528932373
952,528931593
953,528931039
954,528930347
955,528929354
956,12051428
957,12051254
958,12210434
959,12050828
960,12049496
961,12049181
962,12049097
963,12208336
964,528875212
965,528684466
966,528683736
967,528683211
968,528682622
969,11872896
970,11721694
971,11843574
972,11693547
973,527638942
974,527638750
975,11692023
976,527637827
977,11681446
978,11681276
979,11681148
980,11830136
981,527585860
982,527585143
983,11678699
984,11827679
985,11826934
986,11826836
987,527577752
988,11677643
989,11677634
990,11826588
991,11677504
992,11677235
993,11676905
994,527573159
995,1840195
996,11824478
997,11675233
998,11823881
999,11674860
1000,1839968
1001,11674334
1002,11674119
1003,11822886
1004,11822824
1005,11822807
1006,11822761
1007,11822642
1008,11673793
1009,11673721
1010,11673508
1011,11822151
1012,11821283
1013,527554947
1014,527554552
1015,527554177
1016,527553685
1017,11818837
1018,11818539
1019,527542958
1020,527540965
1021,527540600
1022,527540263
1023,11668555
1024,11814844
1025,11666231
1026,527524495
1027,527523503
1028,527513662
1029,527513192
1030,11810127
1031,527512771
1032,527512342
1033,527512316
1034,11661207
1035,11661019
1036,11809140
1037,11660668
1038,11806687
1039,11658236
1040,11657194
1041,11657064
1042,11656950
1043,11656767
1044,527492067
1045,527490269
1046,527489167
1047,527487989
1048,527482502
1049,527481256
1050,527480749
1051,527480228
1052,11651816
1053,527473090
1054,11650575
1055,527468734
1056,527461004
1057,527460180
1058,11796195
1059,527459756
1060,527459627
1061,527459577
1062,11648158
1063,527459065
1064,11648037
1065,527458714
1066,527458583
1067,527458401
1068,527457988
1069,527457795
1070,527457477
1071,527457094
1072,527456962
1073,527456861
1074,527456698
1075,527456285
1076,527455801
1077,11645760
1078,11793138
1079,11645243
1080,11788400
1081,11788210
1082,11639884
1083,1835259
1084,11638496
1085,527422263
1086,527421318
1087,11785364
1088,527418502
1089,527417948
1090,11637041
1091,11783579
1092,11783413
1093,11635619
1094,11783098
1095,527407126
1096,527401500
1097,527400654
1098,527400620
1099,527400041
1100,527398689
1101,527397568
1102,527396923
1103,11777531
1104,11629976
1105,11777135
1106,11776941
1107,527380067
1108,527379544
1109,527379044
1110,527378476
1111,11622262
1112,11769296
1113,1832866
1114,11768906
1115,527359248
1116,527356040
1117,527353970
1118,527352911
1119,527352294
1120,527351909
1121,527351511
1122,527350538
1123,11759601
1124,11612699
1125,11759080
1126,11612262
1127,11758528
1128,11611617
1129,11611534
1130,11757897
1131,11611317
1132,11756228
1133,11755969
1134,11608351
1135,11754516
1136,11607812
1137,11607722
1138,11607642
1139,11607530
1140,11607448
1141,1830566
1142,11604675
1143,11750683
1144,11604343
1145,11593643
1146,11593399
1147,11592958
1148,11738154
1149,11590691
1150,11735773
1151,11735438
1152,11590113
1153,527193770
1154,527190750
1155,527188584
1156,527187452
1157,527186010
1158,11718360
1159,11574148
1160,11717932
1161,11717560
1162,526085715
1163,526084888
1164,526082084
1165,526081599
1166,526075123
1167,526074787
1168,1779203
1169,526074071
1170,526073470
1171,526072915
1172,526072844
1173,526072490
1174,526072247
1175,526069467
1176,526069041
1177,526057468
1178,526053819
1179,526052829
1180,526051876
1181,1778344
1182,11235509
1183,11366404
1184,11366235
1185,11229943
1186,11365890
1187,11227985
1188,11363842
1189,11227853
1190,11363748
1191,11363595
1192,11227581
1193,11363241
1194,11362883
1195,526012617
1196,526011808
1197,526011154
1198,526010619
1199,526001183
1200,11358320
1201,11358186
1202,11222640
1203,11357945
1204,11353309
1205,11353163
1206,525972954
1207,525971682
1208,525970428
1209,525969612
1210,11215274
1211,11215055
1212,11349869
1213,11214586
1214,11349502
1215,11214381
1216,11349203
1217,11349032
1218,525947587
1219,525947169
1220,525946552
1221,11208381
1222,525936817
1223,525936396
1224,1774453
1225,11200752
1226,11200590
1227,11333784
1228,11197023
1229,525892411
1230,525891085
1231,525890206
1232,525888976
1233,11327516
1234,11194697
1235,11194551
1236,11326945
1237,11193935
1238,11326316
1239,11326100
1240,11193344
1241,525872290
1242,525871645
1243,525870745
1244,525869811
1245,525869257
1246,525868736
1247,525867281
1248,525865379
1249,525863218
1250,525862350
1251,525858897
1252,525858440
1253,525858083
1254,525857399
1255,11186750
1256,11186559
1257,11186547
1258,11186420
1259,11318370
1260,11318289
1261,11186076
1262,11185999
1263,11185787
1264,525842209
1265,525841615
1266,11182961
1267,525841290
1268,525841050
1269,525840413
1270,525840014
1271,11182590
1272,525840005
1273,525839880
1274,525839456
1275,525839159
1276,525838872
1277,525836082
1278,525835655
1279,525835441
1280,525834972
1281,11181079
1282,11180942
1283,525829529
1284,525829025
1285,11311204
1286,525828626
1287,11311045
1288,525828218
1289,11310954
1290,11310864
1291,525819931
1292,525819523
1293,525818970
1294,525818750
1295,525818434
1296,525817702
1297,525817605
1298,525817360
1299,525816857
1300,525816584
1301,11175768
1302,11306620
1303,11306146
1304,11174839
1305,525789662
1306,525789107
1307,525788421
1308,525787658
1309,525744356
1310,525743754
1311,525743092
1312,525742343
1313,525735528
1314,525734991
1315,525734323
1316,525733359
1317,525732783
1318,11277119
1319,11276814
1320,11276512
1321,11147595
1322,11143617
1323,11143495
1324,11143319
1325,11271364
1326,11142933
1327,11271061
1328,11270592
1329,11142387
1330,11142298
1331,1765780
1332,11270226
1333,11270180
1334,11270016
1335,525657414
1336,525656851
1337,11254201
1338,525621418
1339,11127070
1340,11126557
1341,11253086
1342,525540467
1343,525539939
1344,525539471
1345,525538713
1346,525286508
1347,525285903
1348,525284744
1349,525282634
1350,524784837
1351,524783815
1352,524782839
1353,524781464
1354,10975263
1355,1725652
1356,10974512
1357,10974285
1358,10843763
1359,10957893
1360,10841879
1361,10955995
1362,10948421
1363,10948041
1364,10832750
1365,10947581
1366,10832318
1367,10947337
1368,524681631
1369,10832093
1370,10946747
1371,10830298
1372,10830147
1373,10829973
1374,10944718
1375,10941115
1376,10940403
1377,10824031
1378,10823742
1379,10920231
1380,10806660
1381,10919889
1382,10806313
1383,10917893
1384,10804148
1385,1717901
1386,10803540
1387,10907576
1388,524533340
1389,524532605
1390,10905437
1391,1716391
1392,10904802
1393,10904614
1394,524528358
1395,1715912
1396,10901010
1397,10900811
1398,10900452
1399,524510603
1400,524506494
1401,10785460
1402,10897130
1403,524493854
1404,524493240
1405,524492384
1406,524491759
1407,524490829
1408,524489688
1409,524488535
1410,524482112
1411,524481632
1412,524481045
1413,524480366
1414,10891655
1415,1714674
1416,524359022
1417,524358475
1418,524357358
1419,10745714
1420,10853392
1421,10745408
1422,10745228
1423,524325683
1424,524310634
1425,524310164
1426,524309787
1427,524309369
1428,10842516
1429,1708546
1430,10841885
1431,524286532
1432,10730374
1433,10729521
1434,10836131
1435,1707755
1436,10835762
1437,10834550
1438,10834355
1439,10834163
1440,10834022
1441,524254745
1442,524253397
1443,10830114
1444,10829864
1445,524252397
1446,10829632
1447,1706808
1448,10828844
1449,10722268
1450,10828481
1451,10828080
1452,10721604
1453,10721568
1454,10721442
1455,1706640
1456,10827542
1457,10721075
1458,10827168
1459,524230872
1460,524229662
1461,524225462
1462,524224656
1463,10715376
1464,10821226
1465,10715028
1466,10714901
1467,524219504
1468,524218906
1469,524218323
1470,524218271
1471,524217663
1472,524216295
1473,524215479
1474,524197357
1475,524196849
1476,524196222
1477,524195727
1478,10808858
1479,10703361
1480,524178611
1481,524177973
1482,10703054
1483,10808173
1484,524175157
1485,524174354
1486,524174328
1487,524173558
1488,524172709
1489,524172060
1490,524170413
1491,10700362
1492,10697924
1493,10696652
1494,10801423
1495,10801215
1496,10801078
1497,524133806
1498,524132138
1499,524132080
1500,524131380
1501,524130673
1502,524129823
1503,524128154
1504,524127436
1505,524090472
1506,524088853
1507,524087011
1508,524085857
1509,10666212
1510,10769396
1511,10769239
1512,10665770
1513,10767206
1514,524029698
1515,10663574
1516,10663490
1517,524005284
1518,524003990
1519,523869076
1520,523866737
1521,523866092
1522,523865041
1523,523864453
1524,523863718
1525,523526469
1526,523526098
1527,523525662
Total Records Reject 463 
