Total Records Added 1206 
#.,ID
0,11843574
1,11693547
2,527638942
3,527638750
4,11692023
5,527637827
6,11681446
7,11681276
8,11681148
9,11830136
10,527585860
11,527585143
12,11678699
13,11827679
14,11826934
15,11826836
16,527577752
17,11677643
18,11677634
19,11826588
20,11677504
21,11677235
22,11676905
23,527573159
24,1840195
25,11824478
26,11675233
27,11823881
28,11674860
29,1839968
30,11674334
31,11674119
32,11822886
33,11822824
34,11822807
35,11822761
36,11822642
37,11673793
38,11673721
39,11673508
40,11822151
41,11821283
42,527554947
43,527554552
44,527554177
45,527553685
46,11818837
47,11818539
48,527542958
49,527540965
50,527540600
51,527540263
52,11668555
53,11814844
54,11666231
55,527524495
56,527523503
57,527513662
58,527513192
59,11810127
60,527512771
61,527512342
62,527512316
63,11661207
64,11661019
65,11809140
66,11660668
67,11806687
68,11658236
69,11657194
70,11657064
71,11656950
72,11656767
73,527492067
74,527490269
75,527489167
76,527487989
77,527482502
78,527481256
79,527480749
80,527480228
81,11651816
82,527473090
83,11650575
84,527468734
85,527461004
86,527460180
87,11796195
88,527459756
89,527459627
90,527459577
91,11648158
92,527459065
93,11648037
94,527458714
95,527458583
96,527458401
97,527457988
98,527457795
99,527457477
100,527457094
101,527456962
102,527456861
103,527456698
104,527456285
105,527455801
106,11645760
107,11793138
108,11645243
109,11788400
110,11788210
111,11639884
112,1835259
113,11638496
114,527422263
115,527421318
116,11785364
117,527418502
118,527417948
119,11637041
120,11783579
121,11783413
122,11635619
123,11783098
124,527407126
125,527401500
126,527400654
127,527400620
128,527400041
129,527398689
130,527397568
131,527396923
132,11777531
133,11629976
134,11777135
135,11776941
136,527380067
137,527379544
138,527379044
139,527378476
140,11622262
141,11769296
142,1832866
143,11768906
144,527359248
145,527356040
146,527353970
147,527352911
148,527352294
149,527351909
150,527351511
151,527350538
152,11759601
153,11612699
154,11759080
155,11612262
156,11758528
157,11611617
158,11611534
159,11757897
160,11611317
161,11756228
162,11755969
163,11608351
164,11754516
165,11607812
166,11607722
167,11607642
168,11607530
169,11607448
170,1830566
171,11604675
172,11750683
173,11604343
174,11593643
175,11593399
176,11592958
177,11738154
178,11590691
179,11735773
180,11735438
181,11590113
182,527193770
183,527190750
184,527188584
185,527187452
186,527186010
187,11718360
188,11574148
189,11717560
190,526085715
191,526084888
192,526082084
193,526081599
194,526075123
195,526074787
196,1779203
197,526074071
198,526073470
199,526072915
200,526072844
201,526072490
202,526072247
203,526069467
204,526069041
205,526057468
206,526053819
207,526052829
208,526051876
209,1778344
210,11235509
211,11366404
212,11366235
213,11229943
214,11365890
215,11227985
216,11363842
217,11227853
218,11363748
219,11363595
220,11227581
221,11363241
222,11362883
223,526012617
224,526011808
225,526011154
226,526010619
227,526001183
228,11358320
229,11358186
230,11222640
231,11357945
232,11353309
233,11353163
234,525972954
235,525971682
236,525970428
237,525969612
238,11215274
239,11215055
240,11349869
241,11214586
242,11349502
243,11214381
244,11349203
245,11349032
246,525947587
247,525947169
248,525946552
249,11208381
250,525936817
251,525936396
252,1774453
253,11200752
254,11200590
255,11333784
256,11197023
257,525892411
258,525891085
259,525890206
260,525888976
261,11327516
262,11194697
263,11194551
264,11326945
265,11193935
266,11717932
267,11326316
268,11326100
269,11193344
270,525872290
271,525871645
272,525870745
273,525869811
274,525869257
275,525868736
276,525867281
277,525865379
278,525863218
279,525862350
280,525858897
281,525858440
282,525858083
283,525857399
284,11186750
285,11186559
286,11186547
287,11186420
288,11318370
289,11318289
290,11186076
291,11185999
292,11185787
293,525842209
294,525841615
295,11182961
296,525841290
297,525841050
298,525840413
299,525840014
300,11182590
301,525840005
302,525839880
303,525839456
304,525839159
305,525838872
306,525836082
307,525835655
308,525835441
309,525834972
310,11181079
311,11180942
312,525829529
313,525829025
314,11311204
315,525828626
316,11311045
317,525936396
318,525828218
319,11310954
320,11310864
321,525819931
322,525819523
323,525818970
324,525818750
325,525818434
326,525817702
327,525817605
328,525817360
329,525816857
330,525816584
331,11175768
332,11306620
333,11306146
334,11174839
335,525789662
336,525789107
337,525788421
338,525787658
339,525744356
340,525743754
341,525743092
342,525742343
343,525735528
344,525734991
345,525734323
346,525733359
347,525732783
348,11277119
349,11276814
350,11276512
351,11147595
352,11143617
353,11143495
354,11143319
355,11271364
356,11142933
357,11271061
358,11270592
359,11142387
360,11142298
361,1765780
362,11270226
363,11270180
364,11270016
365,525657414
366,525656851
367,11254201
368,525621418
369,11127070
370,11126557
371,11253086
372,525540467
373,525539939
374,525539471
375,525538713
376,525286508
377,525285903
378,525284744
379,525282634
380,524784837
381,524783815
382,524782839
383,524781464
384,10975263
385,1725652
386,10974512
387,10974285
388,10843763
389,10957893
390,10841879
391,10955995
392,10948421
393,10948041
394,10832750
395,10947581
396,10832318
397,10947337
398,524681631
399,10832093
400,10946747
401,10830298
402,10830147
403,10829973
404,10944718
405,10941115
406,10940403
407,10824031
408,10823742
409,10920231
410,10806660
411,10919889
412,10806313
413,10917893
414,10804148
415,1717901
416,10803540
417,10907576
418,524533340
419,524532605
420,10905437
421,1716391
422,10904802
423,10904614
424,524528358
425,1715912
426,10901010
427,10900811
428,10900452
429,524510603
430,524506494
431,10785460
432,10897130
433,524493854
434,524493240
435,524492384
436,524491759
437,524490829
438,524489688
439,524488535
440,524482112
441,524481632
442,524481045
443,524480366
444,10891655
445,1714674
446,524359022
447,524358475
448,524357358
449,10745714
450,10853392
451,10745408
452,10745228
453,524325683
454,524310634
455,524310164
456,524309787
457,524309369
458,10842516
459,1708546
460,10841885
461,524286532
462,10730374
463,10729521
464,10836131
465,1707755
466,10835762
467,10834550
468,10834355
469,10834163
470,10834022
471,524254745
472,524253397
473,10830114
474,10829864
475,524252397
476,10829632
477,1706808
478,10828844
479,10722268
480,10828481
481,10828080
482,10721604
483,10721568
484,10721442
485,1706640
486,10827542
487,10721075
488,10827168
489,524230872
490,524229662
491,524225462
492,524224656
493,10715376
494,10821226
495,10715028
496,10714901
497,524219504
498,524218906
499,524218323
500,524218271
501,524217663
502,524216295
503,524215479
504,524197357
505,524196849
506,524196222
507,524195727
508,10808858
509,10703361
510,524178611
511,524177973
512,10703054
513,10808173
514,524175157
515,524174354
516,524174328
517,524173558
518,524172709
519,524172060
520,524170413
521,10700362
522,10697924
523,10696652
524,10801423
525,10801215
526,10801078
527,524133806
528,524132138
529,524132080
530,524131380
531,524130673
532,524129823
533,524128154
534,524127436
535,524090472
536,524088853
537,524087011
538,524085857
539,10666212
540,10769396
541,10769239
542,10665770
543,10767206
544,524029698
545,10663574
546,10663490
547,524005284
548,524003990
549,523869076
550,523866737
551,523866092
552,523865041
553,523864453
554,523863718
555,523526469
556,523526098
557,523525662
558,10384970
559,10384566
560,1645803
561,10286237
562,10322681
563,10322145
564,10226806
565,10226660
566,522518536
567,522517908
568,522517101
569,522509758
570,8930569
571,8838096
572,8837753
573,1438711
574,8836857
575,8830054
576,1437470
577,8826811
578,8826632
579,8826096
580,8853568
581,517823537
582,517822711
583,8852958
584,8793940
585,8851925
586,8850695
587,8850480
588,1432022
589,8790821
590,517749295
591,517572048
592,517571373
593,517570797
594,517570243
595,8732365
596,8787276
597,8787064
598,8786742
599,8728699
600,8782586
601,8727612
602,8715217
603,8715030
604,517486784
605,8714769
606,8768684
607,8714578
608,517485364
609,8714471
610,8714312
611,517484362
612,8714048
613,517483130
614,517482117
615,8766767
616,8712873
617,8712640
618,8712460
619,517470015
620,8710368
621,8710279
622,8763868
623,517467649
624,517467431
625,517466044
626,517465853
627,517464602
628,517463425
629,517463121
630,517462385
631,517461143
632,517458703
633,8761495
634,517458238
635,517455855
636,8707187
637,8706631
638,8706512
639,517445501
640,517442931
641,517441056
642,8755748
643,517435232
644,517434894
645,517433885
646,517433121
647,8695841
648,1418334
649,517405254
650,8747878
651,517404515
652,8694893
653,517367444
654,517366997
655,517366471
656,517365975
657,8734537
658,8682654
659,8682541
660,8682411
661,517334747
662,517333600
663,517332889
664,517332317
665,517323089
666,517321612
667,517320766
668,517318776
669,517317968
670,517317193
671,517316388
672,8722503
673,8671142
674,8666355
675,8666216
676,8716948
677,8716796
678,517295737
679,517295225
680,517294658
681,8715680
682,8664710
683,1414016
684,8714970
685,8664173
686,8714725
687,1413946
688,8663551
689,1413874
690,1413853
691,8713655
692,8713495
693,517284958
694,517284238
695,517282926
696,517282132
697,517260890
698,517259678
699,517259088
700,517258524
701,517191311
702,8637787
703,8637629
704,8637488
705,8632284
706,8680469
707,8672598
708,8672420
709,8672280
710,8672129
711,517126816
712,517125982
713,517125145
714,517123083
715,8663904
716,8616875
717,8663393
718,8663186
719,517084670
720,517083995
721,517083344
722,517082446
723,517079192
724,8601993
725,8601906
726,517044849
727,1405650
728,8646917
729,517043657
730,517042569
731,517040745
732,516811088
733,516810179
734,516809220
735,516808282
736,515875351
737,8269232
738,8228275
739,8268631
740,1354761
741,8267834
742,515783488
743,515782820
744,515781319
745,515780541
746,8232316
747,8193495
748,8192482
749,8191585
750,515725327
751,8229860
752,515724102
753,515722936
754,8229247
755,515720790
756,8189757
757,8228097
758,8189460
759,8227751
760,515706166
761,515705394
762,8184350
763,8222430
764,8183961
765,8183883
766,8221941
767,8221793
768,8183398
769,515688982
770,515687976
771,515687331
772,515686747
773,8181470
774,515684660
775,515684003
776,515682806
777,515682005
778,8176572
779,8174005
780,8211509
781,515656078
782,8173365
783,515654200
784,515651016
785,1345755
786,8163572
787,8200236
788,8199856
789,8162472
790,8162182
791,515610854
792,515610019
793,515609278
794,8198484
795,515606814
796,8195731
797,8195564
798,1344985
799,8195208
800,515549284
801,515548334
802,8145544
803,515547108
804,8181077
805,8180903
806,8145067
807,515545709
808,515541854
809,515541390
810,515540953
811,515540336
812,515539137
813,8143206
814,515536263
815,8177684
816,515504198
817,515503704
818,515503298
819,515502783
820,515499571
821,515498145
822,515497332
823,515496610
824,515470159
825,515469635
826,515469110
827,515468666
828,8153863
829,8119674
830,1339534
831,8153207
832,515447670
833,8118040
834,515445640
835,8117821
836,515444605
837,8151514
838,515443942
839,8117407
840,515443285
841,8150837
842,515442135
843,8116918
844,515441653
845,8116796
846,515441168
847,515429506
848,515428826
849,515427410
850,515426753
851,8110438
852,8143624
853,8143499
854,515416645
855,515415728
856,8109740
857,515415092
858,1338103
859,515414425
860,8109009
861,8142280
862,8141931
863,8137822
864,1337406
865,8104338
866,8104192
867,8137372
868,8136946
869,8136663
870,8135818
871,515388968
872,515388326
873,8135246
874,8134951
875,8134748
876,8101402
877,8134307
878,8101186
879,8134202
880,8134110
881,8133994
882,515365815
883,515365278
884,515364824
885,515364356
886,515352725
887,515351651
888,8085806
889,515324387
890,1334768
891,8111278
892,1334083
893,8110860
894,8110734
895,515299207
896,515297289
897,515296529
898,515295276
899,515292740
900,515291695
901,515290797
902,515289959
903,8068157
904,8068036
905,1332570
906,8098680
907,8097200
908,8097004
909,8065970
910,8096594
911,1332277
912,8065604
913,8096143
914,8096009
915,515142498
916,515141592
917,515140164
918,515139097
919,515068252
920,515067065
921,515066116
922,515065216
923,1326154
924,514907050
925,514764682
926,514763719
927,514762958
928,514761924
929,514314772
930,514313884
931,514312652
932,7694102
933,7679492
934,513826782
935,513826156
936,513825258
937,513824534
938,513823686
939,513822651
940,513809718
941,513808383
942,513807615
943,513806726
944,7649575
945,7662060
946,7652427
947,7652024
948,7639530
949,7651304
950,7651055
951,1272431
952,7650038
953,513736946
954,513735824
955,513730943
956,513730235
957,513729483
958,513728638
959,513718777
960,513718172
961,513717609
962,513717033
963,7637936
964,7626449
965,7637694
966,7636400
967,7636162
968,7635982
969,7633552
970,7633426
971,7622002
972,7621844
973,7621169
974,7620838
975,513675156
976,7630934
977,513674632
978,7619964
979,7630797
980,513674112
981,513673533
982,7630563
983,513669976
984,7629440
985,513669234
986,513668609
987,7618432
988,7618247
989,513667789
990,7617957
991,7617330
992,7627889
993,7627685
994,7616813
995,7615792
996,7626277
997,513649525
998,513647893
999,513646467
1000,513645515
1001,1268860
1002,7622251
1003,513641754
1004,513641256
1005,513640780
1006,513640294
1007,7620340
1008,7620039
1009,7619425
1010,513632961
1011,513632517
1012,513632053
1013,513631531
1014,7608171
1015,7605499
1016,7615517
1017,7615397
1018,7605145
1019,7603734
1020,7603648
1021,1267692
1022,7613660
1023,7603478
1024,7603451
1025,7613497
1026,7603340
1027,7603170
1028,513609409
1029,7612798
1030,7612593
1031,7601557
1032,7601371
1033,1267385
1034,7601108
1035,7601016
1036,7600920
1037,7600815
1038,1267300
1039,7600475
1040,7606710
1041,513581468
1042,513580745
1043,7595230
1044,513580031
1045,7594998
1046,7604034
1047,513578377
1048,7594541
1049,513569580
1050,513568805
1051,513564839
1052,513561922
1053,7589218
1054,7598067
1055,513556955
1056,1265664
1057,1265630
1058,513552886
1059,513552094
1060,513551349
1061,513550589
1062,7581209
1063,513528574
1064,7580843
1065,7589186
1066,1264604
1067,7588952
1068,7580463
1069,7588754
1070,7580304
1071,7580174
1072,513525119
1073,7588533
1074,7580008
1075,7579964
1076,513524278
1077,7579771
1078,7579622
1079,7579439
1080,513520447
1081,513519910
1082,513513752
1083,513512931
1084,513512237
1085,513511366
1086,513510375
1087,513509775
1088,7584044
1089,513509033
1090,7575744
1091,513508285
1092,7575547
1093,7575075
1094,7574900
1095,7569393
1096,7577201
1097,7577100
1098,7576808
1099,1263028
1100,7568745
1101,7568398
1102,7568156
1103,7567909
1104,1259521
1105,7548105
1106,7547949
1107,7542178
1108,513352696
1109,513351429
1110,513351005
1111,7540779
1112,513198515
1113,513197539
1114,513195864
1115,513194794
1116,513144631
1117,513143587
1118,513142635
1119,513141403
1120,512925225
1121,512923588
1122,512922763
1123,512922037
1124,512921199
1125,512605835
1126,512605589
1127,512605252
1128,512605024
1129,511943751
1130,511942930
1131,511941761
1132,511940689
1133,7103603
1134,7103382
1135,7102655
1136,7102304
1137,511853642
1138,511852847
1139,7099308
1140,7099066
1141,511851014
1142,1196671
1143,511850132
1144,1196627
1145,7096435
1146,7092614
1147,7091793
1148,7091538
1149,7093823
1150,7090104
1151,7089953
1152,7093416
1153,7092956
1154,7092845
1155,7092740
1156,7092540
1157,7088272
1158,511776985
1159,511776250
1160,7076263
1161,7079883
1162,7075633
1163,7079016
1164,511752187
1165,511727352
1166,511726844
1167,511726345
1168,511725799
1169,511703615
1170,511702797
1171,7062929
1172,511702548
1173,511702247
1174,7058205
1175,7058019
1176,511701602
1177,7062551
1178,7050766
1179,7055510
1180,7055343
1181,7055173
1182,511670282
1183,511669212
1184,511668130
1185,511667734
1186,7014143
1187,1185242
1188,7013874
1189,7020274
1190,7012428
1191,1185015
1192,7018717
1193,7018578
1194,511529621
1195,511528222
1196,511525858
1197,511521410
1198,7009535
1199,7016023
1200,511511922
1201,511510346
1202,7003919
1203,7003823
1204,7003722
1205,7003608
Total Records Reject 280 
