Total Records Added 3559 
#.,ID
0,3184353.0
1,3184009.0
2,3183499.0
3,3394017.0
4,3363372.0
5,3150558.0
6,3150331.0
7,3150022.0
8,498589323.0
9,498431272.0
10,498430471.0
11,3075178.0
12,3293496.0
13,3074867.0
14,498408207.0
15,498407691.0
16,498407159.0
17,498383545.0
18,498382791.0
19,498382185.0
20,498381407.0
21,498376268.0
22,498375728.0
23,498375202.0
24,498374677.0
25,498373067.0
26,498371663.0
27,498369462.0
28,498367581.0
29,498366428.0
30,3279863.0
31,3279612.0
32,3279425.0
33,3279268.0
34,3054414.0
35,498333521.0
36,498332741.0
37,498331842.0
38,3052054.0
39,3272433.0
40,3051778.0
41,3051589.0
42,498315277.0
43,498314018.0
44,498313253.0
45,498312028.0
46,3048037.0
47,3268466.0
48,3047363.0
49,3267853.0
50,498301980.0
51,3266808.0
52,3266163.0
53,3266095.0
54,656055.0
55,498297941.0
56,3265957.0
57,3265831.0
58,3265785.0
59,3265029.0
60,655480.0
61,498281210.0
62,3040270.0
63,498280469.0
64,3040095.0
65,498279523.0
66,3261321.0
67,655380.0
68,3039550.0
69,3260876.0
70,3037090.0
71,498268635.0
72,498268129.0
73,498267511.0
74,498266840.0
75,3257226.0
76,3257114.0
77,654822.0
78,3256955.0
79,498262371.0
80,498261809.0
81,3256721.0
82,498260917.0
83,3034797.0
84,498260690.0
85,3034639.0
86,498259916.0
87,498408699.0
88,3256275.0
89,3256097.0
90,498258769.0
91,498256590.0
92,498256141.0
93,498251555.0
94,498251151.0
95,498250744.0
96,498250307.0
97,498245872.0
98,498245303.0
99,498244550.0
100,498243885.0
101,498239746.0
102,3025114.0
103,3247470.0
104,3024667.0
105,3024434.0
106,3051778.0
107,3023043.0
108,3022919.0
109,498216248.0
110,498215652.0
111,3265957.0
112,498214843.0
113,498212197.0
114,498208523.0
115,498207829.0
116,498206093.0
117,498205273.0
118,498203644.0
119,498203426.0
120,498203069.0
121,498202596.0
122,3241201.0
123,3241048.0
124,498197474.0
125,3015790.0
126,3015663.0
127,498190484.0
128,3238454.0
129,3238339.0
130,3014902.0
131,3014746.0
132,498189319.0
133,3014599.0
134,498188363.0
135,3012563.0
136,3235719.0
137,3235284.0
138,3010924.0
139,3010815.0
140,3010633.0
141,3010402.0
142,3234075.0
143,3233641.0
144,3233526.0
145,3233403.0
146,3009423.0
147,3005884.0
148,3005758.0
149,3005619.0
150,3229703.0
151,3001509.0
152,3001202.0
153,498137252.0
154,498136394.0
155,3221035.0
156,2996108.0
157,649817.0
158,2995831.0
159,498119055.0
160,498118542.0
161,498117795.0
162,498117041.0
163,498109997.0
164,498109422.0
165,498108788.0
166,498108235.0
167,498100514.0
168,498099132.0
169,498098452.0
170,498083624.0
171,498082893.0
172,498082246.0
173,498081582.0
174,3208755.0
175,2982412.0
176,3208468.0
177,3208348.0
178,2974765.0
179,3201585.0
180,2974388.0
181,3201181.0
182,3196381.0
183,3196237.0
184,498027040.0
185,498026391.0
186,3195849.0
187,498025713.0
188,2967961.0
189,498024986.0
190,2966214.0
191,3193877.0
192,3193687.0
193,2965649.0
194,2961122.0
195,645646.0
196,3189254.0
197,3188983.0
198,2930921.0
199,3162156.0
200,3162046.0
201,2930515.0
202,497771286.0
203,497770694.0
204,497770002.0
205,497769269.0
206,2858128.0
207,2876746.0
208,2876462.0
209,2641108.0
210,2875827.0
211,2640591.0
212,2875009.0
213,496838603.0
214,496837519.0
215,496818337.0
216,496817703.0
217,496817090.0
218,496816364.0
219,2600265.0
220,2600150.0
221,2599989.0
222,2599479.0
223,2599313.0
224,2828810.0
225,2828642.0
226,496790424.0
227,496789193.0
228,496788186.0
229,496787317.0
230,2590921.0
231,2590811.0
232,589606.0
233,2819186.0
234,496758879.0
235,496758179.0
236,496756910.0
237,496756263.0
238,496753205.0
239,2816431.0
240,2816179.0
241,2816034.0
242,2587373.0
243,2811244.0
244,588248.0
245,2582772.0
246,2582614.0
247,496727369.0
248,496726668.0
249,496725728.0
250,496724903.0
251,2807602.0
252,587610.0
253,2579419.0
254,496713035.0
255,496712236.0
256,496711401.0
257,496710222.0
258,2795184.0
259,2795079.0
260,585211.0
261,2565992.0
262,2565856.0
263,2792175.0
264,2565632.0
265,2565213.0
266,585045.0
267,2564638.0
268,496657287.0
269,496656853.0
270,496656351.0
271,496655963.0
272,2562261.0
273,2559898.0
274,2559802.0
275,2559741.0
276,2785420.0
277,2557444.0
278,583638.0
279,2557183.0
280,2782711.0
281,2779372.0
282,496605511.0
283,496603635.0
284,496602555.0
285,2768878.0
286,2544034.0
287,581217.0
288,581187.0
289,2540697.0
290,2540476.0
291,2764313.0
292,2539993.0
293,580528.0
294,496565398.0
295,496564267.0
296,496557967.0
297,496557436.0
298,496556933.0
299,496556368.0
300,2519436.0
301,2518638.0
302,576860.0
303,496484292.0
304,496483663.0
305,496482883.0
306,496481960.0
307,2738410.0
308,2514795.0
309,2737153.0
310,2737108.0
311,2514567.0
312,2736853.0
313,496471493.0
314,496470377.0
315,2736424.0
316,496469607.0
317,496468891.0
318,2735446.0
319,2735018.0
320,575894.0
321,2734898.0
322,2512531.0
323,2512530.0
324,2512421.0
325,2734461.0
326,2511181.0
327,2732984.0
328,2732681.0
329,2510332.0
330,2730153.0
331,2729935.0
332,2729761.0
333,2507426.0
334,496444912.0
335,496444693.0
336,496444256.0
337,496443805.0
338,496443662.0
339,496443141.0
340,496442551.0
341,496441334.0
342,496440394.0
343,496439251.0
344,496438097.0
345,496436598.0
346,2726508.0
347,2504753.0
348,2726098.0
349,2725529.0
350,496407706.0
351,2717179.0
352,2496190.0
353,2495999.0
354,2495984.0
355,2495849.0
356,2495805.0
357,2716405.0
358,2716373.0
359,496374817.0
360,496373992.0
361,496372351.0
362,496371967.0
363,496371250.0
364,2488099.0
365,2487931.0
366,2707818.0
367,2487572.0
368,2693308.0
369,2474212.0
370,2473970.0
371,2692719.0
372,496236770.0
373,496234932.0
374,496233983.0
375,496232969.0
376,496211125.0
377,496209705.0
378,496208985.0
379,496208338.0
380,496207957.0
381,496207538.0
382,496206751.0
383,496205824.0
384,2638632.0
385,2638403.0
386,2638169.0
387,2423094.0
388,2155089.0
389,494527245.0
390,494526735.0
391,494526273.0
392,494525797.0
393,1307368.0
394,1306929.0
395,1306723.0
396,1306368.0
397,491933026.0
398,491931478.0
399,491930746.0
400,491929245.0
401,1234671.0
402,491790431.0
403,1234478.0
404,491789773.0
405,1171987.0
406,1171829.0
407,491788556.0
408,1233611.0
409,491782929.0
410,491778517.0
411,491777952.0
412,1230849.0
413,491773613.0
414,1229623.0
415,1167341.0
416,1167236.0
417,1165914.0
418,1225416.0
419,1225222.0
420,491742204.0
421,1220884.0
422,1159312.0
423,1220522.0
424,1220358.0
425,491728077.0
426,491727266.0
427,1156474.0
428,317894.0
429,491726455.0
430,1217330.0
431,1156182.0
432,491725700.0
433,491717507.0
434,491716933.0
435,491716408.0
436,1153468.0
437,1213593.0
438,1213339.0
439,491711802.0
440,1152435.0
441,1152230.0
442,317011.0
443,1151796.0
444,1211946.0
445,1151356.0
446,1151258.0
447,1151233.0
448,1150941.0
449,1150639.0
450,1147888.0
451,1147680.0
452,316124.0
453,1207583.0
454,1207474.0
455,1207102.0
456,1206914.0
457,491679691.0
458,491678623.0
459,491677845.0
460,1143627.0
461,491676412.0
462,1143480.0
463,314797.0
464,1140350.0
465,1199495.0
466,314543.0
467,491656677.0
468,491656343.0
469,491655547.0
470,1138113.0
471,491654307.0
472,314328.0
473,1136240.0
474,313986.0
475,1194611.0
476,491645232.0
477,1135513.0
478,491644089.0
479,491642524.0
480,491621903.0
481,491621395.0
482,491620845.0
483,1187132.0
484,1186995.0
485,491619726.0
486,1129050.0
487,312598.0
488,491617188.0
489,491612449.0
490,491611871.0
491,491611262.0
492,1126750.0
493,491610275.0
494,1126598.0
495,1184083.0
496,1126272.0
497,1183045.0
498,1125315.0
499,1182583.0
500,491604115.0
501,1125037.0
502,491603495.0
503,1182304.0
504,491602872.0
505,1124585.0
506,491602173.0
507,1124393.0
508,491601247.0
509,1123962.0
510,311635.0
511,1181037.0
512,1180940.0
513,1180755.0
514,491597644.0
515,1180569.0
516,491597210.0
517,491596872.0
518,1123121.0
519,491596373.0
520,491595972.0
521,491595921.0
522,491594847.0
523,491593075.0
524,491592149.0
525,491592070.0
526,491591525.0
527,491590888.0
528,491590155.0
529,491566168.0
530,1114927.0
531,1114849.0
532,1114831.0
533,1114765.0
534,1170676.0
535,491558955.0
536,491558122.0
537,491557532.0
538,1112683.0
539,491556919.0
540,1112508.0
541,1112187.0
542,1111733.0
543,1167184.0
544,309293.0
545,1111278.0
546,1106147.0
547,1105969.0
548,1160315.0
549,1105139.0
550,1153741.0
551,491489677.0
552,491488943.0
553,491488342.0
554,491487717.0
555,491486922.0
556,1140035.0
557,1139901.0
558,1139785.0
559,1087089.0
560,1079588.0
561,1131574.0
562,1131389.0
563,303113.0
564,491410898.0
565,1073536.0
566,1073414.0
567,1124461.0
568,301938.0
569,1124239.0
570,1072345.0
571,491403388.0
572,491402782.0
573,1123276.0
574,491401722.0
575,491401070.0
576,1122922.0
577,491391896.0
578,491391057.0
579,491390069.0
580,491389103.0
581,491346704.0
582,491137698.0
583,491137144.0
584,491136632.0
585,491136139.0
586,490974133.0
587,490973480.0
588,490972621.0
589,490971879.0
590,738672.0
591,748017.0
592,747655.0
593,737229.0
594,490086828.0
595,490085359.0
596,490084460.0
597,490083756.0
598,696789.0
599,696643.0
600,706429.0
601,693624.0
602,704348.0
603,704233.0
604,691186.0
605,691050.0
606,689998.0
607,702456.0
608,687667.0
609,687458.0
610,490041958.0
611,700364.0
612,490041185.0
613,700148.0
614,490039840.0
615,490038978.0
616,685058.0
617,490033013.0
618,697919.0
619,684151.0
620,697335.0
621,682998.0
622,696158.0
623,695952.0
624,682260.0
625,688968.0
626,674607.0
627,212370.0
628,688216.0
629,212284.0
630,489989562.0
631,489988642.0
632,489986608.0
633,489985410.0
634,489980418.0
635,210507.0
636,680791.0
637,680560.0
638,680299.0
639,664621.0
640,679291.0
641,679144.0
642,664210.0
643,489943857.0
644,489942486.0
645,489940933.0
646,489939662.0
647,489936099.0
648,489935429.0
649,673757.0
650,489933788.0
651,489931046.0
652,489930277.0
653,489929586.0
654,489928938.0
655,489927512.0
656,489926834.0
657,489926198.0
658,489925373.0
659,671533.0
660,655845.0
661,671368.0
662,671185.0
663,655639.0
664,655430.0
665,670599.0
666,489908430.0
667,489885836.0
668,489885337.0
669,489884690.0
670,489884199.0
671,644293.0
672,644147.0
673,489880317.0
674,489879564.0
675,643716.0
676,489879059.0
677,489878866.0
678,489878501.0
679,489876627.0
680,489875919.0
681,489874023.0
682,489873336.0
683,654238.0
684,637371.0
685,653684.0
686,653502.0
687,202634.0
688,633626.0
689,650197.0
690,489841050.0
691,489840730.0
692,489840155.0
693,489839597.0
694,489839010.0
695,648653.0
696,647054.0
697,201528.0
698,201492.0
699,646547.0
700,201421.0
701,645036.0
702,644911.0
703,644629.0
704,644483.0
705,200757.0
706,643835.0
707,626276.0
708,626119.0
709,626006.0
710,643119.0
711,643070.0
712,642821.0
713,625224.0
714,200352.0
715,638307.0
716,620477.0
717,489794622.0
718,620222.0
719,489794239.0
720,489793776.0
721,489793352.0
722,619551.0
723,637024.0
724,619214.0
725,618906.0
726,489771229.0
727,489769914.0
728,489769083.0
729,489767904.0
730,489752112.0
731,489745017.0
732,489744575.0
733,489744070.0
734,489743457.0
735,489733973.0
736,489733326.0
737,489732855.0
738,489732478.0
739,489709715.0
740,489709211.0
741,489708443.0
742,489707786.0
743,489676924.0
744,489676254.0
745,489675740.0
746,489675172.0
747,585081.0
748,584952.0
749,604696.0
750,604287.0
751,190170.0
752,583393.0
753,603118.0
754,582950.0
755,602758.0
756,582502.0
757,489654710.0
758,602263.0
759,602159.0
760,600379.0
761,579943.0
762,579297.0
763,599494.0
764,565074.0
765,586047.0
766,564607.0
767,564459.0
768,489572545.0
769,489571637.0
770,489571094.0
771,489570117.0
772,489559580.0
773,489507536.0
774,489506919.0
775,489505940.0
776,489472958.0
777,489385397.0
778,489384826.0
779,489384200.0
780,489383474.0
781,489358767.0
782,489357199.0
783,489356182.0
784,489355250.0
785,489354240.0
786,489353733.0
787,489353212.0
788,489352606.0
789,99505.0
790,488373560.0
791,180209.0
792,186747.0
793,179806.0
794,186305.0
795,174068.0
796,173689.0
797,180286.0
798,173203.0
799,179145.0
800,170718.0
801,488208008.0
802,170111.0
803,169819.0
804,176109.0
805,175882.0
806,175706.0
807,169083.0
808,175577.0
809,488203357.0
810,81370.0
811,175323.0
812,488199876.0
813,488198968.0
814,173706.0
815,173627.0
816,173524.0
817,167032.0
818,80764.0
819,166813.0
820,173187.0
821,166618.0
822,171996.0
823,165466.0
824,171621.0
825,165072.0
826,164866.0
827,171052.0
828,163882.0
829,163749.0
830,169031.0
831,168044.0
832,488176335.0
833,488175760.0
834,488175108.0
835,488174520.0
836,488164146.0
837,488163662.0
838,488163153.0
839,488162596.0
840,162388.0
841,156042.0
842,155852.0
843,77492.0
844,161940.0
845,161680.0
846,160855.0
847,154096.0
848,153841.0
849,159889.0
850,158717.0
851,152135.0
852,158305.0
853,76406.0
854,151628.0
855,157769.0
856,488137141.0
857,488135224.0
858,488134397.0
859,488133966.0
860,488133237.0
861,488132250.0
862,488130969.0
863,488129021.0
864,153318.0
865,152952.0
866,147151.0
867,146907.0
868,74382.0
869,146468.0
870,488118170.0
871,488117663.0
872,488117161.0
873,488116627.0
874,488107786.0
875,488107152.0
876,488106544.0
877,488105901.0
878,488104242.0
879,488103756.0
880,488103232.0
881,488102778.0
882,72374.0
883,145705.0
884,145681.0
885,141497.0
886,72234.0
887,141348.0
888,141339.0
889,145216.0
890,140355.0
891,140201.0
892,143691.0
893,143505.0
894,71496.0
895,143262.0
896,488089834.0
897,139265.0
898,488084047.0
899,488083425.0
900,488082569.0
901,488081905.0
902,139702.0
903,139395.0
904,139139.0
905,138817.0
906,69973.0
907,137303.0
908,488070178.0
909,488069644.0
910,488068152.0
911,488067278.0
912,488064557.0
913,488063941.0
914,488063115.0
915,488062450.0
916,488057127.0
917,488056467.0
918,488055823.0
919,488054692.0
920,488047902.0
921,488047449.0
922,488047025.0
923,488046250.0
924,488044372.0
925,488043756.0
926,488043729.0
927,488043159.0
928,488042541.0
929,488042438.0
930,488041603.0
931,488040725.0
932,488023378.0
933,488022775.0
934,488022027.0
935,488021675.0
936,488021283.0
937,488020542.0
938,488020325.0
939,488019772.0
940,488018589.0
941,488018507.0
942,488018091.0
943,488017584.0
944,488016977.0
945,487987205.0
946,487986549.0
947,113130.0
948,115615.0
949,487985859.0
950,487985062.0
951,112569.0
952,112403.0
953,104512.0
954,104485.0
955,59115.0
956,487953810.0
957,59076.0
958,487953343.0
959,104192.0
960,58975.0
961,103289.0
962,107451.0
963,102990.0
964,58583.0
965,100877.0
966,100772.0
967,55909.0
968,55768.0
969,91379.0
970,91224.0
971,83400.0
972,90848.0
973,73510.0
974,82093.0
975,81716.0
976,71399.0
977,51588.0
978,51356.0
979,51094.0
980,50741.0
981,283293.0
982,364948.0
983,364647.0
984,364373.0
985,171507.0
986,171403.0
987,170966.0
988,170822.0
989,214192.0
990,152659.0
991,486580041.0
992,486578446.0
993,486577551.0
994,486576653.0
995,486529882.0
996,486526696.0
997,192686.0
998,192253.0
999,192097.0
1000,486507654.0
1001,486506981.0
1002,486506250.0
1003,486504912.0
1004,185109.0
1005,125926.0
1006,486487308.0
1007,125507.0
1008,129610.0
1009,129489.0
1010,129401.0
1011,183581.0
1012,486480012.0
1013,486467330.0
1014,486466703.0
1015,486428563.0
1016,486427847.0
1017,486426979.0
1018,486426202.0
1019,114665.0
1020,166670.0
1021,166521.0
1022,114013.0
1023,486407026.0
1024,486397010.0
1025,486393357.0
1026,110133.0
1027,110058.0
1028,159861.0
1029,111181.0
1030,486374638.0
1031,486373662.0
1032,93592.0
1033,96070.0
1034,137029.0
1035,136598.0
1036,136364.0
1037,136325.0
1038,136108.0
1039,91954.0
1040,486315688.0
1041,486315111.0
1042,486314261.0
1043,486313615.0
1044,133963.0
1045,90462.0
1046,133446.0
1047,486310029.0
1048,133075.0
1049,486309229.0
1050,133006.0
1051,132789.0
1052,132577.0
1053,486307676.0
1054,132320.0
1055,486306170.0
1056,486300273.0
1057,486299739.0
1058,486299269.0
1059,486298846.0
1060,85507.0
1061,85302.0
1062,126624.0
1063,486286679.0
1064,125291.0
1065,486286129.0
1066,486285692.0
1067,486285187.0
1068,83328.0
1069,486283154.0
1070,83028.0
1071,486282464.0
1072,486282385.0
1073,123610.0
1074,486281794.0
1075,87659.0
1076,486281038.0
1077,82526.0
1078,87506.0
1079,87434.0
1080,486257189.0
1081,486256589.0
1082,486255988.0
1083,486255057.0
1084,486247664.0
1085,486246531.0
1086,80482.0
1087,486245791.0
1088,486245542.0
1089,486245267.0
1090,486244841.0
1091,486244731.0
1092,486244300.0
1093,110924.0
1094,486243644.0
1095,79922.0
1096,486243101.0
1097,486233943.0
1098,486232852.0
1099,486232234.0
1100,70213.0
1101,77243.0
1102,486231308.0
1103,70028.0
1104,486230638.0
1105,77042.0
1106,106156.0
1107,105665.0
1108,76187.0
1109,104298.0
1110,68226.0
1111,67994.0
1112,486221891.0
1113,486221483.0
1114,486221023.0
1115,486220624.0
1116,73466.0
1117,72980.0
1118,486204635.0
1119,486204255.0
1120,97114.0
1121,486203857.0
1122,96939.0
1123,486203322.0
1124,62695.0
1125,71029.0
1126,93423.0
1127,93168.0
1128,92960.0
1129,92707.0
1130,486179189.0
1131,486177772.0
1132,486176796.0
1133,486175643.0
1134,56670.0
1135,65056.0
1136,86916.0
1137,86800.0
1138,64934.0
1139,56354.0
1140,64847.0
1141,86501.0
1142,64655.0
1143,55951.0
1144,85881.0
1145,85647.0
1146,64200.0
1147,85503.0
1148,55519.0
1149,85258.0
1150,80547.0
1151,80422.0
1152,52489.0
1153,60600.0
1154,77608.0
1155,50807.0
1156,58734.0
1157,76743.0
1158,58421.0
1159,486125994.0
1160,486125319.0
1161,486124673.0
1162,486124030.0
1163,70381.0
1164,54065.0
1165,46430.0
1166,46367.0
1167,486087798.0
1168,486076585.0
1169,486076089.0
1170,486075662.0
1171,486075123.0
1172,486055585.0
1173,486054730.0
1174,486054142.0
1175,486053142.0
1176,486005784.0
1177,486005120.0
1178,486004442.0
1179,486003808.0
1180,26386.0
1181,25957.0
1182,485162259.0
1183,485160918.0
1184,10727686.0
1185,11571704.0
1186,10727397.0
1187,11571079.0
1188,11566343.0
1189,10723190.0
1190,9836003.0
1191,11565163.0
1192,11563709.0
1193,9834036.0
1194,484658230.0
1195,484657570.0
1196,10714128.0
1197,484656057.0
1198,10714022.0
1199,11554262.0
1200,10713882.0
1201,10713764.0
1202,484654436.0
1203,11553869.0
1204,11548333.0
1205,11548077.0
1206,9824755.0
1207,10709069.0
1208,10708676.0
1209,11546934.0
1210,10708328.0
1211,9824040.0
1212,9823974.0
1213,11546529.0
1214,9823870.0
1215,484623971.0
1216,10707962.0
1217,484621015.0
1218,484620165.0
1219,11543784.0
1220,10705879.0
1221,10703677.0
1222,11538239.0
1223,11538010.0
1224,10701419.0
1225,484590504.0
1226,10701321.0
1227,10698462.0
1228,10698164.0
1229,9815118.0
1230,9814995.0
1231,10697376.0
1232,11532211.0
1233,11531927.0
1234,10696203.0
1235,11530977.0
1236,10695949.0
1237,10695796.0
1238,11529099.0
1239,484543970.0
1240,484543356.0
1241,484542759.0
1242,10691341.0
1243,10691287.0
1244,11524474.0
1245,11524025.0
1246,9809209.0
1247,11522759.0
1248,484530314.0
1249,11521130.0
1250,11520977.0
1251,10688385.0
1252,11520861.0
1253,11520734.0
1254,10688229.0
1255,10688145.0
1256,484521684.0
1257,484521218.0
1258,484520848.0
1259,484520470.0
1260,11518896.0
1261,11518750.0
1262,11518524.0
1263,11518294.0
1264,484516340.0
1265,484515514.0
1266,484514804.0
1267,484514097.0
1268,484512455.0
1269,484511627.0
1270,484509603.0
1271,484509192.0
1272,484508718.0
1273,484508282.0
1274,10684104.0
1275,10683961.0
1276,9803313.0
1277,10682558.0
1278,11514078.0
1279,10682359.0
1280,9802014.0
1281,10682216.0
1282,10682136.0
1283,9801720.0
1284,11513335.0
1285,11512935.0
1286,10680624.0
1287,9800332.0
1288,484490321.0
1289,484489968.0
1290,484489852.0
1291,484489399.0
1292,9800063.0
1293,484489369.0
1294,484488911.0
1295,484488796.0
1296,484488317.0
1297,484484962.0
1298,484484623.0
1299,484484204.0
1300,484483697.0
1301,484483553.0
1302,10678104.0
1303,11509183.0
1304,10677614.0
1305,484478773.0
1306,484478014.0
1307,484477310.0
1308,484476651.0
1309,11507703.0
1310,11507586.0
1311,10676161.0
1312,10676020.0
1313,10675903.0
1314,484468023.0
1315,484467492.0
1316,484466942.0
1317,484466354.0
1318,10674172.0
1319,11505242.0
1320,9794922.0
1321,10673850.0
1322,484459934.0
1323,11504161.0
1324,9794044.0
1325,11503938.0
1326,10672738.0
1327,9792198.0
1328,9791953.0
1329,9791768.0
1330,484446295.0
1331,11500747.0
1332,484444924.0
1333,484444179.0
1334,484440964.0
1335,484440337.0
1336,484439571.0
1337,484438721.0
1338,484435136.0
1339,11498097.0
1340,484434573.0
1341,484434101.0
1342,484433557.0
1343,10666967.0
1344,10666869.0
1345,10666766.0
1346,484423419.0
1347,484422587.0
1348,484421918.0
1349,484421026.0
1350,484406040.0
1351,484405575.0
1352,484405194.0
1353,484404663.0
1354,11488558.0
1355,11488423.0
1356,11488301.0
1357,11488162.0
1358,9777528.0
1359,9777452.0
1360,10653128.0
1361,9776192.0
1362,484324246.0
1363,484322322.0
1364,484321401.0
1365,484320408.0
1366,484319488.0
1367,10631612.0
1368,10631504.0
1369,10631418.0
1370,10631306.0
1371,484239748.0
1372,484239037.0
1373,484238179.0
1374,484237217.0
1375,10617181.0
1376,9745793.0
1377,484181970.0
1378,484181197.0
1379,484180366.0
1380,484179676.0
1381,479309295.0
1382,479308561.0
1383,479308016.0
1384,479307523.0
1385,9083305.0
1386,477652246.0
1387,477651303.0
1388,477650430.0
1389,477649366.0
1390,477648768.0
1391,476201123.0
1392,476047133.0
1393,475767818.0
1394,475766469.0
1395,9325304.0
1396,475764780.0
1397,8925357.0
1398,8172260.0
1399,473994664.0
1400,473993360.0
1401,473992706.0
1402,473991864.0
1403,8431933.0
1404,8431792.0
1405,8431652.0
1406,7237518.0
1407,6276162.0
1408,6275893.0
1409,467339789.0
1410,467338646.0
1411,467337763.0
1412,467337070.0
1413,5982429.0
1414,465841203.0
1415,465840600.0
1416,465838050.0
1417,465837011.0
1418,465836356.0
1419,6530177.0
1420,5858343.0
1421,5964423.0
1422,5858165.0
1423,463833232.0
1424,463832622.0
1425,6024499.0
1426,6024355.0
1427,461697198.0
1428,461696784.0
1429,461696157.0
1430,461695566.0
1431,459912734.0
1432,459912235.0
1433,459911654.0
1434,459911119.0
1435,455284245.0
1436,453283250.0
1437,453281617.0
1438,453280432.0
1439,453278491.0
1440,451610337.0
1441,451609783.0
1442,451609357.0
1443,451608865.0
1444,449941104.0
1445,449940403.0
1446,449939396.0
1447,449938437.0
1448,448138174.0
1449,448137727.0
1450,448137020.0
1451,448136594.0
1452,443710258.0
1453,443709764.0
1454,443709279.0
1455,443708782.0
1456,441858552.0
1457,441858076.0
1458,441857634.0
1459,441857187.0
1460,440245927.0
1461,440245462.0
1462,440244931.0
1463,440243877.0
1464,438711083.0
1465,438704232.0
1466,438703299.0
1467,438693496.0
1468,437174451.0
1469,437173571.0
1470,437172752.0
1471,437172049.0
1472,437171261.0
1473,429373394.0
1474,429372836.0
1475,429372337.0
1476,429371444.0
1477,427749215.0
1478,427748438.0
1479,427747822.0
1480,427747107.0
1481,426119480.0
1482,426118975.0
1483,426118430.0
1484,426117074.0
1485,421347845.0
1486,421345112.0
1487,421344542.0
1488,421343748.0
1489,418663543.0
1490,418662586.0
1491,418661157.0
1492,418660266.0
1493,860998.0
1494,416550178.0
1495,27483499.0
1496,416548319.0
1497,413708564.0
1498,413707794.0
1499,413706628.0
1500,413704536.0
1501,410989872.0
1502,410988947.0
1503,410988094.0
1504,410987291.0
1505,403350707.0
1506,403348482.0
1507,403347425.0
1508,403346253.0
1509,400693542.0
1510,400692677.0
1511,400691904.0
1512,400690917.0
1513,395701487.0
1514,395700517.0
1515,395699878.0
1516,395699016.0
1517,393311878.0
1518,393311155.0
1519,393310202.0
1520,393309245.0
1521,385707522.0
1522,385705648.0
1523,385704600.0
1524,385703771.0
1525,383189086.0
1526,383187265.0
1527,383186145.0
1528,383185278.0
1529,381395621.0
1530,381394471.0
1531,381393323.0
1532,381390768.0
1533,378615356.0
1534,378614751.0
1535,378614044.0
1536,378612528.0
1537,376185995.0
1538,376184077.0
1539,376183293.0
1540,376181860.0
1541,366198493.0
1542,366172535.0
1543,366171757.0
1544,366170832.0
1545,366168894.0
1546,363944129.0
1547,363943442.0
1548,363941283.0
1549,363939561.0
1550,5879585.0
1551,361526962.0
1552,361525418.0
1553,361524011.0
1554,359204313.0
1555,359203695.0
1556,359202720.0
1557,359202037.0
1558,351917235.0
1559,351915404.0
1560,351913373.0
1561,351911943.0
1562,351910682.0
1563,351903590.0
1564,351901352.0
1565,346815919.0
1566,346814863.0
1567,346813993.0
1568,346813219.0
1569,344234597.0
1570,344233704.0
1571,344232868.0
1572,344232096.0
1573,341513352.0
1574,341512585.0
1575,341511794.0
1576,341511071.0
1577,333815687.0
1578,333814766.0
1579,333813881.0
1580,333811134.0
1581,330964596.0
1582,330963718.0
1583,330961467.0
1584,330960361.0
1585,325561861.0
1586,325561169.0
1587,325559854.0
1588,325557669.0
1589,323119147.0
1590,323117879.0
1591,323116442.0
1592,323115605.0
1593,315072495.0
1594,315070051.0
1595,315069117.0
1596,315068031.0
1597,312406271.0
1598,312404261.0
1599,312402186.0
1600,312399959.0
1601,312398785.0
1602,309598104.0
1603,309596921.0
1604,309595605.0
1605,309594860.0
1606,307533426.0
1607,307532337.0
1608,307531273.0
1609,307530451.0
1610,305147800.0
1611,305146275.0
1612,305144769.0
1613,305142530.0
1614,297984467.0
1615,297983763.0
1616,297982965.0
1617,297982281.0
1618,295457479.0
1619,295456462.0
1620,295455640.0
1621,295454720.0
1622,294819035.0
1623,294818847.0
1624,294818611.0
1625,294818372.0
1626,294329061.0
1627,294328568.0
1628,294328461.0
1629,294328184.0
1630,293876741.0
1631,293876529.0
1632,293876022.0
1633,293875764.0
1634,293875396.0
1635,289735072.0
1636,289734485.0
1637,289734009.0
1638,287908419.0
1639,287907859.0
1640,287907238.0
1641,287906578.0
1642,287906016.0
1643,581332786.0
1644,581331866.0
1645,581330697.0
1646,581329915.0
1647,286364685.0
1648,286364151.0
1649,286363704.0
1650,286362890.0
1651,284941578.0
1652,284941048.0
1653,284940308.0
1654,284939783.0
1655,280447372.0
1656,280446771.0
1657,280444900.0
1658,280444150.0
1659,278933404.0
1660,278932272.0
1661,278931720.0
1662,278931186.0
1663,277481541.0
1664,277480804.0
1665,277480049.0
1666,277176951.0
1667,275717289.0
1668,275715156.0
1669,275713596.0
1670,275712369.0
1671,274060760.0
1672,274060357.0
1673,274059867.0
1674,274059455.0
1675,79466.0
1676,69772.0
1677,79043.0
1678,78959.0
1679,78760.0
1680,268141371.0
1681,268140947.0
1682,268140193.0
1683,268139746.0
1684,266946883.0
1685,266946167.0
1686,266945045.0
1687,266944437.0
1688,263711893.0
1689,263711229.0
1690,263710342.0
1691,263709428.0
1692,257909083.0
1693,257908225.0
1694,257906626.0
1695,257906103.0
1696,256301654.0
1697,256300273.0
1698,256299352.0
1699,256298520.0
1700,254802448.0
1701,254801848.0
1702,254801251.0
1703,254800506.0
1704,253378638.0
1705,253377998.0
1706,253377513.0
1707,253376857.0
1708,249131623.0
1709,249130825.0
1710,249130211.0
1711,249129642.0
1712,247453430.0
1713,247452735.0
1714,247452174.0
1715,247450810.0
1716,245878291.0
1717,245877842.0
1718,245877298.0
1719,245876864.0
1720,244597641.0
1721,244597080.0
1722,244596441.0
1723,244586081.0
1724,243019047.0
1725,243018561.0
1726,243018116.0
1727,243017629.0
1728,238564061.0
1729,238563486.0
1730,238562736.0
1731,238562163.0
1732,236898330.0
1733,236897487.0
1734,236891526.0
1735,236890677.0
1736,235386224.0
1737,235385840.0
1738,235385516.0
1739,235384981.0
1740,233774042.0
1741,233773598.0
1742,233772711.0
1743,233772308.0
1744,232268253.0
1745,232267562.0
1746,232266557.0
1747,232266044.0
1748,227637712.0
1749,227637160.0
1750,227636636.0
1751,227635916.0
1752,226186522.0
1753,226186036.0
1754,226185548.0
1755,226184810.0
1756,223362038.0
1757,223361527.0
1758,223360665.0
1759,223360155.0
1760,221898475.0
1761,221897884.0
1762,221896754.0
1763,221896359.0
1764,217861060.0
1765,217860336.0
1766,217859918.0
1767,217859500.0
1768,215060554.0
1769,215060169.0
1770,215059255.0
1771,215058822.0
1772,213545414.0
1773,213544937.0
1774,213543734.0
1775,213543173.0
1776,211759123.0
1777,211758512.0
1778,211757598.0
1779,211756969.0
1780,210374658.0
1781,210374458.0
1782,210374281.0
1783,210374125.0
1784,209893631.0
1785,209893507.0
1786,209893379.0
1787,209893276.0
1788,209443819.0
1789,209443717.0
1790,209443576.0
1791,209443429.0
1792,209033813.0
1793,209033636.0
1794,209033491.0
1795,209033225.0
1796,209033018.0
1797,208632187.0
1798,208631919.0
1799,208631694.0
1800,208631423.0
1801,206592508.0
1802,206592395.0
1803,206592269.0
1804,206592142.0
1805,206146845.0
1806,206146556.0
1807,206146389.0
1808,206146159.0
1809,206145927.0
1810,205255422.0
1811,205255164.0
1812,205254983.0
1813,205254803.0
1814,203918008.0
1815,203917654.0
1816,203917435.0
1817,203917162.0
1818,203527017.0
1819,203526789.0
1820,203521703.0
1821,203521463.0
1822,202892661.0
1823,202892427.0
1824,202892228.0
1825,202891904.0
1826,202415263.0
1827,202415077.0
1828,202414641.0
1829,2478531.0
1830,201905179.0
1831,201904905.0
1832,201904707.0
1833,201904452.0
1834,200469733.0
1835,200469497.0
1836,200469292.0
1837,200469054.0
1838,200010524.0
1839,200010344.0
1840,200010171.0
1841,200009998.0
1842,199554242.0
1843,199554108.0
1844,199553966.0
1845,199553783.0
1846,180286.0
1847,199151837.0
1848,199151694.0
1849,199151520.0
1850,199145861.0
1851,198749982.0
1852,198749737.0
1853,198749521.0
1854,198749362.0
1855,197490788.0
1856,197490618.0
1857,197490425.0
1858,197490286.0
1859,2357475.0
1860,2393649.0
1861,2357267.0
1862,1869806.0
1863,1545323.0
1864,1925092.0
1865,1924970.0
1866,1979817.0
1867,196255015.0
1868,196254880.0
1869,196254766.0
1870,196254642.0
1871,195694239.0
1872,195694041.0
1873,195693820.0
1874,195693623.0
1875,193825176.0
1876,193824989.0
1877,193824744.0
1878,193824562.0
1879,193311787.0
1880,193311602.0
1881,193311473.0
1882,193306623.0
1883,192857345.0
1884,192857052.0
1885,192856922.0
1886,192856731.0
1887,192411404.0
1888,192411237.0
1889,192411042.0
1890,192410795.0
1891,190544006.0
1892,190543853.0
1893,190543693.0
1894,190543405.0
1895,190038915.0
1896,190038750.0
1897,190038457.0
1898,190038305.0
1899,189508652.0
1900,189508284.0
1901,189508089.0
1902,189507910.0
1903,189507680.0
1904,187388504.0
1905,187387837.0
1906,187386370.0
1907,187317702.0
1908,181061871.0
1909,181060805.0
1910,181059863.0
1911,181059048.0
1912,178986879.0
1913,178984241.0
1914,178982139.0
1915,178981139.0
1916,176876641.0
1917,176876027.0
1918,176875327.0
1919,176874640.0
1920,174701166.0
1921,174700312.0
1922,174696757.0
1923,174695493.0
1924,172545909.0
1925,172545235.0
1926,172544477.0
1927,172543778.0
1928,166677471.0
1929,166675836.0
1930,166674564.0
1931,166673050.0
1932,163734005.0
1933,163732265.0
1934,163731506.0
1935,163730064.0
1936,163729070.0
1937,161514497.0
1938,161513815.0
1939,161512700.0
1940,161512076.0
1941,159354442.0
1942,159352643.0
1943,159350661.0
1944,159349224.0
1945,147396670.0
1946,147395293.0
1947,147393237.0
1948,147391954.0
1949,147390937.0
1950,145308635.0
1951,145307182.0
1952,145305097.0
1953,145303797.0
1954,143141055.0
1955,143136505.0
1956,143135128.0
1957,143134110.0
1958,143133420.0
1959,140572522.0
1960,140571720.0
1961,140570807.0
1962,140569850.0
1963,134309568.0
1964,134308307.0
1965,134305755.0
1966,134304166.0
1967,131625649.0
1968,131624162.0
1969,131623216.0
1970,131622099.0
1971,131620182.0
1972,129641987.0
1973,129640740.0
1974,129639806.0
1975,126976537.0
1976,126975920.0
1977,126975271.0
1978,126974527.0
1979,118331903.0
1980,118331226.0
1981,118330516.0
1982,118329801.0
1983,115954728.0
1984,115953668.0
1985,115952748.0
1986,115951918.0
1987,115950991.0
1988,113405956.0
1989,113405154.0
1990,113404453.0
1991,113402727.0
1992,111382912.0
1993,111382035.0
1994,111380995.0
1995,111379717.0
1996,109003055.0
1997,109001721.0
1998,109000170.0
1999,108999293.0
2000,102176415.0
2001,102175384.0
2002,102174109.0
2003,102172822.0
2004,99669319.0
2005,99668446.0
2006,99666810.0
2007,99665838.0
2008,97497913.0
2009,97496990.0
2010,97496074.0
2011,97495220.0
2012,95109885.0
2013,95109086.0
2014,95107739.0
2015,95106759.0
2016,92963842.0
2017,92963143.0
2018,92962427.0
2019,92961714.0
2020,87016194.0
2021,87015268.0
2022,87014247.0
2023,87013147.0
2024,84653757.0
2025,84652730.0
2026,84651942.0
2027,84651049.0
2028,82988668.0
2029,82987578.0
2030,82986853.0
2031,82985874.0
2032,80480862.0
2033,80479752.0
2034,80478686.0
2035,80477577.0
2036,78587649.0
2037,78587023.0
2038,78586206.0
2039,78571890.0
2040,78570691.0
2041,78324646.0
2042,72478191.0
2043,70115328.0
2044,4681407.0
2045,13306242.0
2046,3843856.0
2047,3638737.0
2048,13071752.0
2049,4431253.0
2050,4431029.0
2051,68025627.0
2052,1156697.0
2053,9824494.0
2054,9824384.0
2055,9824254.0
2056,9464787.0
2057,9464670.0
2058,1031842.0
2059,1031768.0
2060,67024.0
2061,8315785.0
2062,8315678.0
2063,65588.0
2064,7561013.0
2065,2131726.0
2066,7560854.0
2067,9982966.0
2068,7224717.0
2069,1934676.0
2070,1934629.0
2071,7224456.0
2072,1750440.0
2073,6913292.0
2074,6913190.0
2075,1750272.0
2076,9289417.0
2077,1105763.0
2078,8137178.0
2079,1105534.0
2080,8136898.0
2081,5033165.0
2082,745625.0
2083,5032966.0
2084,7321019.0
2085,4608068.0
2086,6875132.0
2087,547604.0
2088,547571.0
2089,967134.0
2090,3026803.0
2091,4996064.0
2092,3026636.0
2093,346353087.0
2094,346352901.0
2095,346352676.0
2096,346352423.0
2097,345519951.0
2098,345519304.0
2099,345519005.0
2100,345518749.0
2101,3821887.0
2102,110778.0
2103,110773.0
2104,110761.0
2105,343487978.0
2106,343487545.0
2107,343487328.0
2108,343486907.0
2109,340668301.0
2110,340667995.0
2111,340667784.0
2112,340667488.0
2113,339704065.0
2114,339703845.0
2115,339703628.0
2116,339703387.0
2117,337556116.0
2118,337554339.0
2119,337554064.0
2120,337553785.0
2121,336641381.0
2122,336640592.0
2123,336640140.0
2124,336639713.0
2125,3067960.0
2126,3067869.0
2127,129781.0
2128,3067408.0
2129,104772.0
2130,104767.0
2131,104764.0
2132,2645236.0
2133,330732150.0
2134,330731857.0
2135,330731668.0
2136,330731485.0
2137,1495346.0
2138,2869557.0
2139,1495179.0
2140,57614.0
2141,947199.0
2142,489760.0
2143,946947.0
2144,19129.0
2145,6661.0
2146,159752.0
2147,310640.0
2148,159566.0
2149,4408020.0
2150,5525427.0
2151,5525020.0
2152,4408001.0
2153,5104168.0
2154,5104003.0
2155,4099376.0
2156,4099297.0
2157,4523945.0
2158,4724822.0
2159,3721518.0
2160,3721438.0
2161,4523387.0
2162,3812962.0
2163,2953918.0
2164,3812778.0
2165,3812683.0
2166,2620551.0
2167,2620496.0
2168,3223351.0
2169,3223291.0
2170,3018819.0
2171,2852240.0
2172,3018673.0
2173,3018492.0
2174,2685952.0
2175,2685828.0
2176,2685755.0
2177,2050754.0
2178,2368184.0
2179,14081971.0
2180,14081132.0
2181,14079364.0
2182,14078738.0
2183,314845926.0
2184,314768060.0
2185,314767762.0
2186,314767511.0
2187,314767272.0
2188,313437098.0
2189,313436814.0
2190,798586.0
2191,546506.0
2192,312187809.0
2193,312187432.0
2194,312187023.0
2195,312186758.0
2196,311050955.0
2197,311050644.0
2198,311050264.0
2199,311049979.0
2200,309826529.0
2201,309826292.0
2202,309826080.0
2203,309825651.0
2204,306433951.0
2205,306433718.0
2206,306433460.0
2207,306433161.0
2208,305289537.0
2209,305289074.0
2210,305288765.0
2211,305288476.0
2212,304429530.0
2213,304429051.0
2214,304428642.0
2215,304428135.0
2216,302902573.0
2217,302902368.0
2218,302902106.0
2219,302901885.0
2220,302076669.0
2221,302076323.0
2222,302050697.0
2223,302050246.0
2224,299083385.0
2225,299083133.0
2226,299082938.0
2227,299082670.0
2228,297996855.0
2229,297996537.0
2230,297996257.0
2231,297995891.0
2232,297105894.0
2233,297105642.0
2234,297105308.0
2235,297104977.0
2236,295060286.0
2237,295059883.0
2238,295059430.0
2239,295059136.0
2240,295058835.0
2241,290748411.0
2242,290723526.0
2243,290723180.0
2244,78591.0
2245,9675071.0
2246,9674972.0
2247,9674872.0
2248,9674774.0
2249,9383429.0
2250,9352026.0
2251,9351895.0
2252,9351808.0
2253,9383113.0
2254,9034561.0
2255,9067488.0
2256,9067355.0
2257,9032861.0
2258,7958094.0
2259,7957949.0
2260,7957830.0
2261,7957741.0
2262,7598586.0
2263,7598497.0
2264,7598281.0
2265,7597690.0
2266,7274984.0
2267,7274466.0
2268,7274332.0
2269,7311856.0
2270,6957787.0
2271,6920705.0
2272,6920636.0
2273,6920557.0
2274,5226952.0
2275,5188474.0
2276,5188360.0
2277,5226580.0
2278,4731240.0
2279,4770057.0
2280,4770000.0
2281,4769938.0
2282,4769873.0
2283,4448789.0
2284,4448707.0
2285,4409757.0
2286,4448559.0
2287,2623600.0
2288,2661867.0
2289,2661759.0
2290,2623307.0
2291,262351669.0
2292,262351072.0
2293,262350703.0
2294,262350253.0
2295,133306.0
2296,133164.0
2297,161340.0
2298,132930.0
2299,18445103.0
2300,18151562.0
2301,18151490.0
2302,18151405.0
2303,17873874.0
2304,17873802.0
2305,17873734.0
2306,18158396.0
2307,250991793.0
2308,17601098.0
2309,250991159.0
2310,250990878.0
2311,249246092.0
2312,249244040.0
2313,249243613.0
2314,249242914.0
2315,245480234.0
2316,245480001.0
2317,245479659.0
2318,245479371.0
2319,16543105.0
2320,16266050.0
2321,243996611.0
2322,243994342.0
2323,243993735.0
2324,243992198.0
2325,243504837.0
2326,243504461.0
2327,243504072.0
2328,243503578.0
2329,242012192.0
2330,242011818.0
2331,242011427.0
2332,242010692.0
2333,240459573.0
2334,240459198.0
2335,240458884.0
2336,240458558.0
2337,236358861.0
2338,236358471.0
2339,236357970.0
2340,236357288.0
2341,234953272.0
2342,234953016.0
2343,234952762.0
2344,234952465.0
2345,234952111.0
2346,233560775.0
2347,233560286.0
2348,233559783.0
2349,233559314.0
2350,231907385.0
2351,231906677.0
2352,231906059.0
2353,231903185.0
2354,231902839.0
2355,230854811.0
2356,230854050.0
2357,13652387.0
2358,13652318.0
2359,13652247.0
2360,230500693.0
2361,226637414.0
2362,226636752.0
2363,226636053.0
2364,226635404.0
2365,225032484.0
2366,225032144.0
2367,225031747.0
2368,225031147.0
2369,223655818.0
2370,223655404.0
2371,223654953.0
2372,223654487.0
2373,221828585.0
2374,221827740.0
2375,221827257.0
2376,221826943.0
2377,221826644.0
2378,220797314.0
2379,220796969.0
2380,220796523.0
2381,220795987.0
2382,217147438.0
2383,217125715.0
2384,217125448.0
2385,217125111.0
2386,217124634.0
2387,215890448.0
2388,215890210.0
2389,215889896.0
2390,215889414.0
2391,215888969.0
2392,214450745.0
2393,214450447.0
2394,214450042.0
2395,214449562.0
2396,213350571.0
2397,213350307.0
2398,213350028.0
2399,213349722.0
2400,212130346.0
2401,212130101.0
2402,212129836.0
2403,212129553.0
2404,207959087.0
2405,207958589.0
2406,207958290.0
2407,207957896.0
2408,207055600.0
2409,206757372.0
2410,206757111.0
2411,206756826.0
2412,206657070.0
2413,205454393.0
2414,205454024.0
2415,205453731.0
2416,205453416.0
2417,204189585.0
2418,204189307.0
2419,204189065.0
2420,204188693.0
2421,202953213.0
2422,202952951.0
2423,7820337.0
2424,202951636.0
2425,199166039.0
2426,6891185.0
2427,199044845.0
2428,199044443.0
2429,199044041.0
2430,199043636.0
2431,6606818.0
2432,6606742.0
2433,6606648.0
2434,197895597.0
2435,196661265.0
2436,196660946.0
2437,196660633.0
2438,196660275.0
2439,195185962.0
2440,195185677.0
2441,195185314.0
2442,195184885.0
2443,194023522.0
2444,194016261.0
2445,194014935.0
2446,194014498.0
2447,194014196.0
2448,190398848.0
2449,190398431.0
2450,190398161.0
2451,190397446.0
2452,188952223.0
2453,188951943.0
2454,188951674.0
2455,188951390.0
2456,186524424.0
2457,186524097.0
2458,186523673.0
2459,186523278.0
2460,185394139.0
2461,185393766.0
2462,185393107.0
2463,185392555.0
2464,181461736.0
2465,181461326.0
2466,181461003.0
2467,181460689.0
2468,180207512.0
2469,180207135.0
2470,180206740.0
2471,180206325.0
2472,179083965.0
2473,179083707.0
2474,179083250.0
2475,179082893.0
2476,177828259.0
2477,177827950.0
2478,177827645.0
2479,177827348.0
2480,176622122.0
2481,176621642.0
2482,176619885.0
2483,176619313.0
2484,172898242.0
2485,172898002.0
2486,172897639.0
2487,172897307.0
2488,170410440.0
2489,170410224.0
2490,170409975.0
2491,170409605.0
2492,1678175.0
2493,1678115.0
2494,1678042.0
2495,1677960.0
2496,1677877.0
2497,1324043.0
2498,1323950.0
2499,1323842.0
2500,1322516.0
2501,164710356.0
2502,164709858.0
2503,164709456.0
2504,164708970.0
2505,163193324.0
2506,163193068.0
2507,163192818.0
2508,163192538.0
2509,161670433.0
2510,161670046.0
2511,161669563.0
2512,161669105.0
2513,5108311.0
2514,5108262.0
2515,5108099.0
2516,5107961.0
2517,5107892.0
2518,4931693.0
2519,4931617.0
2520,4931560.0
2521,4931502.0
2522,4255264.0
2523,4255230.0
2524,4255187.0
2525,4255130.0
2526,4015059.0
2527,4015014.0
2528,4014972.0
2529,4014931.0
2530,3505169.0
2531,3505119.0
2532,3505081.0
2533,3505016.0
2534,3270667.0
2535,3270617.0
2536,3270561.0
2537,3270483.0
2538,2549916.0
2539,2549857.0
2540,2549768.0
2541,2517328.0
2542,2245699.0
2543,2133398.0
2544,2133243.0
2545,2133197.0
2546,2133140.0
2547,2133076.0
2548,1617056.0
2549,1616963.0
2550,1616800.0
2551,1616644.0
2552,1616359.0
2553,142087828.0
2554,1325201.0
2555,1325049.0
2556,1324815.0
2557,1324736.0
2558,1070296.0
2559,1070240.0
2560,1070178.0
2561,1070134.0
2562,327761.0
2563,327700.0
2564,327628.0
2565,327561.0
2566,40709.0
2567,1211481.0
2568,1211422.0
2569,1209411.0
2570,1209321.0
2571,782106.0
2572,782010.0
2573,781930.0
2574,781830.0
2575,366033.0
2576,365961.0
2577,365830.0
2578,365735.0
2579,365664.0
2580,365589.0
2581,365457.0
2582,131123900.0
2583,131123848.0
2584,131123793.0
2585,131123739.0
2586,201458.0
2587,200556.0
2588,200429.0
2589,200251.0
2590,200110.0
2591,199908.0
2592,11427744.0
2593,11427652.0
2594,11427537.0
2595,11427423.0
2596,10954733.0
2597,10949163.0
2598,10949039.0
2599,10948926.0
2600,10948792.0
2601,10460095.0
2602,10459989.0
2603,10459884.0
2604,10459749.0
2605,10000679.0
2606,10000279.0
2607,10000165.0
2608,10000068.0
2609,9999105.0
2610,8549125.0
2611,8549010.0
2612,8548913.0
2613,8548775.0
2614,8063278.0
2615,8063194.0
2616,8063068.0
2617,8062900.0
2618,7526429.0
2619,7526304.0
2620,7526136.0
2621,7526011.0
2622,6569126.0
2623,6568978.0
2624,6568878.0
2625,6568764.0
2626,5114895.0
2627,5114744.0
2628,5114450.0
2629,5114158.0
2630,4499929.0
2631,4415172.0
2632,4375746.0
2633,4375652.0
2634,4375539.0
2635,4375397.0
2636,3993889.0
2637,3993747.0
2638,3993613.0
2639,3993445.0
2640,3499251.0
2641,3499103.0
2642,3499006.0
2643,3498878.0
2644,3071751.0
2645,3071649.0
2646,3071551.0
2647,3042149.0
2648,3040322.0
2649,1155408.0
2650,1145388.0
2651,671841.0
2652,671550.0
2653,671251.0
2654,670917.0
2655,299079.0
2656,298922.0
2657,298542.0
2658,298368.0
2659,261831.0
2660,2468053.0
2661,2467823.0
2662,2467656.0
2663,2458634.0
2664,1950183.0
2665,1950099.0
2666,1950012.0
2667,1949897.0
2668,1665216.0
2669,1665109.0
2670,1665014.0
2671,1664909.0
2672,99312521.0
2673,99312170.0
2674,99311809.0
2675,99311467.0
2676,98065883.0
2677,98065455.0
2678,98065110.0
2679,98064737.0
2680,97474658.0
2681,97474327.0
2682,97473946.0
2683,97473629.0
2684,95529944.0
2685,95529521.0
2686,92700597.0
2687,92700340.0
2688,92700064.0
2689,92699694.0
2690,91757206.0
2691,91756899.0
2692,91756598.0
2693,91755918.0
2694,90804151.0
2695,90803420.0
2696,89849154.0
2697,2213442.0
2698,2213299.0
2699,1491347.0
2700,1491144.0
2701,235502.0
2702,235201.0
2703,235421.0
2704,234849.0
2705,2708277.0
2706,2696727.0
2707,3429086.0
2708,2696430.0
2709,3428871.0
2710,1296179.0
2711,1296022.0
2712,1295839.0
2713,1295680.0
2714,885289.0
2715,885133.0
2716,1689575.0
2717,884758.0
2718,1328202.0
2719,469099.0
2720,1327763.0
2721,1327576.0
2722,44948.0
2723,1008710.0
2724,44396.0
2725,44312.0
2726,44040.0
2727,75471.0
2728,622839.0
2729,75323.0
2730,622616.0
2731,74403260.0
2732,74402934.0
2733,74402494.0
2734,74401790.0
2735,73523553.0
2736,73523018.0
2737,73522706.0
2738,73522361.0
2739,72671892.0
2740,72671574.0
2741,72671305.0
2742,72665681.0
2743,72665345.0
2744,71684869.0
2745,71684285.0
2746,71683741.0
2747,71682185.0
2748,68340713.0
2749,68340345.0
2750,68339891.0
2751,68339052.0
2752,67511614.0
2753,67511064.0
2754,67510775.0
2755,67510255.0
2756,62983374.0
2757,62982907.0
2758,62982632.0
2759,62982230.0
2760,62054433.0
2761,62053730.0
2762,62052947.0
2763,62052672.0
2764,61012116.0
2765,61011785.0
2766,61011470.0
2767,61011056.0
2768,60125969.0
2769,60125651.0
2770,60125314.0
2771,60124983.0
2772,59260547.0
2773,59260038.0
2774,59259480.0
2775,59258617.0
2776,56719431.0
2777,56719105.0
2778,56718829.0
2779,56718450.0
2780,55885863.0
2781,55885353.0
2782,55885088.0
2783,55884742.0
2784,285435.0
2785,393905.0
2786,285434.0
2787,285431.0
2788,391494.0
2789,391493.0
2790,391492.0
2791,391491.0
2792,50465871.0
2793,50465576.0
2794,50465203.0
2795,50464877.0
2796,49659054.0
2797,49658438.0
2798,49658127.0
2799,49657871.0
2800,48847865.0
2801,48847165.0
2802,48846870.0
2803,48846291.0
2804,48182041.0
2805,48181542.0
2806,48181129.0
2807,48180678.0
2808,375407.0
2809,270604.0
2810,375389.0
2811,270596.0
2812,47158389.0
2813,47157900.0
2814,47157543.0
2815,47157286.0
2816,43566078.0
2817,43565505.0
2818,43564940.0
2819,43564501.0
2820,42575682.0
2821,42575165.0
2822,42574483.0
2823,42564260.0
2824,40869233.0
2825,40868352.0
2826,40867818.0
2827,40867394.0
2828,347563.0
2829,249361.0
2830,249360.0
2831,249359.0
2832,37858824.0
2833,37858168.0
2834,37857579.0
2835,37856895.0
2836,35996476.0
2837,35995617.0
2838,35994200.0
2839,35993624.0
2840,35993058.0
2841,35038748.0
2842,35037380.0
2843,35036567.0
2844,35034089.0
2845,35025602.0
2846,234289.0
2847,326452.0
2848,32026181.0
2849,32025599.0
2850,31234679.0
2851,31233580.0
2852,31231472.0
2853,31230975.0
2854,30277919.0
2855,30277508.0
2856,30277089.0
2857,30276652.0
2858,26501702.0
2859,26501210.0
2860,26500739.0
2861,26500355.0
2862,25729337.0
2863,25728728.0
2864,25727992.0
2865,25727306.0
2866,25726534.0
2867,25725196.0
2868,25724794.0
2869,24220217.0
2870,24219608.0
2871,24218607.0
2872,24217547.0
2873,24216979.0
2874,24216109.0
2875,23485304.0
2876,23483520.0
2877,23482532.0
2878,23481869.0
2879,23481304.0
2880,23480701.0
2881,21304423.0
2882,21303873.0
2883,21303381.0
2884,21302889.0
2885,19690945.0
2886,19690209.0
2887,19689866.0
2888,19689337.0
2889,18898009.0
2890,18897578.0
2891,18897020.0
2892,18896252.0
2893,18733338.0
2894,18733309.0
2895,18733293.0
2896,18733269.0
2897,18634603.0
2898,18634571.0
2899,18634556.0
2900,18634539.0
2901,191521.0
2902,191519.0
2903,191517.0
2904,191514.0
2905,18573106.0
2906,18573080.0
2907,18573061.0
2908,18573034.0
2909,18539325.0
2910,18539307.0
2911,18539285.0
2912,18539269.0
2913,18501885.0
2914,18501856.0
2915,18501824.0
2916,18501795.0
2917,18325419.0
2918,18325374.0
2919,18325336.0
2920,18325310.0
2921,18260818.0
2922,18260784.0
2923,18260733.0
2924,18259595.0
2925,18204395.0
2926,18204360.0
2927,18204316.0
2928,18204272.0
2929,17929947.0
2930,17929893.0
2931,17929847.0
2932,17929796.0
2933,17872977.0
2934,17872935.0
2935,17872817.0
2936,17872792.0
2937,17832399.0
2938,17832370.0
2939,17832341.0
2940,17832325.0
2941,17800470.0
2942,17800451.0
2943,17800424.0
2944,17800405.0
2945,17701361.0
2946,17701330.0
2947,17701295.0
2948,17701237.0
2949,17656155.0
2950,17656127.0
2951,17656093.0
2952,17656056.0
2953,147492.0
2954,147490.0
2955,208518.0
2956,208517.0
2957,17578721.0
2958,17578676.0
2959,17578655.0
2960,17578633.0
2961,17431907.0
2962,17431847.0
2963,17431819.0
2964,17431741.0
2965,17393318.0
2966,17393296.0
2967,17393273.0
2968,17393235.0
2969,17393203.0
2970,17358650.0
2971,17358637.0
2972,17358609.0
2973,17358579.0
2974,17358551.0
2975,17324405.0
2976,17324308.0
2977,17324274.0
2978,17324255.0
2979,182408.0
2980,127330.0
2981,182407.0
2982,182405.0
2983,125130.0
2984,179445.0
2985,125127.0
2986,125126.0
2987,17115066.0
2988,17115009.0
2989,17114946.0
2990,17114905.0
2991,17056931.0
2992,17056878.0
2993,17056836.0
2994,17056759.0
2995,16990507.0
2996,16990414.0
2997,16990377.0
2998,16990346.0
2999,16784234.0
3000,16784192.0
3001,16784122.0
3002,16784082.0
3003,16732847.0
3004,16732772.0
3005,16732751.0
3006,16732718.0
3007,16678260.0
3008,16678237.0
3009,16678211.0
3010,16678085.0
3011,153257.0
3012,107525.0
3013,153256.0
3014,16639390.0
3015,16639349.0
3016,16606276.0
3017,16606256.0
3018,16606233.0
3019,16606218.0
3020,16519026.0
3021,16518991.0
3022,16518969.0
3023,16518947.0
3024,16459983.0
3025,16459967.0
3026,16459947.0
3027,16459927.0
3028,16430269.0
3029,16430250.0
3030,16430230.0
3031,16430197.0
3032,16400150.0
3033,16400121.0
3034,16400099.0
3035,16400063.0
3036,16306416.0
3037,16306388.0
3038,16306357.0
3039,16306333.0
3040,16274588.0
3041,16274548.0
3042,16274478.0
3043,16274458.0
3044,16242747.0
3045,16242700.0
3046,16242674.0
3047,16242650.0
3048,16204302.0
3049,16204286.0
3050,16204206.0
3051,16204184.0
3052,86163.0
3053,124184.0
3054,124183.0
3055,86157.0
3056,16084661.0
3057,16084635.0
3058,16084606.0
3059,16084587.0
3060,16043276.0
3061,16043258.0
3062,16043232.0
3063,16043210.0
3064,16006553.0
3065,16006519.0
3066,16006484.0
3067,16006361.0
3068,16006330.0
3069,15910348.0
3070,15910307.0
3071,15910218.0
3072,15910166.0
3073,15716712.0
3074,15716664.0
3075,15716620.0
3076,15716577.0
3077,15642573.0
3078,15642491.0
3079,15642449.0
3080,15642404.0
3081,15584275.0
3082,15584243.0
3083,15584219.0
3084,15584196.0
3085,15535242.0
3086,15535193.0
3087,15535118.0
3088,15535072.0
3089,15487867.0
3090,15487836.0
3091,15487805.0
3092,15487774.0
3093,15406139.0
3094,15406098.0
3095,15406075.0
3096,15406046.0
3097,15406021.0
3098,15376554.0
3099,15376530.0
3100,15376487.0
3101,15376451.0
3102,15345727.0
3103,15345704.0
3104,15287566.0
3105,15287506.0
3106,15287467.0
3107,15287431.0
3108,15201811.0
3109,15201790.0
3110,15201751.0
3111,15201729.0
3112,15144170.0
3113,15144077.0
3114,15144059.0
3115,15144028.0
3116,15144011.0
3117,15115801.0
3118,15115769.0
3119,15115751.0
3120,15115721.0
3121,15115700.0
3122,15087202.0
3123,15087173.0
3124,15087151.0
3125,15087110.0
3126,14886342.0
3127,14886318.0
3128,14886276.0
3129,14886256.0
3130,14886227.0
3131,14616780.0
3132,14616724.0
3133,14616676.0
3134,14616627.0
3135,14497098.0
3136,14497059.0
3137,14497022.0
3138,14496969.0
3139,14452030.0
3140,14451995.0
3141,14451967.0
3142,14451946.0
3143,14338485.0
3144,14338463.0
3145,14338425.0
3146,14338398.0
3147,14304948.0
3148,14304922.0
3149,14300138.0
3150,14300114.0
3151,14300090.0
3152,14300073.0
3153,14266119.0
3154,14266084.0
3155,14266064.0
3156,14266054.0
3157,14231237.0
3158,14231205.0
3159,14231154.0
3160,14231140.0
3161,14203928.0
3162,14203898.0
3163,14203252.0
3164,14203216.0
3165,14117369.0
3166,14117011.0
3167,14116977.0
3168,14116953.0
3169,14116929.0
3170,14085124.0
3171,14084997.0
3172,14084979.0
3173,14084960.0
3174,14084923.0
3175,14030722.0
3176,14030694.0
3177,14030671.0
3178,14030639.0
3179,14002045.0
3180,14002023.0
3181,14002012.0
3182,14001994.0
3183,14001962.0
3184,13923001.0
3185,13922985.0
3186,13922968.0
3187,13922943.0
3188,13837130.0
3189,13837102.0
3190,13837086.0
3191,13837067.0
3192,13805261.0
3193,13805227.0
3194,13805201.0
3195,13805183.0
3196,13720923.0
3197,13720906.0
3198,13720885.0
3199,13720867.0
3200,13691703.0
3201,13691678.0
3202,13691650.0
3203,13691632.0
3204,13613377.0
3205,13613349.0
3206,13613322.0
3207,13613293.0
3208,13564500.0
3209,13564459.0
3210,13564413.0
3211,13564374.0
3212,13338291.0
3213,13338152.0
3214,13338050.0
3215,13337934.0
3216,13255170.0
3217,13255110.0
3218,13255074.0
3219,13255039.0
3220,13141094.0
3221,13141065.0
3222,13141019.0
3223,13140991.0
3224,13088715.0
3225,13088690.0
3226,13088645.0
3227,13088556.0
3228,13088538.0
3229,13088520.0
3230,13058224.0
3231,13058189.0
3232,13058109.0
3233,13058072.0
3234,13030122.0
3235,13030105.0
3236,13030092.0
3237,13030072.0
3238,12915096.0
3239,12915080.0
3240,12915059.0
3241,12915035.0
3242,12891204.0
3243,12891179.0
3244,12891158.0
3245,12891138.0
3246,12891123.0
3247,12861841.0
3248,12861824.0
3249,12861806.0
3250,12861780.0
3251,12830068.0
3252,12830050.0
3253,12830036.0
3254,12830023.0
3255,12789821.0
3256,12789800.0
3257,12789782.0
3258,12789760.0
3259,12594166.0
3260,12594105.0
3261,12594068.0
3262,12594042.0
3263,12521831.0
3264,12521791.0
3265,12521748.0
3266,12521686.0
3267,12501873.0
3268,12501868.0
3269,12501862.0
3270,12501856.0
3271,133972.0
3272,133956.0
3273,9342.0
3274,133943.0
3275,8864.0
3276,126030.0
3277,126024.0
3278,126015.0
3279,2015.0
3280,21050.0
3281,21045.0
3282,1275.0
3283,1094.0
3284,1843656.0
3285,1843590.0
3286,1843513.0
3287,834372.0
3288,834133.0
3289,481035.0
3290,8712208.0
3291,8712167.0
3292,8711747.0
3293,8410665.0
3294,8410615.0
3295,8410536.0
3296,8605737.0
3297,8605546.0
3298,8261102.0
3299,8474088.0
3300,8135269.0
3301,8120320.0
3302,7696409.0
3303,8018908.0
3304,8018750.0
3305,7739746.0
3306,7739718.0
3307,7739577.0
3308,7130914.0
3309,7130856.0
3310,7425921.0
3311,6644769.0
3312,6381824.0
3313,6642611.0
3314,6218887.0
3315,6469501.0
3316,6218774.0
3317,63743673.0
3318,63742500.0
3319,63741237.0
3320,63740529.0
3321,59984293.0
3322,59983397.0
3323,59982199.0
3324,59980941.0
3325,59913767.0
3326,58157199.0
3327,58156316.0
3328,58155569.0
3329,58154040.0
3330,52236347.0
3331,52235357.0
3332,52234035.0
3333,52233120.0
3334,50210038.0
3335,50208609.0
3336,50207747.0
3337,50206892.0
3338,46383327.0
3339,46382106.0
3340,46381359.0
3341,46380376.0
3342,44471402.0
3343,44470406.0
3344,44469668.0
3345,44468853.0
3346,38553989.0
3347,38552789.0
3348,38550449.0
3349,38549518.0
3350,36352631.0
3351,36351451.0
3352,36350558.0
3353,36349576.0
3354,34504830.0
3355,34503697.0
3356,34502772.0
3357,34501765.0
3358,30511857.0
3359,30510965.0
3360,30510040.0
3361,22701214.0
3362,22700234.0
3363,22699213.0
3364,22698274.0
3365,20570584.0
3366,20562170.0
3367,20532158.0
3368,20531216.0
3369,18461019.0
3370,18460022.0
3371,18458884.0
3372,18457837.0
3373,16239011.0
3374,16237812.0
3375,16236380.0
3376,16235338.0
3377,10021800.0
3378,9987425.0
3379,9986466.0
3380,9985202.0
3381,7932058.0
3382,7930976.0
3383,7929611.0
3384,7928748.0
3385,5897680.0
3386,5896079.0
3387,5894301.0
3388,5893380.0
3389,3917176.0
3390,3916378.0
3391,3915412.0
3392,3914485.0
3393,1908339.0
3394,1905414.0
3395,1904096.0
3396,1903088.0
3397,121565561.0
3398,121564539.0
3399,121563506.0
3400,121562475.0
3401,119594541.0
3402,119593602.0
3403,119592572.0
3404,119591400.0
3405,117531700.0
3406,117530826.0
3407,117529529.0
3408,117528710.0
3409,115268160.0
3410,115266097.0
3411,115265027.0
3412,115264003.0
3413,113238369.0
3414,113237246.0
3415,113236022.0
3416,113234539.0
3417,453393537.0
3418,453393402.0
3419,453393313.0
3420,453393208.0
3421,453239466.0
3422,453239383.0
3423,453239302.0
3424,453239202.0
3425,453072605.0
3426,453072429.0
3427,453072331.0
3428,453068268.0
3429,452923491.0
3430,452923234.0
3431,452923129.0
3432,452923001.0
3433,452773446.0
3434,452773352.0
3435,452773222.0
3436,452773134.0
3437,452146261.0
3438,452146101.0
3439,452145973.0
3440,452145864.0
3441,451974059.0
3442,451973951.0
3443,451973819.0
3444,451973706.0
3445,451754980.0
3446,451754867.0
3447,451754773.0
3448,451754646.0
3449,451524974.0
3450,451524819.0
3451,451524674.0
3452,451524354.0
3453,450872941.0
3454,450872809.0
3455,450872696.0
3456,450872534.0
3457,450621320.0
3458,450621173.0
3459,450620869.0
3460,450620473.0
3461,450619892.0
3462,450336928.0
3463,450336743.0
3464,450336527.0
3465,450336358.0
3466,450007190.0
3467,450004451.0
3468,450004254.0
3469,450003970.0
3470,449623451.0
3471,449623276.0
3472,449623095.0
3473,3968177.0
3474,449047907.0
3475,449047726.0
3476,449047550.0
3477,449047388.0
3478,448851277.0
3479,448851181.0
3480,448851073.0
3481,448645413.0
3482,448645203.0
3483,448645069.0
3484,448644891.0
3485,448508679.0
3486,448508582.0
3487,448508511.0
3488,448508414.0
3489,448361169.0
3490,448361068.0
3491,448360976.0
3492,448045538.0
3493,448045465.0
3494,448045355.0
3495,448045272.0
3496,447880757.0
3497,447880660.0
3498,447880588.0
3499,447880496.0
3500,447743244.0
3501,447743161.0
3502,447743062.0
3503,447742993.0
3504,447742827.0
3505,447598566.0
3506,447598426.0
3507,447598344.0
3508,447598269.0
3509,447454897.0
3510,447454752.0
3511,447454659.0
3512,447454574.0
3513,447454514.0
3514,447019302.0
3515,447019203.0
3516,447019104.0
3517,447019024.0
3518,446827945.0
3519,446827785.0
3520,446827626.0
3521,446827509.0
3522,446592799.0
3523,446592614.0
3524,446592464.0
3525,446592357.0
3526,446409048.0
3527,446408940.0
3528,446408845.0
3529,445859442.0
3530,445859332.0
3531,445859199.0
3532,445686893.0
3533,445686417.0
3534,445686292.0
3535,445686192.0
3536,445686087.0
3537,445136843.0
3538,445136579.0
3539,445136199.0
3540,445135886.0
3541,444808873.0
3542,444808708.0
3543,444808572.0
3544,444808361.0
3545,442608594.0
3546,442608493.0
3547,442608400.0
3548,442327570.0
3549,442327440.0
3550,442327302.0
3551,442327227.0
3552,442317056.0
3553,442316975.0
3554,442189934.0
3555,442189833.0
3556,442189711.0
3557,442189172.0
3558,442189050.0
Total Records Reject 340 
