Total Records Added 1479 
#.,ID
0,14816484
1,14816350
2,14993166
3,14993031
4,14816189
5,14992923
6,14992758
7,538397828
8,2435145
9,538396907
10,538395817
11,538395805
12,538395349
13,538394853
14,538394211
15,14986441
16,14809450
17,14986029
18,14809169
19,14985827
20,14808989
21,14985615
22,14985445
23,14808485
24,14808343
25,14808076
26,14807285
27,14807045
28,14978606
29,14978481
30,538331736
31,538330600
32,538329901
33,14797826
34,2430843
35,14973694
36,14797419
37,538326092
38,538325597
39,538325087
40,538323296
41,538322847
42,538322424
43,538322046
44,538321984
45,14795728
46,2430368
47,14971478
48,14971316
49,538317435
50,14970261
51,538315963
52,538314462
53,538313803
54,538313043
55,14791749
56,14966492
57,14966399
58,14966286
59,14790336
60,538293865
61,14788456
62,538293218
63,538292728
64,14964058
65,14963895
66,14963505
67,538285829
68,538285373
69,538284841
70,538284179
71,14955883
72,14955781
73,14955552
74,14955400
75,538256808
76,538256414
77,538255868
78,538249820
79,538249040
80,538248229
81,538247178
82,14950578
83,14950476
84,14950356
85,14774485
86,14774366
87,538238002
88,538237575
89,538237019
90,538236407
91,538231010
92,538230490
93,538230043
94,538228922
95,14770152
96,14770064
97,14945567
98,2424422
99,14769281
100,14769172
101,14944711
102,14769021
103,14769018
104,14768864
105,14768735
106,14768340
107,538196386
108,538195763
109,538195129
110,538192421
111,14759779
112,14759665
113,14934576
114,14934460
115,538170209
116,538169552
117,538169010
118,538168437
119,538144398
120,538143714
121,538142924
122,538141994
123,538079091
124,538078664
125,538078244
126,538077857
127,537720206
128,537719735
129,537719326
130,537718979
131,14799679
132,14575276
133,14400585
134,536958374
135,14573774
136,536957294
137,536957146
138,536956900
139,536956525
140,536956122
141,536956113
142,14572570
143,14398977
144,14572319
145,536947345
146,536947260
147,536945746
148,14397389
149,536945061
150,14397030
151,14570329
152,14396764
153,2332321
154,14568997
155,14568436
156,14394846
157,14564464
158,14564319
159,14564183
160,2331120
161,14388131
162,14388029
163,14561394
164,14387836
165,2329418
166,14383568
167,14556774
168,14556643
169,14383212
170,14556423
171,14383002
172,14382902
173,14382821
174,14556077
175,2329180
176,14555850
177,14382452
178,14381105
179,14552725
180,2327644
181,14549479
182,14376207
183,14548846
184,14375509
185,14375148
186,2327273
187,14374110
188,14547157
189,14373884
190,14373740
191,14546635
192,14546487
193,14546294
194,536847871
195,536846184
196,536845324
197,14540392
198,14367024
199,14540039
200,2325303
201,536823395
202,536822973
203,536822143
204,536821565
205,2325038
206,2325009
207,14365288
208,14365246
209,14538221
210,2324935
211,536820080
212,14365017
213,536814687
214,536814073
215,14555850
216,536813545
217,14363035
218,536812225
219,536811693
220,14362793
221,536811435
222,14362738
223,14362640
224,14362616
225,536810707
226,536810412
227,14535289
228,536809779
229,14535210
230,14535195
231,536809701
232,14362205
233,536809129
234,14534998
235,14534990
236,536808906
237,14362057
238,14534863
239,14534713
240,14361838
241,14534692
242,14534548
243,14534129
244,536805534
245,14361125
246,536805001
247,536804452
248,536803634
249,536803078
250,536802624
251,536802135
252,536801177
253,14359854
254,14532701
255,536800725
256,14532617
257,14532539
258,536800071
259,536799368
260,536799195
261,536798486
262,536797955
263,536797409
264,536793929
265,536793545
266,536793271
267,536793128
268,536792750
269,536792740
270,536792294
271,536791783
272,14356760
273,14356644
274,14356539
275,536786223
276,536785747
277,14352965
278,14525310
279,14352656
280,14352544
281,14524334
282,14351794
283,536761000
284,536759562
285,536758269
286,536756024
287,536752526
288,536752106
289,536751425
290,536748218
291,536747605
292,14517629
293,14345088
294,536747137
295,14345005
296,536746535
297,14517354
298,536739457
299,536738796
300,536738758
301,536738622
302,536738353
303,536738171
304,536738027
305,536737981
306,536737689
307,536737580
308,536737420
309,536737012
310,536736758
311,536736658
312,536735912
313,14339739
314,14511671
315,14339279
316,14339125
317,536703823
318,536703137
319,536702489
320,536701614
321,14499081
322,2315967
323,14327219
324,14498696
325,14494863
326,14494762
327,14494622
328,14494472
329,536659615
330,536659023
331,536658258
332,536657568
333,2314201
334,14491100
335,14490965
336,14490816
337,14481924
338,14310828
339,14247568
340,14247484
341,14247374
342,14247276
343,535903731
344,535902348
345,535901415
346,535900502
347,535899111
348,2232226
349,535514647
350,535513972
351,535513295
352,535512169
353,535455518
354,535455117
355,535454727
356,535454324
357,535432140
358,535431276
359,14124524
360,13955230
361,14123759
362,14123433
363,14107484
364,14107362
365,2219286
366,13938760
367,535367686
368,13938255
369,535359166
370,535358761
371,535358125
372,535357578
373,14104065
374,14103749
375,535345879
376,535340217
377,535339003
378,13929527
379,14097136
380,13928950
381,14096792
382,535332391
383,535331787
384,535330934
385,535330163
386,13926949
387,535326361
388,14094683
389,13926509
390,535325517
391,13926314
392,535324818
393,535324246
394,535319453
395,535318579
396,535317780
397,535316885
398,14091295
399,535313920
400,535313156
401,535312521
402,535311564
403,535310226
404,535309731
405,535309272
406,535308708
407,13921714
408,14088757
409,14088569
410,14088333
411,14087944
412,13919012
413,13918715
414,14085786
415,13917970
416,13917810
417,13917664
418,13917525
419,14084701
420,2214067
421,13916961
422,13916956
423,14084181
424,2213995
425,13916572
426,13916304
427,14082975
428,14082575
429,13914888
430,13914707
431,14082121
432,2213497
433,13914493
434,14081692
435,14081533
436,535278681
437,535278231
438,535278228
439,535277778
440,535277653
441,535277638
442,535277002
443,14079549
444,2212861
445,535275291
446,14079141
447,535273972
448,13911345
449,13909706
450,14076705
451,14076601
452,2212220
453,13909379
454,14076411
455,2212131
456,535265286
457,13909047
458,535264703
459,535264015
460,535263333
461,535259152
462,2211701
463,535258462
464,13907197
465,535257676
466,535256861
467,535256743
468,535256025
469,535255628
470,535254342
471,535253629
472,13905022
473,14071674
474,13901168
475,14067576
476,13900869
477,13900733
478,14065256
479,14065146
480,14065074
481,2209668
482,2209648
483,13898337
484,2209051
485,13895839
486,14061945
487,14061819
488,13895630
489,13895517
490,13895320
491,13895230
492,14059480
493,14059383
494,2208397
495,2208370
496,535207754
497,535207381
498,535206947
499,535206177
500,535190954
501,535190424
502,14053818
503,13887999
504,535176156
505,535175684
506,535175232
507,535174681
508,535159735
509,535159241
510,535158658
511,535158033
512,535134325
513,535132955
514,535131332
515,535128857
516,535127757
517,535126502
518,535124577
519,535123295
520,13868971
521,14033286
522,14033034
523,14032918
524,535090337
525,535089386
526,535088896
527,535088450
528,14025604
529,14025396
530,14010762
531,13847410
532,14010398
533,14010082
534,534896351
535,534895619
536,534894688
537,534894032
538,13728027
539,13563822
540,2126509
541,13561902
542,13561590
543,13725521
544,534127456
545,13561331
546,13561303
547,534126789
548,534125734
549,2126153
550,534124513
551,13540828
552,13704704
553,13690952
554,13690709
555,13682955
556,13519025
557,2116239
558,2116188
559,533834231
560,533833658
561,533833011
562,533832165
563,533815912
564,533815117
565,533814524
566,13648926
567,533813961
568,13648786
569,13485582
570,13485381
571,13479924
572,13642642
573,533783900
574,533783398
575,533782114
576,13640412
577,533781495
578,13477442
579,13477264
580,13477101
581,13474388
582,13474234
583,13473440
584,533762377
585,13635282
586,13635188
587,2105351
588,13472189
589,533760840
590,533760016
591,533758932
592,533754385
593,533753477
594,533744708
595,533744331
596,533743973
597,533743540
598,2104252
599,13630084
600,13467046
601,13466719
602,2104004
603,13628876
604,13465378
605,13465262
606,13627560
607,533733252
608,2103644
609,533732748
610,533731103
611,533730726
612,533730338
613,533729961
614,533724835
615,13623272
616,13460881
617,533701966
618,533701741
619,533701178
620,533700885
621,13456504
622,533700101
623,2101646
624,533699693
625,13456217
626,533699014
627,13456116
628,533698600
629,533697496
630,13615771
631,533689356
632,533689117
633,13453598
634,533688803
635,13615192
636,533688278
637,13614949
638,533687024
639,13614555
640,13452669
641,13614296
642,533684760
643,13452398
644,13451109
645,13450968
646,13450867
647,13450657
648,13611359
649,13449486
650,13449348
651,13610876
652,2099682
653,13448072
654,13447971
655,13447860
656,2099240
657,13608050
658,13607930
659,2099157
660,13443347
661,2098460
662,13604500
663,13604418
664,533643920
665,533642943
666,533642434
667,533641914
668,533619995
669,533619499
670,533618985
671,533618416
672,533611766
673,533611306
674,533610495
675,533609947
676,533586752
677,533585610
678,13426874
679,13587383
680,13426674
681,533583696
682,2094516
683,533579014
684,533574037
685,533573559
686,13584422
687,2093850
688,13583457
689,13583367
690,13583303
691,2093605
692,13412913
693,13412666
694,13412560
695,13412410
696,13572119
697,13571994
698,2091011
699,13571731
700,533492557
701,533491630
702,533490971
703,533490185
704,533411614
705,533411076
706,533410334
707,533409768
708,533322349
709,533321866
710,533321300
711,533320591
712,13323496
713,13323410
714,13323344
715,13477855
716,531138215
717,531137265
718,531136507
719,531135589
720,530273560
721,12484183
722,12483949
723,12388751
724,12219567
725,12387976
726,12387796
727,12387629
728,529530376
729,529529658
730,529528964
731,529527700
732,12349835
733,12349674
734,12182024
735,12181826
736,12348813
737,12181118
738,12348307
739,12348125
740,12347909
741,12347710
742,12180261
743,12347493
744,12175922
745,12175690
746,12342815
747,12175366
748,12339888
749,12172561
750,12172444
751,12172160
752,12337594
753,12170221
754,12169907
755,12158678
756,12325223
757,12325141
758,12158428
759,12156511
760,12321382
761,12320471
762,529317939
763,529317360
764,1907856
765,529316865
766,529316242
767,529264551
768,529264079
769,529263530
770,529263019
771,529260280
772,529259447
773,529258672
774,12138994
775,12303156
776,12137716
777,12302842
778,12302721
779,12136640
780,12301620
781,529245989
782,529245196
783,529243564
784,529243078
785,529242475
786,529241760
787,529232416
788,529231663
789,529231055
790,1904864
791,529230048
792,12132598
793,12132351
794,12296859
795,529208574
796,529207678
797,529205994
798,529204759
799,529194360
800,529193824
801,12123554
802,12120266
803,12120000
804,12283739
805,12283389
806,12118645
807,529173995
808,529173255
809,529172655
810,529172459
811,12118180
812,12118162
813,529171997
814,529171976
815,12118008
816,529171191
817,529170667
818,12281647
819,12281498
820,12281485
821,12281210
822,12117270
823,12116772
824,12280540
825,12116199
826,12116047
827,12279839
828,12278833
829,529159353
830,12114744
831,529158625
832,529157835
833,529156791
834,12277112
835,12276985
836,1901468
837,12272219
838,12108586
839,12271913
840,12271904
841,12271770
842,12108040
843,12107907
844,529092682
845,12260262
846,529091360
847,12259862
848,12259614
849,12096728
850,12096518
851,1899715
852,12258719
853,12258578
854,529085108
855,12255598
856,12255466
857,12092988
858,12254963
859,529066135
860,529065488
861,529064780
862,529063650
863,12250123
864,12087425
865,12086868
866,12083788
867,12245433
868,12083374
869,12244944
870,529028269
871,529027724
872,529027192
873,529026567
874,529005912
875,529004041
876,529002461
877,528997283
878,528994121
879,528993569
880,528992915
881,528989374
882,528987552
883,528987024
884,528986558
885,528985852
886,528982392
887,528981634
888,528981154
889,528980614
890,12066043
891,1895485
892,12226347
893,12065529
894,12065512
895,1895398
896,12225616
897,12225391
898,12221986
899,1894870
900,1894856
901,1894846
902,528932373
903,528931593
904,528931039
905,528930347
906,528929354
907,12051428
908,12051254
909,12210434
910,12050828
911,12049496
912,12049181
913,12049097
914,12208336
915,528875212
916,528684466
917,528683736
918,528683211
919,528682622
920,11872896
921,11721694
922,11843574
923,11693547
924,527638942
925,527638750
926,11692023
927,527637827
928,11681446
929,11681276
930,11681148
931,11830136
932,527585860
933,527585143
934,11678699
935,11827679
936,11826934
937,11826836
938,527577752
939,11677643
940,11677634
941,11826588
942,11677504
943,11677235
944,11676905
945,527573159
946,1840195
947,11824478
948,11675233
949,11823881
950,11674860
951,1839968
952,11674334
953,11674119
954,11822886
955,11822824
956,11822807
957,11822761
958,11822642
959,11673793
960,11673721
961,11673508
962,11822151
963,11821283
964,527554947
965,527554552
966,527554177
967,527553685
968,11818837
969,11818539
970,527542958
971,527540965
972,527540600
973,527540263
974,11668555
975,11814844
976,11666231
977,527524495
978,527523503
979,527513662
980,527513192
981,11810127
982,527512771
983,527512342
984,527512316
985,11661207
986,11661019
987,11809140
988,11660668
989,11806687
990,11658236
991,11657194
992,11657064
993,11656950
994,11656767
995,527492067
996,527490269
997,527489167
998,527487989
999,527482502
1000,527481256
1001,527480749
1002,527480228
1003,11651816
1004,527473090
1005,11650575
1006,527468734
1007,527461004
1008,527460180
1009,11796195
1010,527459756
1011,527459627
1012,527459577
1013,11648158
1014,527459065
1015,11648037
1016,527458714
1017,527458583
1018,527458401
1019,527457988
1020,527457795
1021,527457477
1022,527457094
1023,527456962
1024,527456861
1025,527456698
1026,527456285
1027,527455801
1028,11645760
1029,11793138
1030,11645243
1031,11788400
1032,11788210
1033,11639884
1034,1835259
1035,11638496
1036,527422263
1037,527421318
1038,11785364
1039,527418502
1040,527417948
1041,11637041
1042,11783579
1043,11783413
1044,11635619
1045,11783098
1046,527407126
1047,527401500
1048,527400654
1049,527400620
1050,527400041
1051,527398689
1052,527397568
1053,527396923
1054,11777531
1055,11629976
1056,11777135
1057,11776941
1058,527380067
1059,527379544
1060,527379044
1061,527378476
1062,11622262
1063,11769296
1064,1832866
1065,11768906
1066,527359248
1067,527356040
1068,527353970
1069,527352911
1070,527352294
1071,527351909
1072,527351511
1073,527350538
1074,11759601
1075,11612699
1076,11759080
1077,11612262
1078,11758528
1079,11611617
1080,11611534
1081,11757897
1082,11611317
1083,11756228
1084,11755969
1085,11608351
1086,11754516
1087,11607812
1088,11607722
1089,11607642
1090,11607530
1091,11607448
1092,1830566
1093,11604675
1094,11750683
1095,11604343
1096,11593643
1097,11593399
1098,11592958
1099,11738154
1100,11590691
1101,11735773
1102,11735438
1103,11590113
1104,527193770
1105,527190750
1106,527188584
1107,527187452
1108,527186010
1109,11718360
1110,11574148
1111,11717932
1112,11717560
1113,526085715
1114,526084888
1115,526082084
1116,526081599
1117,526075123
1118,526074787
1119,1779203
1120,526074071
1121,526073470
1122,526072915
1123,526072844
1124,526072490
1125,526072247
1126,526069467
1127,526069041
1128,526057468
1129,526053819
1130,526052829
1131,526051876
1132,1778344
1133,11235509
1134,11366404
1135,11366235
1136,11229943
1137,11365890
1138,11227985
1139,11363842
1140,11227853
1141,11363748
1142,11363595
1143,11227581
1144,11363241
1145,11362883
1146,526012617
1147,526011808
1148,526011154
1149,526010619
1150,526001183
1151,11358320
1152,11358186
1153,11222640
1154,11357945
1155,11353309
1156,11353163
1157,525972954
1158,525971682
1159,525970428
1160,525969612
1161,11215274
1162,11215055
1163,11349869
1164,11214586
1165,11349502
1166,11214381
1167,11349203
1168,11349032
1169,525947587
1170,525947169
1171,525946552
1172,11208381
1173,525936817
1174,525936396
1175,1774453
1176,11200752
1177,11200590
1178,11333784
1179,11197023
1180,525892411
1181,525891085
1182,525890206
1183,525888976
1184,11327516
1185,11194697
1186,11194551
1187,11326945
1188,11193935
1189,11326316
1190,11326100
1191,11193344
1192,525872290
1193,525871645
1194,525870745
1195,525869811
1196,525869257
1197,525868736
1198,525867281
1199,525865379
1200,525863218
1201,525862350
1202,525858897
1203,525858440
1204,525858083
1205,525857399
1206,11186750
1207,11186559
1208,11186547
1209,11186420
1210,11318370
1211,11318289
1212,11186076
1213,11185999
1214,11185787
1215,525842209
1216,525841615
1217,11182961
1218,525841290
1219,525841050
1220,525840413
1221,525840014
1222,11182590
1223,525840005
1224,525839880
1225,525839456
1226,525839159
1227,525838872
1228,525836082
1229,525835655
1230,525835441
1231,525834972
1232,11181079
1233,11180942
1234,525829529
1235,525829025
1236,11311204
1237,525828626
1238,11311045
1239,525828218
1240,11310954
1241,11310864
1242,525819931
1243,525819523
1244,525818970
1245,525818750
1246,525818434
1247,525817702
1248,525817605
1249,525817360
1250,525816857
1251,525816584
1252,11175768
1253,11306620
1254,11306146
1255,11174839
1256,525789662
1257,525789107
1258,525788421
1259,525787658
1260,525744356
1261,525743754
1262,525743092
1263,525742343
1264,525735528
1265,525734991
1266,525734323
1267,525733359
1268,525732783
1269,11277119
1270,11276814
1271,11276512
1272,11147595
1273,11143617
1274,11143495
1275,11143319
1276,11271364
1277,11142933
1278,11271061
1279,11270592
1280,11142387
1281,11142298
1282,1765780
1283,11270226
1284,11270180
1285,11270016
1286,525657414
1287,525656851
1288,11254201
1289,525621418
1290,11127070
1291,11126557
1292,11253086
1293,525540467
1294,525539939
1295,525539471
1296,525538713
1297,525286508
1298,525285903
1299,525284744
1300,525282634
1301,524784837
1302,524783815
1303,524782839
1304,524781464
1305,10975263
1306,1725652
1307,10974512
1308,10974285
1309,10843763
1310,10957893
1311,10841879
1312,10955995
1313,10948421
1314,10948041
1315,10832750
1316,10947581
1317,10832318
1318,10947337
1319,524681631
1320,10832093
1321,10946747
1322,10830298
1323,10830147
1324,10829973
1325,10944718
1326,10941115
1327,10940403
1328,10824031
1329,10823742
1330,10920231
1331,10806660
1332,10919889
1333,10806313
1334,10917893
1335,10804148
1336,1717901
1337,10803540
1338,10907576
1339,524533340
1340,524532605
1341,10905437
1342,1716391
1343,10904802
1344,10904614
1345,524528358
1346,1715912
1347,10901010
1348,10900811
1349,10900452
1350,524510603
1351,524506494
1352,10785460
1353,10897130
1354,524493854
1355,524493240
1356,524492384
1357,524491759
1358,524490829
1359,524489688
1360,524488535
1361,524482112
1362,524481632
1363,524481045
1364,524480366
1365,10891655
1366,1714674
1367,524359022
1368,524358475
1369,524357358
1370,10745714
1371,10853392
1372,10745408
1373,10745228
1374,524325683
1375,524310634
1376,524310164
1377,524309787
1378,524309369
1379,10842516
1380,1708546
1381,10841885
1382,524286532
1383,10730374
1384,10729521
1385,10836131
1386,1707755
1387,10835762
1388,10834550
1389,10834355
1390,10834163
1391,10834022
1392,524254745
1393,524253397
1394,10830114
1395,10829864
1396,524252397
1397,10829632
1398,1706808
1399,10828844
1400,10722268
1401,10828481
1402,10828080
1403,10721604
1404,10721568
1405,10721442
1406,1706640
1407,10827542
1408,10721075
1409,10827168
1410,524230872
1411,524229662
1412,524225462
1413,524224656
1414,10715376
1415,10821226
1416,10715028
1417,10714901
1418,524219504
1419,524218906
1420,524218323
1421,524218271
1422,524217663
1423,524216295
1424,524215479
1425,524197357
1426,524196849
1427,524196222
1428,524195727
1429,10808858
1430,10703361
1431,524178611
1432,524177973
1433,10703054
1434,10808173
1435,524175157
1436,524174354
1437,524174328
1438,524173558
1439,524172709
1440,524172060
1441,524170413
1442,10700362
1443,10697924
1444,10696652
1445,10801423
1446,10801215
1447,10801078
1448,524133806
1449,524132138
1450,524132080
1451,524131380
1452,524130673
1453,524129823
1454,524128154
1455,524127436
1456,524090472
1457,524088853
1458,524087011
1459,524085857
1460,10666212
1461,10769396
1462,10769239
1463,10665770
1464,10767206
1465,524029698
1466,10663574
1467,10663490
1468,524005284
1469,524003990
1470,523869076
1471,523866737
1472,523866092
1473,523865041
1474,523864453
1475,523863718
1476,523526469
1477,523526098
1478,523525662
Total Records Reject 398 
