Total Records Added 3725 
#.,ID
0,3798176.0
1,3618171.0
2,3617844.0
3,3797264.0
4,3612110.0
5,3785998.0
6,3785874.0
7,3603290.0
8,3783608.0
9,3602306.0
10,500221212.0
11,3780781.0
12,3780627.0
13,728149.0
14,3780348.0
15,3779274.0
16,500209342.0
17,500208210.0
18,500207122.0
19,500203743.0
20,3594925.0
21,3776496.0
22,500167505.0
23,500167066.0
24,500166394.0
25,3580520.0
26,3580195.0
27,3579901.0
28,3762660.0
29,500143565.0
30,500143094.0
31,500142447.0
32,500141972.0
33,3576965.0
34,500135114.0
35,500131275.0
36,500129551.0
37,3574247.0
38,3757671.0
39,3757514.0
40,3757343.0
41,500111518.0
42,500110948.0
43,500110155.0
44,500104593.0
45,500103001.0
46,500102395.0
47,500096848.0
48,500095735.0
49,500095020.0
50,500094856.0
51,500094279.0
52,500092671.0
53,500091531.0
54,3562761.0
55,3562637.0
56,3562535.0
57,3562504.0
58,3747013.0
59,3746962.0
60,3562242.0
61,3562060.0
62,500073614.0
63,3558960.0
64,500072680.0
65,3743573.0
66,500072017.0
67,500071378.0
68,500071325.0
69,3743092.0
70,500071008.0
71,500070487.0
72,3742824.0
73,3742593.0
74,500068569.0
75,3742398.0
76,3557096.0
77,3742090.0
78,500066880.0
79,500066363.0
80,3556814.0
81,3741802.0
82,3741365.0
83,500062490.0
84,500061136.0
85,500060537.0
86,500059906.0
87,500059303.0
88,3740019.0
89,500051469.0
90,500044355.0
91,500042630.0
92,500038729.0
93,3734450.0
94,500037640.0
95,3548393.0
96,500036939.0
97,3734006.0
98,500036015.0
99,3733816.0
100,500015978.0
101,500015119.0
102,500013326.0
103,500012635.0
104,500007914.0
105,500007408.0
106,500006630.0
107,500006037.0
108,500005768.0
109,500005520.0
110,500005138.0
111,500004733.0
112,500001480.0
113,500000819.0
114,500000025.0
115,499999359.0
116,3535391.0
117,3535226.0
118,3722226.0
119,3534808.0
120,3532635.0
121,3532154.0
122,3719386.0
123,3718950.0
124,719335.0
125,3714937.0
126,3526475.0
127,3526237.0
128,3714048.0
129,718904.0
130,3523540.0
131,3523374.0
132,3523187.0
133,499939416.0
134,499938482.0
135,499937856.0
136,499937169.0
137,499902461.0
138,499901899.0
139,499901429.0
140,499900910.0
141,3507505.0
142,3697321.0
143,3697092.0
144,3696947.0
145,499841175.0
146,499840484.0
147,499839667.0
148,499838961.0
149,499793204.0
150,499792514.0
151,499791779.0
152,499791120.0
153,3668071.0
154,3474515.0
155,3667779.0
156,3474190.0
157,499700882.0
158,499699843.0
159,499698710.0
160,499697436.0
161,499435548.0
162,499434734.0
163,499433315.0
164,499432046.0
165,499431023.0
166,3184353.0
167,3184009.0
168,3183499.0
169,3394017.0
170,3363372.0
171,3150558.0
172,3150331.0
173,3150022.0
174,498589323.0
175,498431272.0
176,3075178.0
177,3293496.0
178,3074867.0
179,498408699.0
180,498408207.0
181,498407691.0
182,498407159.0
183,498383545.0
184,498382791.0
185,498382185.0
186,498381407.0
187,498376268.0
188,498375728.0
189,498375202.0
190,498374677.0
191,498373067.0
192,498371663.0
193,498369462.0
194,498367581.0
195,498366428.0
196,3279863.0
197,3279612.0
198,3279425.0
199,3279268.0
200,3054414.0
201,498333521.0
202,498332741.0
203,498331842.0
204,3052054.0
205,3272433.0
206,3051778.0
207,3051589.0
208,498315277.0
209,498314018.0
210,498313253.0
211,498312028.0
212,3048037.0
213,3268466.0
214,3047363.0
215,3267853.0
216,498301980.0
217,3266808.0
218,3266163.0
219,3266095.0
220,656055.0
221,498297941.0
222,3265957.0
223,3265831.0
224,3265785.0
225,3265029.0
226,655480.0
227,498281210.0
228,3040270.0
229,498280469.0
230,3040095.0
231,498279523.0
232,3261321.0
233,655380.0
234,3039550.0
235,3260876.0
236,3037090.0
237,498268635.0
238,498268129.0
239,498267511.0
240,498266840.0
241,3257226.0
242,3257114.0
243,654822.0
244,3256955.0
245,498262371.0
246,498261809.0
247,3256721.0
248,498260917.0
249,498430471.0
250,3034797.0
251,498260690.0
252,3034639.0
253,498259916.0
254,3256275.0
255,3256097.0
256,498258769.0
257,498256590.0
258,498256141.0
259,498251555.0
260,498251151.0
261,498250744.0
262,498250307.0
263,498245872.0
264,498245303.0
265,498244550.0
266,498243885.0
267,498239746.0
268,3025114.0
269,3247470.0
270,3024667.0
271,3024434.0
272,3051778.0
273,3023043.0
274,3022919.0
275,498216248.0
276,498215652.0
277,3265957.0
278,498214843.0
279,498212197.0
280,498208523.0
281,498207829.0
282,498206093.0
283,498205273.0
284,498203644.0
285,498203426.0
286,498203069.0
287,498202596.0
288,3241201.0
289,3241048.0
290,498197474.0
291,3015790.0
292,3015663.0
293,498190484.0
294,3238454.0
295,3238339.0
296,3014902.0
297,3014746.0
298,498189319.0
299,3014599.0
300,498188363.0
301,3012563.0
302,3235719.0
303,3235284.0
304,3010924.0
305,3010815.0
306,3010633.0
307,3010402.0
308,3234075.0
309,3233641.0
310,3233526.0
311,3233403.0
312,3009423.0
313,3005884.0
314,3005758.0
315,3005619.0
316,3229703.0
317,3001509.0
318,3001202.0
319,498137252.0
320,498136394.0
321,3221035.0
322,2996108.0
323,649817.0
324,2995831.0
325,498119055.0
326,498118542.0
327,498117795.0
328,498117041.0
329,498109997.0
330,498109422.0
331,498108788.0
332,498108235.0
333,498100514.0
334,498099132.0
335,498098452.0
336,498083624.0
337,498082893.0
338,498082246.0
339,498081582.0
340,3208755.0
341,2982412.0
342,3208468.0
343,3208348.0
344,2974765.0
345,3201585.0
346,2974388.0
347,3201181.0
348,3196381.0
349,3196237.0
350,498027040.0
351,498026391.0
352,3195849.0
353,498025713.0
354,2967961.0
355,498024986.0
356,2966214.0
357,3193877.0
358,3193687.0
359,2965649.0
360,2961122.0
361,645646.0
362,3189254.0
363,3188983.0
364,2930921.0
365,3162156.0
366,3162046.0
367,2930515.0
368,497771286.0
369,497770694.0
370,497770002.0
371,497769269.0
372,2858128.0
373,2876746.0
374,2876462.0
375,2641108.0
376,2875827.0
377,2640591.0
378,2875009.0
379,496838603.0
380,496837519.0
381,496818337.0
382,496817703.0
383,496817090.0
384,496816364.0
385,2600265.0
386,2600150.0
387,2599989.0
388,2599479.0
389,2599313.0
390,2828810.0
391,2828642.0
392,496790424.0
393,496789193.0
394,496788186.0
395,496787317.0
396,2590921.0
397,2590811.0
398,589606.0
399,2819186.0
400,496758879.0
401,496758179.0
402,496756910.0
403,496756263.0
404,496753205.0
405,2816431.0
406,2816179.0
407,2816034.0
408,2587373.0
409,2811244.0
410,588248.0
411,2582772.0
412,2582614.0
413,496727369.0
414,496726668.0
415,496725728.0
416,496724903.0
417,2807602.0
418,587610.0
419,2579419.0
420,496713035.0
421,496712236.0
422,496711401.0
423,496710222.0
424,2795184.0
425,2795079.0
426,585211.0
427,2565992.0
428,2565856.0
429,2792175.0
430,2565632.0
431,2565213.0
432,585045.0
433,2564638.0
434,496657287.0
435,496656853.0
436,496656351.0
437,496655963.0
438,2562261.0
439,2559898.0
440,2559802.0
441,2559741.0
442,2785420.0
443,2557444.0
444,583638.0
445,2557183.0
446,2782711.0
447,2779372.0
448,496605511.0
449,496603635.0
450,496602555.0
451,2768878.0
452,2544034.0
453,581217.0
454,581187.0
455,2540697.0
456,2540476.0
457,2764313.0
458,2539993.0
459,580528.0
460,496565398.0
461,496564267.0
462,496557967.0
463,496557436.0
464,496556933.0
465,496556368.0
466,2519436.0
467,2518638.0
468,576860.0
469,496484292.0
470,496483663.0
471,496482883.0
472,496481960.0
473,2738410.0
474,2514795.0
475,2737153.0
476,2737108.0
477,2514567.0
478,2736853.0
479,496471493.0
480,496470377.0
481,2736424.0
482,496469607.0
483,496468891.0
484,2735446.0
485,2735018.0
486,575894.0
487,2734898.0
488,2512531.0
489,2512530.0
490,2512421.0
491,2734461.0
492,2511181.0
493,2732984.0
494,2732681.0
495,2510332.0
496,2730153.0
497,2729935.0
498,2729761.0
499,2507426.0
500,496444912.0
501,496444693.0
502,496444256.0
503,496443805.0
504,496443662.0
505,496443141.0
506,496442551.0
507,496441334.0
508,496440394.0
509,496439251.0
510,496438097.0
511,496436598.0
512,2726508.0
513,2504753.0
514,2726098.0
515,2725529.0
516,496407706.0
517,2717179.0
518,2496190.0
519,2495999.0
520,2495984.0
521,2495849.0
522,2495805.0
523,2716405.0
524,2716373.0
525,496374817.0
526,496373992.0
527,496372351.0
528,496371967.0
529,496371250.0
530,2488099.0
531,2487931.0
532,2707818.0
533,2487572.0
534,2693308.0
535,2474212.0
536,2473970.0
537,2692719.0
538,496236770.0
539,496234932.0
540,496233983.0
541,496232969.0
542,496211125.0
543,496209705.0
544,496208985.0
545,496208338.0
546,496207957.0
547,496207538.0
548,496206751.0
549,496205824.0
550,2638632.0
551,2638403.0
552,2638169.0
553,2423094.0
554,2155089.0
555,494527245.0
556,494526735.0
557,494526273.0
558,494525797.0
559,1307368.0
560,1306929.0
561,1306723.0
562,1306368.0
563,491933026.0
564,491931478.0
565,491930746.0
566,491929245.0
567,1234671.0
568,491790431.0
569,1234478.0
570,491789773.0
571,1171987.0
572,1171829.0
573,491788556.0
574,1233611.0
575,491782929.0
576,491778517.0
577,491777952.0
578,1230849.0
579,491773613.0
580,1229623.0
581,1167341.0
582,1167236.0
583,1165914.0
584,1225416.0
585,1225222.0
586,491742204.0
587,1220884.0
588,1159312.0
589,1220522.0
590,1220358.0
591,491728077.0
592,491727266.0
593,1156474.0
594,317894.0
595,491726455.0
596,1217330.0
597,1156182.0
598,491725700.0
599,491717507.0
600,491716933.0
601,491716408.0
602,1153468.0
603,1213593.0
604,1213339.0
605,491711802.0
606,1152435.0
607,1152230.0
608,317011.0
609,1151796.0
610,1211946.0
611,1151356.0
612,1151258.0
613,1151233.0
614,1150941.0
615,1150639.0
616,1147888.0
617,1147680.0
618,316124.0
619,1207583.0
620,1207474.0
621,1207102.0
622,1206914.0
623,491679691.0
624,491678623.0
625,491677845.0
626,1143627.0
627,491676412.0
628,1143480.0
629,314797.0
630,1140350.0
631,1199495.0
632,314543.0
633,491656677.0
634,491656343.0
635,491655547.0
636,1138113.0
637,491654307.0
638,314328.0
639,1136240.0
640,313986.0
641,1194611.0
642,491645232.0
643,1135513.0
644,491644089.0
645,491642524.0
646,491621903.0
647,491621395.0
648,491620845.0
649,1187132.0
650,1186995.0
651,491619726.0
652,1129050.0
653,312598.0
654,491617188.0
655,491612449.0
656,491611871.0
657,491611262.0
658,1126750.0
659,491610275.0
660,1126598.0
661,1184083.0
662,1126272.0
663,1183045.0
664,1125315.0
665,1182583.0
666,491604115.0
667,1125037.0
668,491603495.0
669,1182304.0
670,491602872.0
671,1124585.0
672,491602173.0
673,1124393.0
674,491601247.0
675,1123962.0
676,311635.0
677,1181037.0
678,1180940.0
679,1180755.0
680,491597644.0
681,1180569.0
682,491597210.0
683,491596872.0
684,1123121.0
685,491596373.0
686,491595972.0
687,491595921.0
688,491594847.0
689,491593075.0
690,491592149.0
691,491592070.0
692,491591525.0
693,491590888.0
694,491590155.0
695,491566168.0
696,1114927.0
697,1114849.0
698,1114831.0
699,1114765.0
700,1170676.0
701,491558955.0
702,491558122.0
703,491557532.0
704,1112683.0
705,491556919.0
706,1112508.0
707,1112187.0
708,1111733.0
709,1167184.0
710,309293.0
711,1111278.0
712,1106147.0
713,1105969.0
714,1160315.0
715,1105139.0
716,1153741.0
717,491489677.0
718,491488943.0
719,491488342.0
720,491487717.0
721,491486922.0
722,1140035.0
723,1139901.0
724,1139785.0
725,1087089.0
726,1079588.0
727,1131574.0
728,1131389.0
729,303113.0
730,491410898.0
731,1073536.0
732,1073414.0
733,1124461.0
734,301938.0
735,1124239.0
736,1072345.0
737,491403388.0
738,491402782.0
739,1123276.0
740,491401722.0
741,491401070.0
742,1122922.0
743,491391896.0
744,491391057.0
745,491390069.0
746,491389103.0
747,491346704.0
748,491137698.0
749,491137144.0
750,491136632.0
751,491136139.0
752,490974133.0
753,490973480.0
754,490972621.0
755,490971879.0
756,738672.0
757,748017.0
758,747655.0
759,737229.0
760,490086828.0
761,490085359.0
762,490084460.0
763,490083756.0
764,696789.0
765,696643.0
766,706429.0
767,693624.0
768,704348.0
769,704233.0
770,691186.0
771,691050.0
772,689998.0
773,702456.0
774,687667.0
775,687458.0
776,490041958.0
777,700364.0
778,490041185.0
779,700148.0
780,490039840.0
781,490038978.0
782,685058.0
783,490033013.0
784,697919.0
785,684151.0
786,697335.0
787,682998.0
788,696158.0
789,695952.0
790,682260.0
791,688968.0
792,674607.0
793,212370.0
794,688216.0
795,212284.0
796,489989562.0
797,489988642.0
798,489986608.0
799,489985410.0
800,489980418.0
801,210507.0
802,680791.0
803,680560.0
804,680299.0
805,664621.0
806,679291.0
807,679144.0
808,664210.0
809,489943857.0
810,489942486.0
811,489940933.0
812,489939662.0
813,489936099.0
814,489935429.0
815,673757.0
816,489933788.0
817,489931046.0
818,489930277.0
819,489929586.0
820,489928938.0
821,489927512.0
822,489926834.0
823,489926198.0
824,489925373.0
825,671533.0
826,655845.0
827,671368.0
828,671185.0
829,655639.0
830,655430.0
831,670599.0
832,489908430.0
833,489885836.0
834,489885337.0
835,489884690.0
836,489884199.0
837,644293.0
838,644147.0
839,489880317.0
840,489879564.0
841,643716.0
842,489879059.0
843,489878866.0
844,489878501.0
845,489876627.0
846,489875919.0
847,489874023.0
848,489873336.0
849,654238.0
850,637371.0
851,653684.0
852,653502.0
853,202634.0
854,633626.0
855,650197.0
856,489841050.0
857,489840730.0
858,489840155.0
859,489839597.0
860,489839010.0
861,648653.0
862,647054.0
863,201528.0
864,201492.0
865,646547.0
866,201421.0
867,645036.0
868,644911.0
869,644629.0
870,644483.0
871,200757.0
872,643835.0
873,626276.0
874,626119.0
875,626006.0
876,643119.0
877,643070.0
878,642821.0
879,625224.0
880,200352.0
881,638307.0
882,620477.0
883,489794622.0
884,620222.0
885,489794239.0
886,489793776.0
887,489793352.0
888,619551.0
889,637024.0
890,619214.0
891,618906.0
892,489771229.0
893,489769914.0
894,489769083.0
895,489767904.0
896,489752112.0
897,489745017.0
898,489744575.0
899,489744070.0
900,489743457.0
901,489733973.0
902,489733326.0
903,489732855.0
904,489732478.0
905,489709715.0
906,489709211.0
907,489708443.0
908,489707786.0
909,489676924.0
910,489676254.0
911,489675740.0
912,489675172.0
913,585081.0
914,584952.0
915,604696.0
916,604287.0
917,190170.0
918,583393.0
919,603118.0
920,582950.0
921,602758.0
922,582502.0
923,489654710.0
924,602263.0
925,602159.0
926,600379.0
927,579943.0
928,579297.0
929,599494.0
930,565074.0
931,586047.0
932,564607.0
933,564459.0
934,489572545.0
935,489571637.0
936,489571094.0
937,489570117.0
938,489559580.0
939,489507536.0
940,489506919.0
941,489505940.0
942,489472958.0
943,489385397.0
944,489384826.0
945,489384200.0
946,489383474.0
947,489358767.0
948,489357199.0
949,489356182.0
950,489355250.0
951,489354240.0
952,489353733.0
953,489353212.0
954,489352606.0
955,99505.0
956,488373560.0
957,180209.0
958,186747.0
959,179806.0
960,186305.0
961,174068.0
962,173689.0
963,180286.0
964,173203.0
965,179145.0
966,170718.0
967,488208008.0
968,170111.0
969,169819.0
970,176109.0
971,175882.0
972,175706.0
973,169083.0
974,175577.0
975,488203357.0
976,81370.0
977,175323.0
978,488199876.0
979,488198968.0
980,173706.0
981,173627.0
982,173524.0
983,167032.0
984,80764.0
985,166813.0
986,173187.0
987,166618.0
988,171996.0
989,165466.0
990,171621.0
991,165072.0
992,164866.0
993,171052.0
994,163882.0
995,163749.0
996,169031.0
997,168044.0
998,488176335.0
999,488175760.0
1000,488175108.0
1001,488174520.0
1002,488164146.0
1003,488163662.0
1004,488163153.0
1005,488162596.0
1006,162388.0
1007,156042.0
1008,155852.0
1009,77492.0
1010,161940.0
1011,161680.0
1012,160855.0
1013,154096.0
1014,153841.0
1015,159889.0
1016,158717.0
1017,152135.0
1018,158305.0
1019,76406.0
1020,151628.0
1021,157769.0
1022,488137141.0
1023,488135224.0
1024,488134397.0
1025,488133966.0
1026,488133237.0
1027,488132250.0
1028,488130969.0
1029,488129021.0
1030,153318.0
1031,152952.0
1032,147151.0
1033,146907.0
1034,74382.0
1035,146468.0
1036,488118170.0
1037,488117663.0
1038,488117161.0
1039,488116627.0
1040,488107786.0
1041,488107152.0
1042,488106544.0
1043,488105901.0
1044,488104242.0
1045,488103756.0
1046,488103232.0
1047,488102778.0
1048,72374.0
1049,145705.0
1050,145681.0
1051,141497.0
1052,72234.0
1053,141348.0
1054,141339.0
1055,145216.0
1056,140355.0
1057,140201.0
1058,143691.0
1059,143505.0
1060,71496.0
1061,143262.0
1062,488089834.0
1063,139265.0
1064,488084047.0
1065,488083425.0
1066,488082569.0
1067,488081905.0
1068,139702.0
1069,139395.0
1070,139139.0
1071,138817.0
1072,69973.0
1073,137303.0
1074,488070178.0
1075,488069644.0
1076,488068152.0
1077,488067278.0
1078,488064557.0
1079,488063941.0
1080,488063115.0
1081,488062450.0
1082,488057127.0
1083,488056467.0
1084,488055823.0
1085,488054692.0
1086,488047902.0
1087,488047449.0
1088,488047025.0
1089,488046250.0
1090,488044372.0
1091,488043756.0
1092,488043729.0
1093,488043159.0
1094,488042541.0
1095,488042438.0
1096,488041603.0
1097,488040725.0
1098,488023378.0
1099,488022775.0
1100,488022027.0
1101,488021675.0
1102,488021283.0
1103,488020542.0
1104,488020325.0
1105,488019772.0
1106,488018589.0
1107,488018507.0
1108,488018091.0
1109,488017584.0
1110,488016977.0
1111,487987205.0
1112,487986549.0
1113,113130.0
1114,115615.0
1115,487985859.0
1116,487985062.0
1117,112569.0
1118,112403.0
1119,104512.0
1120,104485.0
1121,59115.0
1122,487953810.0
1123,59076.0
1124,487953343.0
1125,104192.0
1126,58975.0
1127,103289.0
1128,107451.0
1129,102990.0
1130,58583.0
1131,100877.0
1132,100772.0
1133,55909.0
1134,55768.0
1135,91379.0
1136,91224.0
1137,83400.0
1138,90848.0
1139,73510.0
1140,82093.0
1141,81716.0
1142,71399.0
1143,51588.0
1144,51356.0
1145,51094.0
1146,50741.0
1147,283293.0
1148,364948.0
1149,364647.0
1150,364373.0
1151,171507.0
1152,171403.0
1153,170966.0
1154,170822.0
1155,214192.0
1156,152659.0
1157,486580041.0
1158,486578446.0
1159,486577551.0
1160,486576653.0
1161,486529882.0
1162,486526696.0
1163,192686.0
1164,192253.0
1165,192097.0
1166,486507654.0
1167,486506981.0
1168,486506250.0
1169,486504912.0
1170,185109.0
1171,125926.0
1172,486487308.0
1173,125507.0
1174,129610.0
1175,129489.0
1176,129401.0
1177,183581.0
1178,486480012.0
1179,486467330.0
1180,486466703.0
1181,486428563.0
1182,486427847.0
1183,486426979.0
1184,486426202.0
1185,114665.0
1186,166670.0
1187,166521.0
1188,114013.0
1189,486407026.0
1190,486397010.0
1191,486393357.0
1192,110133.0
1193,110058.0
1194,159861.0
1195,111181.0
1196,486374638.0
1197,486373662.0
1198,93592.0
1199,96070.0
1200,137029.0
1201,136598.0
1202,136364.0
1203,136325.0
1204,136108.0
1205,91954.0
1206,486315688.0
1207,486315111.0
1208,486314261.0
1209,486313615.0
1210,133963.0
1211,90462.0
1212,133446.0
1213,486310029.0
1214,133075.0
1215,486309229.0
1216,133006.0
1217,132789.0
1218,132577.0
1219,486307676.0
1220,132320.0
1221,486306170.0
1222,486300273.0
1223,486299739.0
1224,486299269.0
1225,486298846.0
1226,85507.0
1227,85302.0
1228,126624.0
1229,486286679.0
1230,125291.0
1231,486286129.0
1232,486285692.0
1233,486285187.0
1234,83328.0
1235,486283154.0
1236,83028.0
1237,486282464.0
1238,486282385.0
1239,123610.0
1240,486281794.0
1241,87659.0
1242,486281038.0
1243,82526.0
1244,87506.0
1245,87434.0
1246,486257189.0
1247,486256589.0
1248,486255988.0
1249,486255057.0
1250,486247664.0
1251,486246531.0
1252,80482.0
1253,486245791.0
1254,486245542.0
1255,486245267.0
1256,486244841.0
1257,486244731.0
1258,486244300.0
1259,110924.0
1260,486243644.0
1261,79922.0
1262,486243101.0
1263,486233943.0
1264,486232852.0
1265,486232234.0
1266,70213.0
1267,77243.0
1268,486231308.0
1269,70028.0
1270,486230638.0
1271,77042.0
1272,106156.0
1273,105665.0
1274,76187.0
1275,104298.0
1276,68226.0
1277,67994.0
1278,486221891.0
1279,486221483.0
1280,486221023.0
1281,486220624.0
1282,73466.0
1283,72980.0
1284,486204635.0
1285,486204255.0
1286,97114.0
1287,486203857.0
1288,96939.0
1289,486203322.0
1290,62695.0
1291,71029.0
1292,93423.0
1293,93168.0
1294,92960.0
1295,92707.0
1296,486179189.0
1297,486177772.0
1298,486176796.0
1299,486175643.0
1300,56670.0
1301,65056.0
1302,86916.0
1303,86800.0
1304,64934.0
1305,56354.0
1306,64847.0
1307,86501.0
1308,64655.0
1309,55951.0
1310,85881.0
1311,85647.0
1312,64200.0
1313,85503.0
1314,55519.0
1315,85258.0
1316,80547.0
1317,80422.0
1318,52489.0
1319,60600.0
1320,77608.0
1321,50807.0
1322,58734.0
1323,76743.0
1324,58421.0
1325,486125994.0
1326,486125319.0
1327,486124673.0
1328,486124030.0
1329,70381.0
1330,54065.0
1331,46430.0
1332,46367.0
1333,486087798.0
1334,486076585.0
1335,486076089.0
1336,486075662.0
1337,486075123.0
1338,486055585.0
1339,486054730.0
1340,486054142.0
1341,486053142.0
1342,486005784.0
1343,486005120.0
1344,486004442.0
1345,486003808.0
1346,26386.0
1347,25957.0
1348,485162259.0
1349,485160918.0
1350,10727686.0
1351,11571704.0
1352,10727397.0
1353,11571079.0
1354,11566343.0
1355,10723190.0
1356,9836003.0
1357,11565163.0
1358,11563709.0
1359,9834036.0
1360,484658230.0
1361,484657570.0
1362,10714128.0
1363,484656057.0
1364,10714022.0
1365,11554262.0
1366,10713882.0
1367,10713764.0
1368,484654436.0
1369,11553869.0
1370,11548333.0
1371,11548077.0
1372,9824755.0
1373,10709069.0
1374,10708676.0
1375,11546934.0
1376,10708328.0
1377,9824040.0
1378,9823974.0
1379,11546529.0
1380,9823870.0
1381,484623971.0
1382,10707962.0
1383,484621015.0
1384,484620165.0
1385,11543784.0
1386,10705879.0
1387,10703677.0
1388,11538239.0
1389,11538010.0
1390,10701419.0
1391,484590504.0
1392,10701321.0
1393,10698462.0
1394,10698164.0
1395,9815118.0
1396,9814995.0
1397,10697376.0
1398,11532211.0
1399,11531927.0
1400,10696203.0
1401,11530977.0
1402,10695949.0
1403,10695796.0
1404,11529099.0
1405,484543970.0
1406,484543356.0
1407,484542759.0
1408,10691341.0
1409,10691287.0
1410,11524474.0
1411,11524025.0
1412,9809209.0
1413,11522759.0
1414,484530314.0
1415,11521130.0
1416,11520977.0
1417,10688385.0
1418,11520861.0
1419,11520734.0
1420,10688229.0
1421,10688145.0
1422,484521684.0
1423,484521218.0
1424,484520848.0
1425,484520470.0
1426,11518896.0
1427,11518750.0
1428,11518524.0
1429,11518294.0
1430,484516340.0
1431,484515514.0
1432,484514804.0
1433,484514097.0
1434,484512455.0
1435,484511627.0
1436,484509603.0
1437,484509192.0
1438,484508718.0
1439,484508282.0
1440,10684104.0
1441,10683961.0
1442,9803313.0
1443,10682558.0
1444,11514078.0
1445,10682359.0
1446,9802014.0
1447,10682216.0
1448,10682136.0
1449,9801720.0
1450,11513335.0
1451,11512935.0
1452,10680624.0
1453,9800332.0
1454,484490321.0
1455,484489968.0
1456,484489852.0
1457,484489399.0
1458,9800063.0
1459,484489369.0
1460,484488911.0
1461,484488796.0
1462,484488317.0
1463,484484962.0
1464,484484623.0
1465,484484204.0
1466,484483697.0
1467,484483553.0
1468,10678104.0
1469,11509183.0
1470,10677614.0
1471,484478773.0
1472,484478014.0
1473,484477310.0
1474,484476651.0
1475,11507703.0
1476,11507586.0
1477,10676161.0
1478,10676020.0
1479,10675903.0
1480,484468023.0
1481,484467492.0
1482,484466942.0
1483,484466354.0
1484,10674172.0
1485,11505242.0
1486,9794922.0
1487,10673850.0
1488,484459934.0
1489,11504161.0
1490,9794044.0
1491,11503938.0
1492,10672738.0
1493,9792198.0
1494,9791953.0
1495,9791768.0
1496,484446295.0
1497,11500747.0
1498,484444924.0
1499,484444179.0
1500,484440964.0
1501,484440337.0
1502,484439571.0
1503,484438721.0
1504,484435136.0
1505,11498097.0
1506,484434573.0
1507,484434101.0
1508,484433557.0
1509,10666967.0
1510,10666869.0
1511,10666766.0
1512,484423419.0
1513,484422587.0
1514,484421918.0
1515,484421026.0
1516,484406040.0
1517,484405575.0
1518,484405194.0
1519,484404663.0
1520,11488558.0
1521,11488423.0
1522,11488301.0
1523,11488162.0
1524,9777528.0
1525,9777452.0
1526,10653128.0
1527,9776192.0
1528,484324246.0
1529,484322322.0
1530,484321401.0
1531,484320408.0
1532,484319488.0
1533,10631612.0
1534,10631504.0
1535,10631418.0
1536,10631306.0
1537,484239748.0
1538,484239037.0
1539,484238179.0
1540,484237217.0
1541,10617181.0
1542,9745793.0
1543,484181970.0
1544,484181197.0
1545,484180366.0
1546,484179676.0
1547,479309295.0
1548,479308561.0
1549,479308016.0
1550,479307523.0
1551,9083305.0
1552,477652246.0
1553,477651303.0
1554,477650430.0
1555,477649366.0
1556,477648768.0
1557,476201123.0
1558,476047133.0
1559,475767818.0
1560,475766469.0
1561,9325304.0
1562,475764780.0
1563,8925357.0
1564,8172260.0
1565,473994664.0
1566,473993360.0
1567,473992706.0
1568,473991864.0
1569,8431933.0
1570,8431792.0
1571,8431652.0
1572,7237518.0
1573,6276162.0
1574,6275893.0
1575,467339789.0
1576,467338646.0
1577,467337763.0
1578,467337070.0
1579,5982429.0
1580,465841203.0
1581,465840600.0
1582,465838050.0
1583,465837011.0
1584,465836356.0
1585,6530177.0
1586,5858343.0
1587,5964423.0
1588,5858165.0
1589,463833232.0
1590,463832622.0
1591,6024499.0
1592,6024355.0
1593,461697198.0
1594,461696784.0
1595,461696157.0
1596,461695566.0
1597,459912734.0
1598,459912235.0
1599,459911654.0
1600,459911119.0
1601,455284245.0
1602,453283250.0
1603,453281617.0
1604,453280432.0
1605,453278491.0
1606,451610337.0
1607,451609783.0
1608,451609357.0
1609,451608865.0
1610,449941104.0
1611,449940403.0
1612,449939396.0
1613,449938437.0
1614,448138174.0
1615,448137727.0
1616,448137020.0
1617,448136594.0
1618,443710258.0
1619,443709764.0
1620,443709279.0
1621,443708782.0
1622,441858552.0
1623,441858076.0
1624,441857634.0
1625,441857187.0
1626,440245927.0
1627,440245462.0
1628,440244931.0
1629,440243877.0
1630,438711083.0
1631,438704232.0
1632,438703299.0
1633,438693496.0
1634,437174451.0
1635,437173571.0
1636,437172752.0
1637,437172049.0
1638,437171261.0
1639,429373394.0
1640,429372836.0
1641,429372337.0
1642,429371444.0
1643,427749215.0
1644,427748438.0
1645,427747822.0
1646,427747107.0
1647,426119480.0
1648,426118975.0
1649,426118430.0
1650,426117074.0
1651,421347845.0
1652,421345112.0
1653,421344542.0
1654,421343748.0
1655,418663543.0
1656,418662586.0
1657,418661157.0
1658,418660266.0
1659,860998.0
1660,416550178.0
1661,27483499.0
1662,416548319.0
1663,413708564.0
1664,413707794.0
1665,413706628.0
1666,413704536.0
1667,410989872.0
1668,410988947.0
1669,410988094.0
1670,410987291.0
1671,403350707.0
1672,403348482.0
1673,403347425.0
1674,403346253.0
1675,400693542.0
1676,400692677.0
1677,400691904.0
1678,400690917.0
1679,395701487.0
1680,395700517.0
1681,395699878.0
1682,395699016.0
1683,393311878.0
1684,393311155.0
1685,393310202.0
1686,393309245.0
1687,385707522.0
1688,385705648.0
1689,385704600.0
1690,385703771.0
1691,383189086.0
1692,383187265.0
1693,383186145.0
1694,383185278.0
1695,381395621.0
1696,381394471.0
1697,381393323.0
1698,381390768.0
1699,378615356.0
1700,378614751.0
1701,378614044.0
1702,378612528.0
1703,376185995.0
1704,376184077.0
1705,376183293.0
1706,376181860.0
1707,366198493.0
1708,366172535.0
1709,366171757.0
1710,366170832.0
1711,366168894.0
1712,363944129.0
1713,363943442.0
1714,363941283.0
1715,363939561.0
1716,5879585.0
1717,361526962.0
1718,361525418.0
1719,361524011.0
1720,359204313.0
1721,359203695.0
1722,359202720.0
1723,359202037.0
1724,351917235.0
1725,351915404.0
1726,351913373.0
1727,351911943.0
1728,351910682.0
1729,351903590.0
1730,351901352.0
1731,346815919.0
1732,346814863.0
1733,346813993.0
1734,346813219.0
1735,344234597.0
1736,344233704.0
1737,344232868.0
1738,344232096.0
1739,341513352.0
1740,341512585.0
1741,341511794.0
1742,341511071.0
1743,333815687.0
1744,333814766.0
1745,333813881.0
1746,333811134.0
1747,330964596.0
1748,330963718.0
1749,330961467.0
1750,330960361.0
1751,325561861.0
1752,325561169.0
1753,325559854.0
1754,325557669.0
1755,323119147.0
1756,323117879.0
1757,323116442.0
1758,323115605.0
1759,315072495.0
1760,315070051.0
1761,315069117.0
1762,315068031.0
1763,312406271.0
1764,312404261.0
1765,312402186.0
1766,312399959.0
1767,312398785.0
1768,309598104.0
1769,309596921.0
1770,309595605.0
1771,309594860.0
1772,307533426.0
1773,307532337.0
1774,307531273.0
1775,307530451.0
1776,305147800.0
1777,305146275.0
1778,305144769.0
1779,305142530.0
1780,297984467.0
1781,297983763.0
1782,297982965.0
1783,297982281.0
1784,295457479.0
1785,295456462.0
1786,295455640.0
1787,295454720.0
1788,294819035.0
1789,294818847.0
1790,294818611.0
1791,294818372.0
1792,294329061.0
1793,294328568.0
1794,294328461.0
1795,294328184.0
1796,293876741.0
1797,293876529.0
1798,293876022.0
1799,293875764.0
1800,293875396.0
1801,289735072.0
1802,289734485.0
1803,289734009.0
1804,287908419.0
1805,287907859.0
1806,287907238.0
1807,287906578.0
1808,287906016.0
1809,581332786.0
1810,581331866.0
1811,581330697.0
1812,581329915.0
1813,286364685.0
1814,286364151.0
1815,286363704.0
1816,286362890.0
1817,284941578.0
1818,284941048.0
1819,284940308.0
1820,284939783.0
1821,280447372.0
1822,280446771.0
1823,280444900.0
1824,280444150.0
1825,278933404.0
1826,278932272.0
1827,278931720.0
1828,278931186.0
1829,277481541.0
1830,277480804.0
1831,277480049.0
1832,277176951.0
1833,275717289.0
1834,275715156.0
1835,275713596.0
1836,275712369.0
1837,274060760.0
1838,274060357.0
1839,274059867.0
1840,274059455.0
1841,79466.0
1842,69772.0
1843,79043.0
1844,78959.0
1845,78760.0
1846,268141371.0
1847,268140947.0
1848,268140193.0
1849,268139746.0
1850,266946883.0
1851,266946167.0
1852,266945045.0
1853,266944437.0
1854,263711893.0
1855,263711229.0
1856,263710342.0
1857,263709428.0
1858,257909083.0
1859,257908225.0
1860,257906626.0
1861,257906103.0
1862,256301654.0
1863,256300273.0
1864,256299352.0
1865,256298520.0
1866,254802448.0
1867,254801848.0
1868,254801251.0
1869,254800506.0
1870,253378638.0
1871,253377998.0
1872,253377513.0
1873,253376857.0
1874,249131623.0
1875,249130825.0
1876,249130211.0
1877,249129642.0
1878,247453430.0
1879,247452735.0
1880,247452174.0
1881,247450810.0
1882,245878291.0
1883,245877842.0
1884,245877298.0
1885,245876864.0
1886,244597641.0
1887,244597080.0
1888,244596441.0
1889,244586081.0
1890,243019047.0
1891,243018561.0
1892,243018116.0
1893,243017629.0
1894,238564061.0
1895,238563486.0
1896,238562736.0
1897,238562163.0
1898,236898330.0
1899,236897487.0
1900,236891526.0
1901,236890677.0
1902,235386224.0
1903,235385840.0
1904,235385516.0
1905,235384981.0
1906,233774042.0
1907,233773598.0
1908,233772711.0
1909,233772308.0
1910,232268253.0
1911,232267562.0
1912,232266557.0
1913,232266044.0
1914,227637712.0
1915,227637160.0
1916,227636636.0
1917,227635916.0
1918,226186522.0
1919,226186036.0
1920,226185548.0
1921,226184810.0
1922,223362038.0
1923,223361527.0
1924,223360665.0
1925,223360155.0
1926,221898475.0
1927,221897884.0
1928,221896754.0
1929,221896359.0
1930,217861060.0
1931,217860336.0
1932,217859918.0
1933,217859500.0
1934,215060554.0
1935,215060169.0
1936,215059255.0
1937,215058822.0
1938,213545414.0
1939,213544937.0
1940,213543734.0
1941,213543173.0
1942,211759123.0
1943,211758512.0
1944,211757598.0
1945,211756969.0
1946,210374658.0
1947,210374458.0
1948,210374281.0
1949,210374125.0
1950,209893631.0
1951,209893507.0
1952,209893379.0
1953,209893276.0
1954,209443819.0
1955,209443717.0
1956,209443576.0
1957,209443429.0
1958,209033813.0
1959,209033636.0
1960,209033491.0
1961,209033225.0
1962,209033018.0
1963,208632187.0
1964,208631919.0
1965,208631694.0
1966,208631423.0
1967,206592508.0
1968,206592395.0
1969,206592269.0
1970,206592142.0
1971,206146845.0
1972,206146556.0
1973,206146389.0
1974,206146159.0
1975,206145927.0
1976,205255422.0
1977,205255164.0
1978,205254983.0
1979,205254803.0
1980,203918008.0
1981,203917654.0
1982,203917435.0
1983,203917162.0
1984,203527017.0
1985,203526789.0
1986,203521703.0
1987,203521463.0
1988,202892661.0
1989,202892427.0
1990,202892228.0
1991,202891904.0
1992,202415263.0
1993,202415077.0
1994,202414641.0
1995,2478531.0
1996,201905179.0
1997,201904905.0
1998,201904707.0
1999,201904452.0
2000,200469733.0
2001,200469497.0
2002,200469292.0
2003,200469054.0
2004,200010524.0
2005,200010344.0
2006,200010171.0
2007,200009998.0
2008,199554242.0
2009,199554108.0
2010,199553966.0
2011,199553783.0
2012,180286.0
2013,199151837.0
2014,199151694.0
2015,199151520.0
2016,199145861.0
2017,198749982.0
2018,198749737.0
2019,198749521.0
2020,198749362.0
2021,197490788.0
2022,197490618.0
2023,197490425.0
2024,197490286.0
2025,2357475.0
2026,2393649.0
2027,2357267.0
2028,1869806.0
2029,1545323.0
2030,1925092.0
2031,1924970.0
2032,1979817.0
2033,196255015.0
2034,196254880.0
2035,196254766.0
2036,196254642.0
2037,195694239.0
2038,195694041.0
2039,195693820.0
2040,195693623.0
2041,193825176.0
2042,193824989.0
2043,193824744.0
2044,193824562.0
2045,193311787.0
2046,193311602.0
2047,193311473.0
2048,193306623.0
2049,192857345.0
2050,192857052.0
2051,192856922.0
2052,192856731.0
2053,192411404.0
2054,192411237.0
2055,192411042.0
2056,192410795.0
2057,190544006.0
2058,190543853.0
2059,190543693.0
2060,190543405.0
2061,190038915.0
2062,190038750.0
2063,190038457.0
2064,190038305.0
2065,189508652.0
2066,189508284.0
2067,189508089.0
2068,189507910.0
2069,189507680.0
2070,187388504.0
2071,187387837.0
2072,187386370.0
2073,187317702.0
2074,181061871.0
2075,181060805.0
2076,181059863.0
2077,181059048.0
2078,178986879.0
2079,178984241.0
2080,178982139.0
2081,178981139.0
2082,176876641.0
2083,176876027.0
2084,176875327.0
2085,176874640.0
2086,174701166.0
2087,174700312.0
2088,174696757.0
2089,174695493.0
2090,172545909.0
2091,172545235.0
2092,172544477.0
2093,172543778.0
2094,166677471.0
2095,166675836.0
2096,166674564.0
2097,166673050.0
2098,163734005.0
2099,163732265.0
2100,163731506.0
2101,163730064.0
2102,163729070.0
2103,161514497.0
2104,161513815.0
2105,161512700.0
2106,161512076.0
2107,159354442.0
2108,159352643.0
2109,159350661.0
2110,159349224.0
2111,147396670.0
2112,147395293.0
2113,147393237.0
2114,147391954.0
2115,147390937.0
2116,145308635.0
2117,145307182.0
2118,145305097.0
2119,145303797.0
2120,143141055.0
2121,143136505.0
2122,143135128.0
2123,143134110.0
2124,143133420.0
2125,140572522.0
2126,140571720.0
2127,140570807.0
2128,140569850.0
2129,134309568.0
2130,134308307.0
2131,134305755.0
2132,134304166.0
2133,131625649.0
2134,131624162.0
2135,131623216.0
2136,131622099.0
2137,131620182.0
2138,129641987.0
2139,129640740.0
2140,129639806.0
2141,126976537.0
2142,126975920.0
2143,126975271.0
2144,126974527.0
2145,118331903.0
2146,118331226.0
2147,118330516.0
2148,118329801.0
2149,115954728.0
2150,115953668.0
2151,115952748.0
2152,115951918.0
2153,115950991.0
2154,113405956.0
2155,113405154.0
2156,113404453.0
2157,113402727.0
2158,111382912.0
2159,111382035.0
2160,111380995.0
2161,111379717.0
2162,109003055.0
2163,109001721.0
2164,109000170.0
2165,108999293.0
2166,102176415.0
2167,102175384.0
2168,102174109.0
2169,102172822.0
2170,99669319.0
2171,99668446.0
2172,99666810.0
2173,99665838.0
2174,97497913.0
2175,97496990.0
2176,97496074.0
2177,97495220.0
2178,95109885.0
2179,95109086.0
2180,95107739.0
2181,95106759.0
2182,92963842.0
2183,92963143.0
2184,92962427.0
2185,92961714.0
2186,87016194.0
2187,87015268.0
2188,87014247.0
2189,87013147.0
2190,84653757.0
2191,84652730.0
2192,84651942.0
2193,84651049.0
2194,82988668.0
2195,82987578.0
2196,82986853.0
2197,82985874.0
2198,80480862.0
2199,80479752.0
2200,80478686.0
2201,80477577.0
2202,78587649.0
2203,78587023.0
2204,78586206.0
2205,78571890.0
2206,78570691.0
2207,78324646.0
2208,72478191.0
2209,70115328.0
2210,4681407.0
2211,13306242.0
2212,3843856.0
2213,3638737.0
2214,13071752.0
2215,4431253.0
2216,4431029.0
2217,68025627.0
2218,1156697.0
2219,9824494.0
2220,9824384.0
2221,9824254.0
2222,9464787.0
2223,9464670.0
2224,1031842.0
2225,1031768.0
2226,67024.0
2227,8315785.0
2228,8315678.0
2229,65588.0
2230,7561013.0
2231,2131726.0
2232,7560854.0
2233,9982966.0
2234,7224717.0
2235,1934676.0
2236,1934629.0
2237,7224456.0
2238,1750440.0
2239,6913292.0
2240,6913190.0
2241,1750272.0
2242,9289417.0
2243,1105763.0
2244,8137178.0
2245,1105534.0
2246,8136898.0
2247,5033165.0
2248,745625.0
2249,5032966.0
2250,7321019.0
2251,4608068.0
2252,6875132.0
2253,547604.0
2254,547571.0
2255,967134.0
2256,3026803.0
2257,4996064.0
2258,3026636.0
2259,346353087.0
2260,346352901.0
2261,346352676.0
2262,346352423.0
2263,345519951.0
2264,345519304.0
2265,345519005.0
2266,345518749.0
2267,3821887.0
2268,110778.0
2269,110773.0
2270,110761.0
2271,343487978.0
2272,343487545.0
2273,343487328.0
2274,343486907.0
2275,340668301.0
2276,340667995.0
2277,340667784.0
2278,340667488.0
2279,339704065.0
2280,339703845.0
2281,339703628.0
2282,339703387.0
2283,337556116.0
2284,337554339.0
2285,337554064.0
2286,337553785.0
2287,336641381.0
2288,336640592.0
2289,336640140.0
2290,336639713.0
2291,3067960.0
2292,3067869.0
2293,129781.0
2294,3067408.0
2295,104772.0
2296,104767.0
2297,104764.0
2298,2645236.0
2299,330732150.0
2300,330731857.0
2301,330731668.0
2302,330731485.0
2303,1495346.0
2304,2869557.0
2305,1495179.0
2306,57614.0
2307,947199.0
2308,489760.0
2309,946947.0
2310,19129.0
2311,6661.0
2312,159752.0
2313,310640.0
2314,159566.0
2315,4408020.0
2316,5525427.0
2317,5525020.0
2318,4408001.0
2319,5104168.0
2320,5104003.0
2321,4099376.0
2322,4099297.0
2323,4523945.0
2324,4724822.0
2325,3721518.0
2326,3721438.0
2327,4523387.0
2328,3812962.0
2329,2953918.0
2330,3812778.0
2331,3812683.0
2332,2620551.0
2333,2620496.0
2334,3223351.0
2335,3223291.0
2336,3018819.0
2337,2852240.0
2338,3018673.0
2339,3018492.0
2340,2685952.0
2341,2685828.0
2342,2685755.0
2343,2050754.0
2344,2368184.0
2345,14081971.0
2346,14081132.0
2347,14079364.0
2348,14078738.0
2349,314845926.0
2350,314768060.0
2351,314767762.0
2352,314767511.0
2353,314767272.0
2354,313437098.0
2355,313436814.0
2356,798586.0
2357,546506.0
2358,312187809.0
2359,312187432.0
2360,312187023.0
2361,312186758.0
2362,311050955.0
2363,311050644.0
2364,311050264.0
2365,311049979.0
2366,309826529.0
2367,309826292.0
2368,309826080.0
2369,309825651.0
2370,306433951.0
2371,306433718.0
2372,306433460.0
2373,306433161.0
2374,305289537.0
2375,305289074.0
2376,305288765.0
2377,305288476.0
2378,304429530.0
2379,304429051.0
2380,304428642.0
2381,304428135.0
2382,302902573.0
2383,302902368.0
2384,302902106.0
2385,302901885.0
2386,302076669.0
2387,302076323.0
2388,302050697.0
2389,302050246.0
2390,299083385.0
2391,299083133.0
2392,299082938.0
2393,299082670.0
2394,297996855.0
2395,297996537.0
2396,297996257.0
2397,297995891.0
2398,297105894.0
2399,297105642.0
2400,297105308.0
2401,297104977.0
2402,295060286.0
2403,295059883.0
2404,295059430.0
2405,295059136.0
2406,295058835.0
2407,290748411.0
2408,290723526.0
2409,290723180.0
2410,78591.0
2411,9675071.0
2412,9674972.0
2413,9674872.0
2414,9674774.0
2415,9383429.0
2416,9352026.0
2417,9351895.0
2418,9351808.0
2419,9383113.0
2420,9034561.0
2421,9067488.0
2422,9067355.0
2423,9032861.0
2424,7958094.0
2425,7957949.0
2426,7957830.0
2427,7957741.0
2428,7598586.0
2429,7598497.0
2430,7598281.0
2431,7597690.0
2432,7274984.0
2433,7274466.0
2434,7274332.0
2435,7311856.0
2436,6957787.0
2437,6920705.0
2438,6920636.0
2439,6920557.0
2440,5226952.0
2441,5188474.0
2442,5188360.0
2443,5226580.0
2444,4731240.0
2445,4770057.0
2446,4770000.0
2447,4769938.0
2448,4769873.0
2449,4448789.0
2450,4448707.0
2451,4409757.0
2452,4448559.0
2453,2623600.0
2454,2661867.0
2455,2661759.0
2456,2623307.0
2457,262351669.0
2458,262351072.0
2459,262350703.0
2460,262350253.0
2461,133306.0
2462,133164.0
2463,161340.0
2464,132930.0
2465,18445103.0
2466,18151562.0
2467,18151490.0
2468,18151405.0
2469,17873874.0
2470,17873802.0
2471,17873734.0
2472,18158396.0
2473,250991793.0
2474,17601098.0
2475,250991159.0
2476,250990878.0
2477,249246092.0
2478,249244040.0
2479,249243613.0
2480,249242914.0
2481,245480234.0
2482,245480001.0
2483,245479659.0
2484,245479371.0
2485,16543105.0
2486,16266050.0
2487,243996611.0
2488,243994342.0
2489,243993735.0
2490,243992198.0
2491,243504837.0
2492,243504461.0
2493,243504072.0
2494,243503578.0
2495,242012192.0
2496,242011818.0
2497,242011427.0
2498,242010692.0
2499,240459573.0
2500,240459198.0
2501,240458884.0
2502,240458558.0
2503,236358861.0
2504,236358471.0
2505,236357970.0
2506,236357288.0
2507,234953272.0
2508,234953016.0
2509,234952762.0
2510,234952465.0
2511,234952111.0
2512,233560775.0
2513,233560286.0
2514,233559783.0
2515,233559314.0
2516,231907385.0
2517,231906677.0
2518,231906059.0
2519,231903185.0
2520,231902839.0
2521,230854811.0
2522,230854050.0
2523,13652387.0
2524,13652318.0
2525,13652247.0
2526,230500693.0
2527,226637414.0
2528,226636752.0
2529,226636053.0
2530,226635404.0
2531,225032484.0
2532,225032144.0
2533,225031747.0
2534,225031147.0
2535,223655818.0
2536,223655404.0
2537,223654953.0
2538,223654487.0
2539,221828585.0
2540,221827740.0
2541,221827257.0
2542,221826943.0
2543,221826644.0
2544,220797314.0
2545,220796969.0
2546,220796523.0
2547,220795987.0
2548,217147438.0
2549,217125715.0
2550,217125448.0
2551,217125111.0
2552,217124634.0
2553,215890448.0
2554,215890210.0
2555,215889896.0
2556,215889414.0
2557,215888969.0
2558,214450745.0
2559,214450447.0
2560,214450042.0
2561,214449562.0
2562,213350571.0
2563,213350307.0
2564,213350028.0
2565,213349722.0
2566,212130346.0
2567,212130101.0
2568,212129836.0
2569,212129553.0
2570,207959087.0
2571,207958589.0
2572,207958290.0
2573,207957896.0
2574,207055600.0
2575,206757372.0
2576,206757111.0
2577,206756826.0
2578,206657070.0
2579,205454393.0
2580,205454024.0
2581,205453731.0
2582,205453416.0
2583,204189585.0
2584,204189307.0
2585,204189065.0
2586,204188693.0
2587,202953213.0
2588,202952951.0
2589,7820337.0
2590,202951636.0
2591,199166039.0
2592,6891185.0
2593,199044845.0
2594,199044443.0
2595,199044041.0
2596,199043636.0
2597,6606818.0
2598,6606742.0
2599,6606648.0
2600,197895597.0
2601,196661265.0
2602,196660946.0
2603,196660633.0
2604,196660275.0
2605,195185962.0
2606,195185677.0
2607,195185314.0
2608,195184885.0
2609,194023522.0
2610,194016261.0
2611,194014935.0
2612,194014498.0
2613,194014196.0
2614,190398848.0
2615,190398431.0
2616,190398161.0
2617,190397446.0
2618,188952223.0
2619,188951943.0
2620,188951674.0
2621,188951390.0
2622,186524424.0
2623,186524097.0
2624,186523673.0
2625,186523278.0
2626,185394139.0
2627,185393766.0
2628,185393107.0
2629,185392555.0
2630,181461736.0
2631,181461326.0
2632,181461003.0
2633,181460689.0
2634,180207512.0
2635,180207135.0
2636,180206740.0
2637,180206325.0
2638,179083965.0
2639,179083707.0
2640,179083250.0
2641,179082893.0
2642,177828259.0
2643,177827950.0
2644,177827645.0
2645,177827348.0
2646,176622122.0
2647,176621642.0
2648,176619885.0
2649,176619313.0
2650,172898242.0
2651,172898002.0
2652,172897639.0
2653,172897307.0
2654,170410440.0
2655,170410224.0
2656,170409975.0
2657,170409605.0
2658,1678175.0
2659,1678115.0
2660,1678042.0
2661,1677960.0
2662,1677877.0
2663,1324043.0
2664,1323950.0
2665,1323842.0
2666,1322516.0
2667,164710356.0
2668,164709858.0
2669,164709456.0
2670,164708970.0
2671,163193324.0
2672,163193068.0
2673,163192818.0
2674,163192538.0
2675,161670433.0
2676,161670046.0
2677,161669563.0
2678,161669105.0
2679,5108311.0
2680,5108262.0
2681,5108099.0
2682,5107961.0
2683,5107892.0
2684,4931693.0
2685,4931617.0
2686,4931560.0
2687,4931502.0
2688,4255264.0
2689,4255230.0
2690,4255187.0
2691,4255130.0
2692,4015059.0
2693,4015014.0
2694,4014972.0
2695,4014931.0
2696,3505169.0
2697,3505119.0
2698,3505081.0
2699,3505016.0
2700,3270667.0
2701,3270617.0
2702,3270561.0
2703,3270483.0
2704,2549916.0
2705,2549857.0
2706,2549768.0
2707,2517328.0
2708,2245699.0
2709,2133398.0
2710,2133243.0
2711,2133197.0
2712,2133140.0
2713,2133076.0
2714,1617056.0
2715,1616963.0
2716,1616800.0
2717,1616644.0
2718,1616359.0
2719,142087828.0
2720,1325201.0
2721,1325049.0
2722,1324815.0
2723,1324736.0
2724,1070296.0
2725,1070240.0
2726,1070178.0
2727,1070134.0
2728,327761.0
2729,327700.0
2730,327628.0
2731,327561.0
2732,40709.0
2733,1211481.0
2734,1211422.0
2735,1209411.0
2736,1209321.0
2737,782106.0
2738,782010.0
2739,781930.0
2740,781830.0
2741,366033.0
2742,365961.0
2743,365830.0
2744,365735.0
2745,365664.0
2746,365589.0
2747,365457.0
2748,131123900.0
2749,131123848.0
2750,131123793.0
2751,131123739.0
2752,201458.0
2753,200556.0
2754,200429.0
2755,200251.0
2756,200110.0
2757,199908.0
2758,11427744.0
2759,11427652.0
2760,11427537.0
2761,11427423.0
2762,10954733.0
2763,10949163.0
2764,10949039.0
2765,10948926.0
2766,10948792.0
2767,10460095.0
2768,10459989.0
2769,10459884.0
2770,10459749.0
2771,10000679.0
2772,10000279.0
2773,10000165.0
2774,10000068.0
2775,9999105.0
2776,8549125.0
2777,8549010.0
2778,8548913.0
2779,8548775.0
2780,8063278.0
2781,8063194.0
2782,8063068.0
2783,8062900.0
2784,7526429.0
2785,7526304.0
2786,7526136.0
2787,7526011.0
2788,6569126.0
2789,6568978.0
2790,6568878.0
2791,6568764.0
2792,5114895.0
2793,5114744.0
2794,5114450.0
2795,5114158.0
2796,4499929.0
2797,4415172.0
2798,4375746.0
2799,4375652.0
2800,4375539.0
2801,4375397.0
2802,3993889.0
2803,3993747.0
2804,3993613.0
2805,3993445.0
2806,3499251.0
2807,3499103.0
2808,3499006.0
2809,3498878.0
2810,3071751.0
2811,3071649.0
2812,3071551.0
2813,3042149.0
2814,3040322.0
2815,1155408.0
2816,1145388.0
2817,671841.0
2818,671550.0
2819,671251.0
2820,670917.0
2821,299079.0
2822,298922.0
2823,298542.0
2824,298368.0
2825,261831.0
2826,2468053.0
2827,2467823.0
2828,2467656.0
2829,2458634.0
2830,1950183.0
2831,1950099.0
2832,1950012.0
2833,1949897.0
2834,1665216.0
2835,1665109.0
2836,1665014.0
2837,1664909.0
2838,99312521.0
2839,99312170.0
2840,99311809.0
2841,99311467.0
2842,98065883.0
2843,98065455.0
2844,98065110.0
2845,98064737.0
2846,97474658.0
2847,97474327.0
2848,97473946.0
2849,97473629.0
2850,95529944.0
2851,95529521.0
2852,92700597.0
2853,92700340.0
2854,92700064.0
2855,92699694.0
2856,91757206.0
2857,91756899.0
2858,91756598.0
2859,91755918.0
2860,90804151.0
2861,90803420.0
2862,89849154.0
2863,2213442.0
2864,2213299.0
2865,1491347.0
2866,1491144.0
2867,235502.0
2868,235201.0
2869,235421.0
2870,234849.0
2871,2708277.0
2872,2696727.0
2873,3429086.0
2874,2696430.0
2875,3428871.0
2876,1296179.0
2877,1296022.0
2878,1295839.0
2879,1295680.0
2880,885289.0
2881,885133.0
2882,1689575.0
2883,884758.0
2884,1328202.0
2885,469099.0
2886,1327763.0
2887,1327576.0
2888,44948.0
2889,1008710.0
2890,44396.0
2891,44312.0
2892,44040.0
2893,75471.0
2894,622839.0
2895,75323.0
2896,622616.0
2897,74403260.0
2898,74402934.0
2899,74402494.0
2900,74401790.0
2901,73523553.0
2902,73523018.0
2903,73522706.0
2904,73522361.0
2905,72671892.0
2906,72671574.0
2907,72671305.0
2908,72665681.0
2909,72665345.0
2910,71684869.0
2911,71684285.0
2912,71683741.0
2913,71682185.0
2914,68340713.0
2915,68340345.0
2916,68339891.0
2917,68339052.0
2918,67511614.0
2919,67511064.0
2920,67510775.0
2921,67510255.0
2922,62983374.0
2923,62982907.0
2924,62982632.0
2925,62982230.0
2926,62054433.0
2927,62053730.0
2928,62052947.0
2929,62052672.0
2930,61012116.0
2931,61011785.0
2932,61011470.0
2933,61011056.0
2934,60125969.0
2935,60125651.0
2936,60125314.0
2937,60124983.0
2938,59260547.0
2939,59260038.0
2940,59259480.0
2941,59258617.0
2942,56719431.0
2943,56719105.0
2944,56718829.0
2945,56718450.0
2946,55885863.0
2947,55885353.0
2948,55885088.0
2949,55884742.0
2950,285435.0
2951,393905.0
2952,285434.0
2953,285431.0
2954,391494.0
2955,391493.0
2956,391492.0
2957,391491.0
2958,50465871.0
2959,50465576.0
2960,50465203.0
2961,50464877.0
2962,49659054.0
2963,49658438.0
2964,49658127.0
2965,49657871.0
2966,48847865.0
2967,48847165.0
2968,48846870.0
2969,48846291.0
2970,48182041.0
2971,48181542.0
2972,48181129.0
2973,48180678.0
2974,375407.0
2975,270604.0
2976,375389.0
2977,270596.0
2978,47158389.0
2979,47157900.0
2980,47157543.0
2981,47157286.0
2982,43566078.0
2983,43565505.0
2984,43564940.0
2985,43564501.0
2986,42575682.0
2987,42575165.0
2988,42574483.0
2989,42564260.0
2990,40869233.0
2991,40868352.0
2992,40867818.0
2993,40867394.0
2994,347563.0
2995,249361.0
2996,249360.0
2997,249359.0
2998,37858824.0
2999,37858168.0
3000,37857579.0
3001,37856895.0
3002,35996476.0
3003,35995617.0
3004,35994200.0
3005,35993624.0
3006,35993058.0
3007,35038748.0
3008,35037380.0
3009,35036567.0
3010,35034089.0
3011,35025602.0
3012,234289.0
3013,326452.0
3014,32026181.0
3015,32025599.0
3016,31234679.0
3017,31233580.0
3018,31231472.0
3019,31230975.0
3020,30277919.0
3021,30277508.0
3022,30277089.0
3023,30276652.0
3024,26501702.0
3025,26501210.0
3026,26500739.0
3027,26500355.0
3028,25729337.0
3029,25728728.0
3030,25727992.0
3031,25727306.0
3032,25726534.0
3033,25725196.0
3034,25724794.0
3035,24220217.0
3036,24219608.0
3037,24218607.0
3038,24217547.0
3039,24216979.0
3040,24216109.0
3041,23485304.0
3042,23483520.0
3043,23482532.0
3044,23481869.0
3045,23481304.0
3046,23480701.0
3047,21304423.0
3048,21303873.0
3049,21303381.0
3050,21302889.0
3051,19690945.0
3052,19690209.0
3053,19689866.0
3054,19689337.0
3055,18898009.0
3056,18897578.0
3057,18897020.0
3058,18896252.0
3059,18733338.0
3060,18733309.0
3061,18733293.0
3062,18733269.0
3063,18634603.0
3064,18634571.0
3065,18634556.0
3066,18634539.0
3067,191521.0
3068,191519.0
3069,191517.0
3070,191514.0
3071,18573106.0
3072,18573080.0
3073,18573061.0
3074,18573034.0
3075,18539325.0
3076,18539307.0
3077,18539285.0
3078,18539269.0
3079,18501885.0
3080,18501856.0
3081,18501824.0
3082,18501795.0
3083,18325419.0
3084,18325374.0
3085,18325336.0
3086,18325310.0
3087,18260818.0
3088,18260784.0
3089,18260733.0
3090,18259595.0
3091,18204395.0
3092,18204360.0
3093,18204316.0
3094,18204272.0
3095,17929947.0
3096,17929893.0
3097,17929847.0
3098,17929796.0
3099,17872977.0
3100,17872935.0
3101,17872817.0
3102,17872792.0
3103,17832399.0
3104,17832370.0
3105,17832341.0
3106,17832325.0
3107,17800470.0
3108,17800451.0
3109,17800424.0
3110,17800405.0
3111,17701361.0
3112,17701330.0
3113,17701295.0
3114,17701237.0
3115,17656155.0
3116,17656127.0
3117,17656093.0
3118,17656056.0
3119,147492.0
3120,147490.0
3121,208518.0
3122,208517.0
3123,17578721.0
3124,17578676.0
3125,17578655.0
3126,17578633.0
3127,17431907.0
3128,17431847.0
3129,17431819.0
3130,17431741.0
3131,17393318.0
3132,17393296.0
3133,17393273.0
3134,17393235.0
3135,17393203.0
3136,17358650.0
3137,17358637.0
3138,17358609.0
3139,17358579.0
3140,17358551.0
3141,17324405.0
3142,17324308.0
3143,17324274.0
3144,17324255.0
3145,182408.0
3146,127330.0
3147,182407.0
3148,182405.0
3149,125130.0
3150,179445.0
3151,125127.0
3152,125126.0
3153,17115066.0
3154,17115009.0
3155,17114946.0
3156,17114905.0
3157,17056931.0
3158,17056878.0
3159,17056836.0
3160,17056759.0
3161,16990507.0
3162,16990414.0
3163,16990377.0
3164,16990346.0
3165,16784234.0
3166,16784192.0
3167,16784122.0
3168,16784082.0
3169,16732847.0
3170,16732772.0
3171,16732751.0
3172,16732718.0
3173,16678260.0
3174,16678237.0
3175,16678211.0
3176,16678085.0
3177,153257.0
3178,107525.0
3179,153256.0
3180,16639390.0
3181,16639349.0
3182,16606276.0
3183,16606256.0
3184,16606233.0
3185,16606218.0
3186,16519026.0
3187,16518991.0
3188,16518969.0
3189,16518947.0
3190,16459983.0
3191,16459967.0
3192,16459947.0
3193,16459927.0
3194,16430269.0
3195,16430250.0
3196,16430230.0
3197,16430197.0
3198,16400150.0
3199,16400121.0
3200,16400099.0
3201,16400063.0
3202,16306416.0
3203,16306388.0
3204,16306357.0
3205,16306333.0
3206,16274588.0
3207,16274548.0
3208,16274478.0
3209,16274458.0
3210,16242747.0
3211,16242700.0
3212,16242674.0
3213,16242650.0
3214,16204302.0
3215,16204286.0
3216,16204206.0
3217,16204184.0
3218,86163.0
3219,124184.0
3220,124183.0
3221,86157.0
3222,16084661.0
3223,16084635.0
3224,16084606.0
3225,16084587.0
3226,16043276.0
3227,16043258.0
3228,16043232.0
3229,16043210.0
3230,16006553.0
3231,16006519.0
3232,16006484.0
3233,16006361.0
3234,16006330.0
3235,15910348.0
3236,15910307.0
3237,15910218.0
3238,15910166.0
3239,15716712.0
3240,15716664.0
3241,15716620.0
3242,15716577.0
3243,15642573.0
3244,15642491.0
3245,15642449.0
3246,15642404.0
3247,15584275.0
3248,15584243.0
3249,15584219.0
3250,15584196.0
3251,15535242.0
3252,15535193.0
3253,15535118.0
3254,15535072.0
3255,15487867.0
3256,15487836.0
3257,15487805.0
3258,15487774.0
3259,15406139.0
3260,15406098.0
3261,15406075.0
3262,15406046.0
3263,15406021.0
3264,15376554.0
3265,15376530.0
3266,15376487.0
3267,15376451.0
3268,15345727.0
3269,15345704.0
3270,15287566.0
3271,15287506.0
3272,15287467.0
3273,15287431.0
3274,15201811.0
3275,15201790.0
3276,15201751.0
3277,15201729.0
3278,15144170.0
3279,15144077.0
3280,15144059.0
3281,15144028.0
3282,15144011.0
3283,15115801.0
3284,15115769.0
3285,15115751.0
3286,15115721.0
3287,15115700.0
3288,15087202.0
3289,15087173.0
3290,15087151.0
3291,15087110.0
3292,14886342.0
3293,14886318.0
3294,14886276.0
3295,14886256.0
3296,14886227.0
3297,14616780.0
3298,14616724.0
3299,14616676.0
3300,14616627.0
3301,14497098.0
3302,14497059.0
3303,14497022.0
3304,14496969.0
3305,14452030.0
3306,14451995.0
3307,14451967.0
3308,14451946.0
3309,14338485.0
3310,14338463.0
3311,14338425.0
3312,14338398.0
3313,14304948.0
3314,14304922.0
3315,14300138.0
3316,14300114.0
3317,14300090.0
3318,14300073.0
3319,14266119.0
3320,14266084.0
3321,14266064.0
3322,14266054.0
3323,14231237.0
3324,14231205.0
3325,14231154.0
3326,14231140.0
3327,14203928.0
3328,14203898.0
3329,14203252.0
3330,14203216.0
3331,14117369.0
3332,14117011.0
3333,14116977.0
3334,14116953.0
3335,14116929.0
3336,14085124.0
3337,14084997.0
3338,14084979.0
3339,14084960.0
3340,14084923.0
3341,14030722.0
3342,14030694.0
3343,14030671.0
3344,14030639.0
3345,14002045.0
3346,14002023.0
3347,14002012.0
3348,14001994.0
3349,14001962.0
3350,13923001.0
3351,13922985.0
3352,13922968.0
3353,13922943.0
3354,13837130.0
3355,13837102.0
3356,13837086.0
3357,13837067.0
3358,13805261.0
3359,13805227.0
3360,13805201.0
3361,13805183.0
3362,13720923.0
3363,13720906.0
3364,13720885.0
3365,13720867.0
3366,13691703.0
3367,13691678.0
3368,13691650.0
3369,13691632.0
3370,13613377.0
3371,13613349.0
3372,13613322.0
3373,13613293.0
3374,13564500.0
3375,13564459.0
3376,13564413.0
3377,13564374.0
3378,13338291.0
3379,13338152.0
3380,13338050.0
3381,13337934.0
3382,13255170.0
3383,13255110.0
3384,13255074.0
3385,13255039.0
3386,13141094.0
3387,13141065.0
3388,13141019.0
3389,13140991.0
3390,13088715.0
3391,13088690.0
3392,13088645.0
3393,13088556.0
3394,13088538.0
3395,13088520.0
3396,13058224.0
3397,13058189.0
3398,13058109.0
3399,13058072.0
3400,13030122.0
3401,13030105.0
3402,13030092.0
3403,13030072.0
3404,12915096.0
3405,12915080.0
3406,12915059.0
3407,12915035.0
3408,12891204.0
3409,12891179.0
3410,12891158.0
3411,12891138.0
3412,12891123.0
3413,12861841.0
3414,12861824.0
3415,12861806.0
3416,12861780.0
3417,12830068.0
3418,12830050.0
3419,12830036.0
3420,12830023.0
3421,12789821.0
3422,12789800.0
3423,12789782.0
3424,12789760.0
3425,12594166.0
3426,12594105.0
3427,12594068.0
3428,12594042.0
3429,12521831.0
3430,12521791.0
3431,12521748.0
3432,12521686.0
3433,12501873.0
3434,12501868.0
3435,12501862.0
3436,12501856.0
3437,133972.0
3438,133956.0
3439,9342.0
3440,133943.0
3441,8864.0
3442,126030.0
3443,126024.0
3444,126015.0
3445,2015.0
3446,21050.0
3447,21045.0
3448,1275.0
3449,1094.0
3450,1843656.0
3451,1843590.0
3452,1843513.0
3453,834372.0
3454,834133.0
3455,481035.0
3456,8712208.0
3457,8712167.0
3458,8711747.0
3459,8410665.0
3460,8410615.0
3461,8410536.0
3462,8605737.0
3463,8605546.0
3464,8261102.0
3465,8474088.0
3466,8135269.0
3467,8120320.0
3468,7696409.0
3469,8018908.0
3470,8018750.0
3471,7739746.0
3472,7739718.0
3473,7739577.0
3474,7130914.0
3475,7130856.0
3476,7425921.0
3477,6644769.0
3478,6381824.0
3479,6642611.0
3480,6218887.0
3481,6469501.0
3482,6218774.0
3483,63743673.0
3484,63742500.0
3485,63741237.0
3486,63740529.0
3487,59984293.0
3488,59983397.0
3489,59982199.0
3490,59980941.0
3491,59913767.0
3492,58157199.0
3493,58156316.0
3494,58155569.0
3495,58154040.0
3496,52236347.0
3497,52235357.0
3498,52234035.0
3499,52233120.0
3500,50210038.0
3501,50208609.0
3502,50207747.0
3503,50206892.0
3504,46383327.0
3505,46382106.0
3506,46381359.0
3507,46380376.0
3508,44471402.0
3509,44470406.0
3510,44469668.0
3511,44468853.0
3512,38553989.0
3513,38552789.0
3514,38550449.0
3515,38549518.0
3516,36352631.0
3517,36351451.0
3518,36350558.0
3519,36349576.0
3520,34504830.0
3521,34503697.0
3522,34502772.0
3523,34501765.0
3524,30511857.0
3525,30510965.0
3526,30510040.0
3527,22701214.0
3528,22700234.0
3529,22699213.0
3530,22698274.0
3531,20570584.0
3532,20562170.0
3533,20532158.0
3534,20531216.0
3535,18461019.0
3536,18460022.0
3537,18458884.0
3538,18457837.0
3539,16239011.0
3540,16237812.0
3541,16236380.0
3542,16235338.0
3543,10021800.0
3544,9987425.0
3545,9986466.0
3546,9985202.0
3547,7932058.0
3548,7930976.0
3549,7929611.0
3550,7928748.0
3551,5897680.0
3552,5896079.0
3553,5894301.0
3554,5893380.0
3555,3917176.0
3556,3916378.0
3557,3915412.0
3558,3914485.0
3559,1908339.0
3560,1905414.0
3561,1904096.0
3562,1903088.0
3563,121565561.0
3564,121564539.0
3565,121563506.0
3566,121562475.0
3567,119594541.0
3568,119593602.0
3569,119592572.0
3570,119591400.0
3571,117531700.0
3572,117530826.0
3573,117529529.0
3574,117528710.0
3575,115268160.0
3576,115266097.0
3577,115265027.0
3578,115264003.0
3579,113238369.0
3580,113237246.0
3581,113236022.0
3582,113234539.0
3583,453393537.0
3584,453393402.0
3585,453393313.0
3586,453393208.0
3587,453239466.0
3588,453239383.0
3589,453239302.0
3590,453239202.0
3591,453072605.0
3592,453072429.0
3593,453072331.0
3594,453068268.0
3595,452923491.0
3596,452923234.0
3597,452923129.0
3598,452923001.0
3599,452773446.0
3600,452773352.0
3601,452773222.0
3602,452773134.0
3603,452146261.0
3604,452146101.0
3605,452145973.0
3606,452145864.0
3607,451974059.0
3608,451973951.0
3609,451973819.0
3610,451973706.0
3611,451754980.0
3612,451754867.0
3613,451754773.0
3614,451754646.0
3615,451524974.0
3616,451524819.0
3617,451524674.0
3618,451524354.0
3619,450872941.0
3620,450872809.0
3621,450872696.0
3622,450872534.0
3623,450621320.0
3624,450621173.0
3625,450620869.0
3626,450620473.0
3627,450619892.0
3628,450336928.0
3629,450336743.0
3630,450336527.0
3631,450336358.0
3632,450007190.0
3633,450004451.0
3634,450004254.0
3635,450003970.0
3636,449623451.0
3637,449623276.0
3638,449623095.0
3639,3968177.0
3640,449047907.0
3641,449047726.0
3642,449047550.0
3643,449047388.0
3644,448851277.0
3645,448851181.0
3646,448851073.0
3647,448645413.0
3648,448645203.0
3649,448645069.0
3650,448644891.0
3651,448508679.0
3652,448508582.0
3653,448508511.0
3654,448508414.0
3655,448361169.0
3656,448361068.0
3657,448360976.0
3658,448045538.0
3659,448045465.0
3660,448045355.0
3661,448045272.0
3662,447880757.0
3663,447880660.0
3664,447880588.0
3665,447880496.0
3666,447743244.0
3667,447743161.0
3668,447743062.0
3669,447742993.0
3670,447742827.0
3671,447598566.0
3672,447598426.0
3673,447598344.0
3674,447598269.0
3675,447454897.0
3676,447454752.0
3677,447454659.0
3678,447454574.0
3679,447454514.0
3680,447019302.0
3681,447019203.0
3682,447019104.0
3683,447019024.0
3684,446827945.0
3685,446827785.0
3686,446827626.0
3687,446827509.0
3688,446592799.0
3689,446592614.0
3690,446592464.0
3691,446592357.0
3692,446409048.0
3693,446408940.0
3694,446408845.0
3695,445859442.0
3696,445859332.0
3697,445859199.0
3698,445686893.0
3699,445686417.0
3700,445686292.0
3701,445686192.0
3702,445686087.0
3703,445136843.0
3704,445136579.0
3705,445136199.0
3706,445135886.0
3707,444808873.0
3708,444808708.0
3709,444808572.0
3710,444808361.0
3711,442608594.0
3712,442608493.0
3713,442608400.0
3714,442327570.0
3715,442327440.0
3716,442327302.0
3717,442327227.0
3718,442317056.0
3719,442316975.0
3720,442189934.0
3721,442189833.0
3722,442189711.0
3723,442189172.0
3724,442189050.0
Total Records Reject 369 
