Total Records Added 1134 
#.,ID
0,515470159
1,515469635
2,515469110
3,515468666
4,8153863
5,8119674
6,1339534
7,8153207
8,515447670
9,8118040
10,515445640
11,8117821
12,515444605
13,8151514
14,515443942
15,8117407
16,515443285
17,8150837
18,515442135
19,8116918
20,515441653
21,8116796
22,515441168
23,515429506
24,515428826
25,515427410
26,515426753
27,8110438
28,8143624
29,8143499
30,515416645
31,515415728
32,8109740
33,515415092
34,1338103
35,515414425
36,8109009
37,8142280
38,8141931
39,8137822
40,1337406
41,8104338
42,8104192
43,8137372
44,8136946
45,8136663
46,8135818
47,515388968
48,515388326
49,8135246
50,8134951
51,8134748
52,8101402
53,8134307
54,8101186
55,8134202
56,8134110
57,8133994
58,515365815
59,515365278
60,515364824
61,515364356
62,515352725
63,515351651
64,8085806
65,515324387
66,1334768
67,8111278
68,1334083
69,8110860
70,8110734
71,515299207
72,515297289
73,515296529
74,515295276
75,515292740
76,515291695
77,515290797
78,515289959
79,8068157
80,8068036
81,1332570
82,8098680
83,8097200
84,8097004
85,8065970
86,8096594
87,1332277
88,8065604
89,8096143
90,8096009
91,515142498
92,515141592
93,515140164
94,515139097
95,515068252
96,515067065
97,515066116
98,515065216
99,1326154
100,514907050
101,514764682
102,514763719
103,514762958
104,514761924
105,514314772
106,514313884
107,514312652
108,7694102
109,7679492
110,513826782
111,513826156
112,513825258
113,513824534
114,513823686
115,513822651
116,513809718
117,513808383
118,513807615
119,513806726
120,7649575
121,7662060
122,7652427
123,7652024
124,7639530
125,7651304
126,7651055
127,1272431
128,7650038
129,513736946
130,513735824
131,513730943
132,513730235
133,513729483
134,513728638
135,513718777
136,513718172
137,513717609
138,513717033
139,7637936
140,7626449
141,7637694
142,7636400
143,7636162
144,7635982
145,7633552
146,7633426
147,7622002
148,7621844
149,7621169
150,7620838
151,513675156
152,7630934
153,513674632
154,7619964
155,7630797
156,513674112
157,513673533
158,7630563
159,513669976
160,7629440
161,513669234
162,513668609
163,7618432
164,7618247
165,513667789
166,7617957
167,7617330
168,7627889
169,7627685
170,7616813
171,7615792
172,7626277
173,513649525
174,513647893
175,513646467
176,513645515
177,1268860
178,7622251
179,513641754
180,513641256
181,513640780
182,513640294
183,7620340
184,7620039
185,7619425
186,513632961
187,513632517
188,513632053
189,513631531
190,7608171
191,7605499
192,7615517
193,7615397
194,7605145
195,7603734
196,7603648
197,1267692
198,7613660
199,7603478
200,7603451
201,7613497
202,7603340
203,7603170
204,513609409
205,7612798
206,7612593
207,7601557
208,7601371
209,1267385
210,7601108
211,7601016
212,7600920
213,7600815
214,1267300
215,7600475
216,7606710
217,513581468
218,513580745
219,7595230
220,513580031
221,7594998
222,7604034
223,513578377
224,7594541
225,513569580
226,513568805
227,513564839
228,513561922
229,7589218
230,7598067
231,513556955
232,1265664
233,1265630
234,513552886
235,513552094
236,513551349
237,513550589
238,7581209
239,513528574
240,7580843
241,7589186
242,1264604
243,7588952
244,7580463
245,7588754
246,7580304
247,7580174
248,513525119
249,7588533
250,7580008
251,7579964
252,513524278
253,7579771
254,7579622
255,7579439
256,513520447
257,513519910
258,513513752
259,513512931
260,513512237
261,513511366
262,513510375
263,513509775
264,7584044
265,513509033
266,7575744
267,513508285
268,7575547
269,7575075
270,7574900
271,7569393
272,7577201
273,7577100
274,7576808
275,1263028
276,7568745
277,7568398
278,7568156
279,7567909
280,1259521
281,7548105
282,7547949
283,7542178
284,513352696
285,513351429
286,513351005
287,7540779
288,513198515
289,513197539
290,513195864
291,513194794
292,513144631
293,513143587
294,513142635
295,513141403
296,512925225
297,512923588
298,512922763
299,512922037
300,512921199
301,512605835
302,512605589
303,512605252
304,512605024
305,511943751
306,511942930
307,511941761
308,511940689
309,7103603
310,7103382
311,7102655
312,7102304
313,511853642
314,511852847
315,7099308
316,7099066
317,511851014
318,1196671
319,511850132
320,1196627
321,7096435
322,7092614
323,7091793
324,7091538
325,7093823
326,7090104
327,7089953
328,7093416
329,7092956
330,7092845
331,7092740
332,7092540
333,7088272
334,511776985
335,511776250
336,7076263
337,7079883
338,7075633
339,7079016
340,511752187
341,511727352
342,511726844
343,511726345
344,511725799
345,511703615
346,511702797
347,7062929
348,511702548
349,511702247
350,7058205
351,7058019
352,511701602
353,7062551
354,7050766
355,7055510
356,7055343
357,7055173
358,511670282
359,511669212
360,511668130
361,511667734
362,7014143
363,1185242
364,7013874
365,7020274
366,7012428
367,1185015
368,7018717
369,7018578
370,511529621
371,511528222
372,511525858
373,511521410
374,7009535
375,7016023
376,511511922
377,511510346
378,7003919
379,7003823
380,7003722
381,7003608
382,6545041
383,6544798
384,6544323
385,6563024
386,1118558
387,6553959
388,509935414
389,6547177
390,509934285
391,509933033
392,509931881
393,509931215
394,509930960
395,509930297
396,6526364
397,509930220
398,6526209
399,509929384
400,509929360
401,6545722
402,6545692
403,6525948
404,509928666
405,6545537
406,509928408
407,509928375
408,6525625
409,509898019
410,509896540
411,509895679
412,509895083
413,509735503
414,509734829
415,509733839
416,509733080
417,509480159
418,509479214
419,509478335
420,509476907
421,899335
422,4971302
423,4893077
424,4870093
425,4949474
426,4868786
427,4868338
428,4948428
429,4867868
430,4948014
431,504478066
432,4866869
433,504477123
434,4866695
435,504475956
436,4866495
437,504474933
438,4946378
439,504472095
440,4865260
441,4865065
442,4864911
443,504469430
444,504468811
445,4945303
446,504468169
447,890558
448,4862872
449,4943361
450,4861870
451,890071
452,4940079
453,4939956
454,4858857
455,4939683
456,4939474
457,4939269
458,4939225
459,4938674
460,4855789
461,4855634
462,4936883
463,4855232
464,504415460
465,504371672
466,504369784
467,504367623
468,4922363
469,504365012
470,4917443
471,504338113
472,504337185
473,504337011
474,4912260
475,4827953
476,4827690
477,4911600
478,504318247
479,504314897
480,504312855
481,504311544
482,504310386
483,504309586
484,504308564
485,504307721
486,4895335
487,4809063
488,4894988
489,883760
490,4807477
491,4893594
492,4806912
493,4893025
494,504239680
495,504238423
496,504236873
497,504235610
498,504215317
499,504214074
500,504213034
501,4799148
502,504211793
503,4886080
504,4796343
505,4883460
506,4883302
507,4795724
508,504145806
509,504144708
510,504143622
511,4863746
512,4863429
513,4773626
514,4773441
515,4772272
516,4861823
517,4861703
518,504110321
519,4861526
520,504109126
521,504107775
522,504106733
523,504061423
524,504060535
525,504059165
526,504058022
527,504025195
528,504024384
529,504023712
530,504022888
531,504019135
532,4746813
533,4839625
534,4839508
535,503975778
536,503974917
537,503974094
538,503973220
539,4733453
540,4733218
541,4733014
542,4732760
543,873987
544,4726685
545,873930
546,4726170
547,503926590
548,503925629
549,503851762
550,503850569
551,503848955
552,503847326
553,503846142
554,503772388
555,503771670
556,503770991
557,503770169
558,503760693
559,4368224
560,4229370
561,4222061
562,4221899
563,4221775
564,4221642
565,4210394
566,502139084
567,502138157
568,502137197
569,502104730
570,502103754
571,4310805
572,802581
573,4310056
574,4164431
575,502023754
576,4309638
577,502022833
578,4164006
579,502021721
580,4309243
581,502020667
582,4162819
583,4162645
584,4162606
585,4307906
586,502010030
587,502009272
588,502008557
589,4306118
590,502007824
591,802016
592,4305840
593,4160031
594,4305719
595,501995263
596,501993219
597,501991988
598,4152984
599,4299214
600,4299052
601,501976488
602,4152357
603,501975382
604,501975077
605,501973417
606,501972117
607,501969792
608,4297127
609,4150166
610,4149959
611,4296597
612,4296230
613,4295994
614,4294728
615,800465
616,4146437
617,4141718
618,799840
619,4141274
620,4288680
621,501925699
622,501924848
623,799483
624,501924157
625,4138537
626,4286217
627,4286034
628,4285867
629,4137693
630,4137322
631,4285139
632,501911118
633,4133798
634,4133560
635,4133356
636,4133116
637,501900257
638,501899456
639,501898476
640,501896880
641,4277602
642,4277389
643,4277339
644,4128347
645,4128307
646,501885510
647,4128286
648,501885057
649,4277038
650,501884888
651,501884627
652,4127999
653,4276820
654,4127922
655,501884107
656,4276759
657,4276692
658,4127699
659,4276592
660,501874387
661,501873909
662,501873450
663,501872950
664,4270864
665,4121222
666,4121034
667,4120853
668,4269655
669,797130
670,4119645
671,4269187
672,4266150
673,4265957
674,4115853
675,4115664
676,4265693
677,4265445
678,4265273
679,796585
680,501834906
681,501834019
682,4113134
683,501832605
684,4112961
685,501831401
686,4263102
687,501830628
688,4112394
689,501829318
690,501826956
691,501825690
692,501823989
693,501823840
694,501823277
695,501823149
696,501822582
697,501822448
698,501821802
699,501821551
700,501820928
701,501820568
702,501742936
703,501741027
704,501740535
705,501739791
706,4083235
707,4083060
708,792840
709,4236656
710,501733205
711,501731823
712,501731046
713,4235533
714,501729191
715,4235404
716,4235271
717,4235157
718,4215194
719,4058327
720,4214575
721,4214367
722,501643827
723,501643159
724,501642564
725,501641892
726,501637711
727,501637028
728,4211473
729,501635375
730,501609058
731,501607958
732,501606800
733,501605893
734,501562174
735,501561492
736,501560681
737,501559634
738,501480468
739,501479996
740,501479493
741,501479033
742,501466342
743,501464889
744,501463413
745,501462520
746,501390944
747,501389891
748,501388998
749,501388165
750,4145870
751,4145691
752,4145421
753,4145239
754,501356286
755,500741145
756,500740564
757,500740008
758,500739464
759,500333074
760,500332395
761,500331691
762,500330723
763,3798176
764,3618171
765,3617844
766,3797264
767,3612110
768,3785998
769,3785874
770,3603290
771,3783608
772,3602306
773,500221212
774,3780781
775,3780627
776,728149
777,3780348
778,3779274
779,500209342
780,500208210
781,500207122
782,500203743
783,3594925
784,3776496
785,500167505
786,500167066
787,500166394
788,3580520
789,3580195
790,3579901
791,3762660
792,500143565
793,500143094
794,500142447
795,500141972
796,3576965
797,500135114
798,500131275
799,500129551
800,3574247
801,3757671
802,3757514
803,3757343
804,500111518
805,500110948
806,500110155
807,500104593
808,500103001
809,500102395
810,500096848
811,500095735
812,500095020
813,500094856
814,500094279
815,500092671
816,500091531
817,3562761
818,3562637
819,3562535
820,3562504
821,3747013
822,3746962
823,3562242
824,3562060
825,500073614
826,3558960
827,500072680
828,3743573
829,500072017
830,500071378
831,500071325
832,3743092
833,500071008
834,500070487
835,3742824
836,3742593
837,500068569
838,3742398
839,3557096
840,3742090
841,500066880
842,500066363
843,3556814
844,3741802
845,3741365
846,500062490
847,500061136
848,500060537
849,500059906
850,500059303
851,3740019
852,500051469
853,500044355
854,500042630
855,500038729
856,3734450
857,500037640
858,3548393
859,500036939
860,3734006
861,500036015
862,3733816
863,500015978
864,500015119
865,500013326
866,500012635
867,500007914
868,500007408
869,500006630
870,500006037
871,500005768
872,500005520
873,500005138
874,500004733
875,500001480
876,500000819
877,500000025
878,499999359
879,3535391
880,3535226
881,3722226
882,3534808
883,3532635
884,3532154
885,3719386
886,3718950
887,719335
888,3714937
889,3526475
890,3526237
891,3714048
892,718904
893,3523540
894,3523374
895,3523187
896,499939416
897,499938482
898,499937856
899,499937169
900,499902461
901,499901899
902,499901429
903,499900910
904,3507505
905,3697321
906,3697092
907,3696947
908,499841175
909,499840484
910,499839667
911,499838961
912,499793204
913,499792514
914,499791779
915,499791120
916,3668071
917,3474515
918,3667779
919,3474190
920,499700882
921,499699843
922,499698710
923,499697436
924,499435548
925,499434734
926,499433315
927,499432046
928,499431023
929,3184353
930,3184009
931,3183499
932,3394017
933,3363372
934,3150558
935,3150331
936,3150022
937,498589323
938,498431272
939,498430471
940,3075178
941,3293496
942,3074867
943,498408699
944,498408207
945,498407691
946,498407159
947,498383545
948,498382791
949,498382185
950,498381407
951,498376268
952,498375728
953,498375202
954,498374677
955,498373067
956,498371663
957,498369462
958,498367581
959,498366428
960,3279863
961,3279612
962,3279425
963,3279268
964,3054414
965,498333521
966,498332741
967,498331842
968,3052054
969,3272433
970,3051778
971,3051589
972,498315277
973,498314018
974,498313253
975,498312028
976,3048037
977,3268466
978,3047363
979,3267853
980,498301980
981,3266808
982,3266163
983,3266095
984,656055
985,498297941
986,3265957
987,3265831
988,3265785
989,3265029
990,655480
991,498281210
992,3040270
993,498280469
994,3040095
995,498279523
996,3261321
997,655380
998,3039550
999,3260876
1000,3037090
1001,498268635
1002,498268129
1003,498267511
1004,498266840
1005,3257226
1006,3257114
1007,654822
1008,3256955
1009,498262371
1010,498261809
1011,3256721
1012,498260917
1013,3034797
1014,498260690
1015,3034639
1016,498259916
1017,3256275
1018,3256097
1019,498258769
1020,498256590
1021,498256141
1022,498251555
1023,498251151
1024,498250744
1025,498250307
1026,498245872
1027,498245303
1028,498244550
1029,498243885
1030,498239746
1031,3025114
1032,3247470
1033,3024667
1034,3024434
1035,3023043
1036,3022919
1037,498216248
1038,498215652
1039,498214843
1040,498212197
1041,498208523
1042,498207829
1043,498206093
1044,498205273
1045,498203644
1046,498203426
1047,498203069
1048,498202596
1049,3241201
1050,3241048
1051,498197474
1052,3015790
1053,3015663
1054,498190484
1055,3238454
1056,3238339
1057,3014902
1058,3014746
1059,498189319
1060,3014599
1061,498188363
1062,3012563
1063,3235719
1064,3235284
1065,3010924
1066,3010815
1067,3010633
1068,3010402
1069,3234075
1070,3233641
1071,3233526
1072,3233403
1073,3009423
1074,3005884
1075,3005758
1076,3005619
1077,3229703
1078,3001509
1079,3001202
1080,498137252
1081,498136394
1082,3221035
1083,2996108
1084,649817
1085,2995831
1086,498119055
1087,498118542
1088,498117795
1089,498117041
1090,498109997
1091,498109422
1092,498108788
1093,498108235
1094,498100514
1095,498099132
1096,498098452
1097,498083624
1098,498082893
1099,498082246
1100,498081582
1101,3208755
1102,2982412
1103,3208468
1104,3208348
1105,2974765
1106,3201585
1107,2974388
1108,3201181
1109,3196381
1110,3196237
1111,498027040
1112,498026391
1113,3195849
1114,498025713
1115,2967961
1116,498024986
1117,2966214
1118,3193877
1119,3193687
1120,2965649
1121,2961122
1122,645646
1123,3189254
1124,3188983
1125,2930921
1126,3162156
1127,3162046
1128,2930515
1129,497771286
1130,497770694
1131,497770002
1132,497769269
1133,2858128
Total Records Reject 239 
