Total Records Added 3457 
#.,ID
0,488023378
1,488022775
2,488022027
3,488021675
4,488021283
5,488020542
6,488020325
7,488019772
8,488018589
9,488018507
10,488018091
11,488017584
12,488016977
13,487987205
14,487986549
15,113130
16,115615
17,487985859
18,487985062
19,112569
20,112403
21,104512
22,104485
23,59115
24,487953810
25,59076
26,487953343
27,104192
28,58975
29,103289
30,107451
31,102990
32,58583
33,100877
34,100772
35,55909
36,55768
37,91379
38,91224
39,83400
40,90848
41,73510
42,82093
43,81716
44,71399
45,51588
46,51356
47,51094
48,50741
49,283293
50,364948
51,364647
52,364373
53,171507
54,171403
55,170966
56,170822
57,214192
58,152659
59,486580041
60,486578446
61,486577551
62,486576653
63,486529882
64,486526696
65,192686
66,192253
67,192097
68,486507654
69,486506981
70,486506250
71,486504912
72,185109
73,125926
74,486487308
75,125507
76,129610
77,129489
78,129401
79,183581
80,486480012
81,486467330
82,486466703
83,486428563
84,486427847
85,486426979
86,486426202
87,114665
88,166670
89,166521
90,114013
91,486407026
92,486397010
93,486393357
94,110133
95,110058
96,159861
97,111181
98,486374638
99,486373662
100,93592
101,96070
102,137029
103,136598
104,136364
105,136325
106,136108
107,91954
108,486315688
109,486315111
110,486314261
111,486313615
112,133963
113,90462
114,133446
115,486310029
116,133075
117,486309229
118,133006
119,132789
120,132577
121,486307676
122,132320
123,486306170
124,486300273
125,486299739
126,486299269
127,486298846
128,85507
129,85302
130,126624
131,486286679
132,125291
133,486286129
134,486285692
135,486285187
136,83328
137,486283154
138,83028
139,486282464
140,486282385
141,123610
142,486281794
143,87659
144,486281038
145,82526
146,87506
147,87434
148,486257189
149,486256589
150,486255988
151,486255057
152,486247664
153,486246531
154,80482
155,486245791
156,486245542
157,486245267
158,486244841
159,486244731
160,486244300
161,110924
162,486243644
163,79922
164,486243101
165,486233943
166,486232852
167,486232234
168,70213
169,77243
170,486231308
171,70028
172,486230638
173,77042
174,106156
175,105665
176,76187
177,104298
178,68226
179,67994
180,486221891
181,486221483
182,486221023
183,486220624
184,73466
185,72980
186,486204635
187,486204255
188,97114
189,486203857
190,96939
191,486203322
192,62695
193,71029
194,93423
195,93168
196,92960
197,92707
198,486179189
199,486177772
200,486176796
201,486175643
202,56670
203,65056
204,86916
205,86800
206,64934
207,56354
208,64847
209,86501
210,64655
211,55951
212,85881
213,85647
214,64200
215,85503
216,55519
217,85258
218,80547
219,80422
220,52489
221,60600
222,77608
223,50807
224,58734
225,76743
226,58421
227,486125994
228,486125319
229,486124673
230,486124030
231,70381
232,54065
233,46430
234,46367
235,486087798
236,486076585
237,486076089
238,486075662
239,486075123
240,486055585
241,486054730
242,486054142
243,486053142
244,486005784
245,486005120
246,486004442
247,486003808
248,26386
249,25957
250,485162259
251,485160918
252,10727686
253,11571704
254,10727397
255,11571079
256,11566343
257,10723190
258,9836003
259,11565163
260,11563709
261,9834036
262,484658230
263,484657570
264,10714128
265,484656057
266,10714022
267,11554262
268,10713882
269,10713764
270,484654436
271,11553869
272,11548333
273,11548077
274,9824755
275,10709069
276,10708676
277,11546934
278,10708328
279,9824040
280,9823974
281,11546529
282,9823870
283,484623971
284,10707962
285,484621015
286,484620165
287,11543784
288,10705879
289,10703677
290,11538239
291,11538010
292,10701419
293,484590504
294,10701321
295,10698462
296,10698164
297,9815118
298,9814995
299,10697376
300,11532211
301,11531927
302,10696203
303,11530977
304,10695949
305,10695796
306,11529099
307,484543970
308,484543356
309,484542759
310,10691341
311,10691287
312,11524474
313,11524025
314,9809209
315,11522759
316,484530314
317,11521130
318,11520977
319,10688385
320,11520861
321,11520734
322,10688229
323,10688145
324,484521684
325,484521218
326,484520848
327,484520470
328,11518896
329,11518750
330,11518524
331,11518294
332,484516340
333,484515514
334,484514804
335,484514097
336,484512455
337,484511627
338,484509603
339,484509192
340,484508718
341,484508282
342,10684104
343,10683961
344,9803313
345,10682558
346,11514078
347,10682359
348,9802014
349,10682216
350,10682136
351,9801720
352,11513335
353,11512935
354,10680624
355,9800332
356,484490321
357,484489968
358,484489852
359,484489399
360,9800063
361,484489369
362,484488911
363,484488796
364,484488317
365,484484962
366,484484623
367,484484204
368,484483697
369,484483553
370,10678104
371,11509183
372,10677614
373,484478773
374,484478014
375,484477310
376,484476651
377,11507703
378,11507586
379,10676161
380,10676020
381,10675903
382,484468023
383,484467492
384,484466942
385,484466354
386,10674172
387,11505242
388,9794922
389,10673850
390,484459934
391,11504161
392,9794044
393,11503938
394,10672738
395,9792198
396,9791953
397,9791768
398,484446295
399,11500747
400,484444924
401,484444179
402,484440964
403,484440337
404,484439571
405,484438721
406,484435136
407,11498097
408,484434573
409,484434101
410,484433557
411,10666967
412,10666869
413,10666766
414,484423419
415,484422587
416,484421918
417,484421026
418,484406040
419,484405575
420,484405194
421,484404663
422,11488558
423,11488423
424,11488301
425,11488162
426,9777528
427,9777452
428,10653128
429,9776192
430,484324246
431,484322322
432,484321401
433,484320408
434,484319488
435,10631612
436,10631504
437,10631418
438,10631306
439,484239748
440,484239037
441,484238179
442,484237217
443,10617181
444,9745793
445,484181970
446,484181197
447,484180366
448,484179676
449,10669505
450,480849117
451,9533754
452,10350972
453,9531735
454,10349215
455,8719879
456,8719624
457,10320674
458,8696036
459,9504368
460,10320195
461,479750536
462,479749905
463,479749044
464,479707566
465,8672945
466,8672905
467,8672771
468,10291771
469,10291620
470,9477680
471,10291173
472,479657228
473,479656858
474,479656477
475,479656125
476,8665704
477,8665593
478,9469622
479,10282921
480,479646094
481,10279027
482,9465643
483,9465325
484,9464672
485,9464410
486,9464279
487,479630856
488,8660770
489,9463962
490,10277011
491,8660351
492,479618728
493,479616013
494,10271327
495,9458063
496,9458060
497,10271030
498,8655610
499,8655415
500,10270508
501,9457412
502,9457289
503,9456688
504,9456530
505,10268994
506,479589744
507,479589222
508,479588753
509,479588315
510,9451944
511,9451857
512,9451773
513,9451682
514,479573902
515,479573426
516,479572903
517,479572330
518,8648588
519,10262168
520,8648206
521,479567659
522,8647923
523,479567628
524,479567012
525,479566601
526,479566361
527,10261184
528,9448581
529,479565277
530,479563686
531,8647066
532,9447804
533,479561051
534,8646650
535,479560310
536,479559638
537,479558971
538,10258114
539,8644963
540,9445585
541,10257884
542,10257731
543,10257527
544,8642938
545,9443173
546,9443055
547,10255022
548,9439605
549,10251447
550,8639276
551,10250877
552,8638956
553,8638200
554,8638060
555,8637907
556,10249340
557,9436306
558,9436062
559,9435703
560,9435444
561,479493302
562,479492601
563,479492402
564,479492023
565,479491764
566,479491533
567,479490985
568,479489816
569,8631334
570,8631244
571,10241243
572,10241129
573,8629247
574,10238720
575,10238606
576,8628909
577,479471000
578,479470143
579,479467144
580,479466642
581,479466228
582,10235762
583,8626501
584,8626412
585,8626340
586,9424283
587,8626226
588,9424151
589,10234994
590,10231819
591,10231483
592,10231359
593,10231002
594,9420061
595,479444102
596,479443423
597,479442402
598,479441824
599,8619452
600,10226786
601,9416089
602,479426442
603,10226584
604,10226500
605,479421662
606,479421010
607,479420714
608,479419902
609,479419638
610,479418457
611,479415335
612,479413815
613,479413395
614,479413017
615,479412629
616,10209417
617,10209253
618,8604886
619,10208941
620,479348134
621,479347211
622,479345776
623,479332366
624,479330474
625,479329495
626,479316605
627,479315951
628,479315268
629,479314578
630,9391242
631,10200038
632,10199914
633,10199778
634,479309295
635,479308561
636,479308016
637,479307523
638,479226222
639,479225491
640,479224027
641,479222695
642,479032101
643,479031425
644,479030162
645,479029548
646,9896828
647,9083305
648,477995332
649,9060452
650,9855343
651,8301267
652,9060083
653,8300455
654,477936619
655,9852840
656,477935964
657,477935257
658,9852486
659,477934222
660,9057599
661,9054790
662,9053554
663,9847876
664,9845199
665,8292834
666,9050586
667,8292546
668,8292368
669,9050127
670,8292235
671,9844119
672,9049868
673,9049538
674,9843553
675,8291445
676,477879531
677,477878725
678,477877359
679,477866707
680,9040690
681,9833803
682,477852620
683,9040173
684,8283002
685,8282005
686,8281796
687,8281650
688,9831532
689,477842928
690,477842279
691,9036203
692,8279530
693,8279447
694,8279314
695,9827676
696,8278210
697,9827225
698,9827213
699,9034094
700,9826820
701,9826651
702,8277249
703,9826226
704,8277065
705,477819712
706,477819091
707,477819000
708,9032977
709,477818596
710,477818537
711,477818180
712,8276710
713,477818077
714,477817628
715,8276535
716,9825386
717,9032286
718,8275919
719,9824381
720,9823107
721,8274463
722,8274331
723,9822684
724,9822193
725,9029086
726,9028773
727,8272776
728,477789690
729,9026460
730,477788994
731,9026315
732,477787873
733,477787811
734,9818333
735,477787559
736,9025948
737,477787099
738,9818141
739,477786665
740,9025796
741,8270180
742,9817898
743,9025527
744,8270074
745,477784828
746,477784620
747,477784009
748,477783898
749,9817266
750,477783239
751,9817093
752,477782394
753,9816937
754,8269294
755,9816754
756,8269215
757,8269095
758,9816575
759,8269010
760,9024301
761,477779616
762,477779016
763,477778519
764,477778066
765,8266713
766,9021774
767,9813616
768,9021531
769,477766990
770,477766421
771,477765754
772,9025815
773,9020773
774,9812519
775,9020554
776,477758824
777,477757302
778,477756916
779,477756189
780,477756060
781,477755656
782,477754972
783,477748588
784,477747706
785,477747105
786,477746635
787,477737421
788,8260279
789,477736737
790,9806111
791,477736435
792,477736184
793,9014536
794,9806000
795,477735726
796,477735624
797,9805920
798,9014350
799,8259824
800,477734597
801,8259731
802,8259641
803,8259628
804,9805434
805,477733144
806,9013944
807,9805284
808,8259482
809,477732585
810,8259422
811,477731964
812,9012204
813,9012105
814,9803153
815,8257702
816,477721456
817,477698659
818,477698002
819,477697333
820,9006296
821,477696666
822,8252483
823,9005967
824,477690248
825,477689247
826,477688403
827,477687815
828,477687150
829,477686871
830,477686428
831,477685538
832,477685052
833,9001147
834,9791264
835,8248077
836,8247987
837,477654086
838,477653485
839,477652746
840,477652246
841,477652079
842,477651303
843,477651073
844,477650430
845,477649366
846,477648768
847,9770022
848,9769937
849,9769813
850,477398996
851,477398470
852,477397850
853,477397192
854,477355153
855,477354622
856,477354091
857,477353490
858,476446345
859,476444613
860,476443643
861,476442705
862,9475308
863,9475197
864,9475100
865,8694932
866,7961258
867,9448756
868,8669699
869,9448410
870,9437264
871,476202051
872,476201400
873,476201123
874,476200520
875,476199400
876,476180449
877,476179688
878,476178578
879,476177316
880,476174471
881,476174065
882,476173630
883,476172661
884,9429244
885,7943082
886,9417950
887,8640927
888,9417091
889,9416821
890,476092663
891,476092225
892,476091686
893,8628262
894,9403638
895,9402690
896,9402571
897,8626834
898,476047133
899,8626746
900,7929827
901,8625333
902,9400400
903,9400108
904,7928276
905,476033541
906,476025057
907,7925923
908,9396251
909,476020339
910,476019168
911,476018121
912,476013315
913,476005449
914,476004954
915,476004519
916,476003954
917,9390498
918,9390241
919,7921607
920,475994333
921,8614966
922,475993441
923,9388034
924,8613373
925,7920101
926,9387441
927,9385989
928,8611509
929,8609661
930,7915905
931,475958310
932,8606208
933,475957802
934,7915757
935,475957242
936,7915618
937,475956315
938,475954939
939,475954709
940,475954240
941,475954237
942,475953623
943,475953613
944,475952962
945,475952847
946,475951950
947,9375987
948,9375786
949,475945415
950,9375331
951,475944888
952,475944859
953,7913703
954,8602841
955,8602825
956,475944340
957,8602790
958,475944214
959,7913571
960,475943855
961,8602605
962,8602549
963,475943292
964,475943207
965,475942666
966,8602362
967,475942110
968,9374392
969,9374272
970,475941517
971,9374103
972,8601831
973,9373773
974,8601576
975,475938155
976,475937581
977,475937013
978,475936410
979,475928440
980,475927178
981,7910537
982,9369365
983,7910422
984,7910354
985,475919952
986,8596602
987,7909602
988,9367747
989,475919071
990,7909500
991,475918438
992,8596153
993,8596143
994,475917804
995,9367219
996,9367187
997,7908959
998,475913383
999,475912282
1000,475911670
1001,9362899
1002,7906743
1003,475901110
1004,475900494
1005,7906590
1006,475899800
1007,8591602
1008,475899059
1009,7905584
1010,9360034
1011,9359721
1012,7905150
1013,9359492
1014,9359230
1015,8588917
1016,9358556
1017,9349581
1018,8580878
1019,9349275
1020,8580571
1021,475849356
1022,475848728
1023,475848159
1024,475847533
1025,7897976
1026,9346175
1027,8577938
1028,8577802
1029,7897648
1030,8577587
1031,8577481
1032,9345371
1033,475838301
1034,475837785
1035,7893327
1036,8570513
1037,8570386
1038,8570238
1039,475808117
1040,475807473
1041,475806632
1042,475805829
1043,475767818
1044,475767612
1045,475766899
1046,475766469
1047,9325304
1048,475765672
1049,475764780
1050,475764610
1051,8547888
1052,8547784
1053,9311558
1054,7877097
1055,9303313
1056,7871330
1057,9302989
1058,8539464
1059,475638494
1060,475637827
1061,475637253
1062,475636621
1063,7866866
1064,8533808
1065,8533656
1066,7866606
1067,7866520
1068,8517065
1069,475548879
1070,475548213
1071,475547576
1072,475547062
1073,475491825
1074,475491005
1075,475490323
1076,475489460
1077,474924939
1078,474924287
1079,474923630
1080,474922472
1081,8996614
1082,7645815
1083,474357102
1084,474356046
1085,7607823
1086,8942115
1087,8188275
1088,8188114
1089,8184276
1090,8183909
1091,8183746
1092,8936811
1093,7598979
1094,8929091
1095,8175924
1096,8175221
1097,474237803
1098,474237222
1099,474236389
1100,474235454
1101,474234594
1102,474234091
1103,474233616
1104,474232999
1105,8925357
1106,8925242
1107,8925111
1108,8172260
1109,8924959
1110,7595613
1111,8924567
1112,8924424
1113,8171555
1114,8171350
1115,7595010
1116,8923090
1117,8170014
1118,8169893
1119,8169612
1120,7593635
1121,7593505
1122,8169174
1123,7593007
1124,7592836
1125,8920440
1126,7592282
1127,474212347
1128,474211781
1129,474210771
1130,474210062
1131,8164161
1132,8164031
1133,8915359
1134,8915270
1135,7588513
1136,8162639
1137,8162445
1138,8914674
1139,8914417
1140,8152444
1141,8904213
1142,474164282
1143,474163619
1144,474163104
1145,474162915
1146,474162818
1147,474162586
1148,474162267
1149,474161609
1150,474160706
1151,8149840
1152,8149684
1153,8901353
1154,8900995
1155,8148839
1156,474154839
1157,474149556
1158,474148862
1159,8146283
1160,474148168
1161,8898031
1162,474147486
1163,474147448
1164,474145277
1165,474144822
1166,7574922
1167,474144224
1168,474143987
1169,474143254
1170,474142569
1171,474141912
1172,7573703
1173,7573607
1174,8143069
1175,474138843
1176,8142926
1177,474138078
1178,474137306
1179,474136560
1180,7572754
1181,8893664
1182,7572555
1183,7572303
1184,474133376
1185,8141274
1186,8141193
1187,8141159
1188,474132750
1189,7571886
1190,8892488
1191,8140959
1192,474132000
1193,8892244
1194,7571434
1195,8139402
1196,8139233
1197,7570465
1198,7570346
1199,8139043
1200,7570200
1201,8890204
1202,8138575
1203,8887778
1204,8887339
1205,8135829
1206,7567683
1207,8135562
1208,8886785
1209,8135333
1210,8886184
1211,7565335
1212,474107580
1213,8883611
1214,7565112
1215,8132158
1216,8132018
1217,8131534
1218,7564357
1219,8882329
1220,474103957
1221,7564265
1222,474103371
1223,8130985
1224,474102850
1225,7564067
1226,474102338
1227,474100370
1228,474099841
1229,474099769
1230,474099450
1231,474099266
1232,8129628
1233,474098866
1234,8880575
1235,474098669
1236,474097984
1237,8877757
1238,474090248
1239,474089761
1240,474089273
1241,7557898
1242,7557612
1243,7557498
1244,8122251
1245,8122128
1246,8120496
1247,8120335
1248,8119969
1249,8119621
1250,7553449
1251,7553272
1252,8116418
1253,474058969
1254,7552779
1255,474058342
1256,474057837
1257,474057327
1258,474056835
1259,474038527
1260,474037896
1261,474037379
1262,474036770
1263,474016606
1264,474015932
1265,474015154
1266,474014207
1267,474001064
1268,8846451
1269,7538000
1270,7537865
1271,8845709
1272,8845575
1273,8845265
1274,473994664
1275,7537350
1276,473993360
1277,473992706
1278,473991864
1279,473956460
1280,473955640
1281,473953207
1282,8831530
1283,473952525
1284,8831344
1285,473952085
1286,8082496
1287,8831010
1288,473950721
1289,473949396
1290,473948001
1291,473939771
1292,473938879
1293,473925413
1294,473884252
1295,473883605
1296,473883035
1297,473881814
1298,473873964
1299,473873399
1300,473872803
1301,473870810
1302,8431933
1303,8431792
1304,8431652
1305,7237518
1306,6276162
1307,6275893
1308,467339789
1309,467338646
1310,467337763
1311,467337070
1312,5982429
1313,465841203
1314,465840600
1315,465838050
1316,465837011
1317,465836356
1318,6530177
1319,5858343
1320,5964423
1321,5858165
1322,463833232
1323,463832622
1324,6024499
1325,6024355
1326,461697198
1327,461696784
1328,461696157
1329,461695566
1330,459912734
1331,459912235
1332,459911654
1333,459911119
1334,455284245
1335,453283250
1336,453281617
1337,453280432
1338,453278491
1339,451610337
1340,451609783
1341,451609357
1342,451608865
1343,449941104
1344,449940403
1345,449939396
1346,449938437
1347,448138174
1348,448137727
1349,448137020
1350,448136594
1351,443710258
1352,443709764
1353,443709279
1354,443708782
1355,441858552
1356,441858076
1357,441857634
1358,441857187
1359,440245927
1360,440245462
1361,440244931
1362,440243877
1363,438711083
1364,438704232
1365,438703299
1366,438693496
1367,437174451
1368,437173571
1369,437172752
1370,437172049
1371,437171261
1372,429373394
1373,429372836
1374,429372337
1375,429371444
1376,427749215
1377,427748438
1378,427747822
1379,427747107
1380,426119480
1381,426118975
1382,426118430
1383,426117074
1384,421347845
1385,421345112
1386,421344542
1387,421343748
1388,418663543
1389,418662586
1390,418661157
1391,418660266
1392,860998
1393,416550178
1394,27483499
1395,416548319
1396,413708564
1397,413707794
1398,413706628
1399,413704536
1400,410989872
1401,410988947
1402,410988094
1403,410987291
1404,403350707
1405,403348482
1406,403347425
1407,403346253
1408,400693542
1409,400692677
1410,400691904
1411,400690917
1412,395701487
1413,395700517
1414,395699878
1415,395699016
1416,393311878
1417,393311155
1418,393310202
1419,393309245
1420,385707522
1421,385705648
1422,385704600
1423,385703771
1424,383189086
1425,383187265
1426,383186145
1427,383185278
1428,381395621
1429,381394471
1430,381393323
1431,381390768
1432,378615356
1433,378614751
1434,378614044
1435,378612528
1436,376185995
1437,376184077
1438,376183293
1439,376181860
1440,366198493
1441,366172535
1442,366171757
1443,366170832
1444,366168894
1445,363944129
1446,363943442
1447,363941283
1448,363939561
1449,5879585
1450,361526962
1451,361525418
1452,361524011
1453,359204313
1454,359203695
1455,359202720
1456,359202037
1457,351917235
1458,351915404
1459,351913373
1460,351911943
1461,351910682
1462,351903590
1463,351901352
1464,346815919
1465,346814863
1466,346813993
1467,346813219
1468,344234597
1469,344233704
1470,344232868
1471,344232096
1472,341513352
1473,341512585
1474,341511794
1475,341511071
1476,333815687
1477,333814766
1478,333813881
1479,333811134
1480,330964596
1481,330963718
1482,330961467
1483,330960361
1484,325561861
1485,325561169
1486,325559854
1487,325557669
1488,323119147
1489,323117879
1490,323116442
1491,323115605
1492,315072495
1493,315070051
1494,315069117
1495,315068031
1496,312406271
1497,312404261
1498,312402186
1499,312399959
1500,312398785
1501,309598104
1502,309596921
1503,309595605
1504,309594860
1505,307533426
1506,307532337
1507,307531273
1508,307530451
1509,305147800
1510,305146275
1511,305144769
1512,305142530
1513,297984467
1514,297983763
1515,297982965
1516,297982281
1517,295457479
1518,295456462
1519,295455640
1520,295454720
1521,294819035
1522,294818847
1523,294818611
1524,294818372
1525,294329061
1526,294328568
1527,294328461
1528,294328184
1529,293876741
1530,293876529
1531,293876022
1532,293875764
1533,293875396
1534,289735072
1535,289734485
1536,289734009
1537,287908419
1538,287907859
1539,287907238
1540,287906578
1541,287906016
1542,581332786
1543,581331866
1544,581330697
1545,581329915
1546,286364685
1547,286364151
1548,286363704
1549,286362890
1550,284941578
1551,284941048
1552,284940308
1553,284939783
1554,280447372
1555,280446771
1556,280444900
1557,280444150
1558,278933404
1559,278932272
1560,278931720
1561,278931186
1562,277481541
1563,277480804
1564,277480049
1565,277176951
1566,275717289
1567,275715156
1568,275713596
1569,275712369
1570,274060760
1571,274060357
1572,274059867
1573,274059455
1574,79466
1575,69772
1576,79043
1577,78959
1578,78760
1579,268141371
1580,268140947
1581,268140193
1582,268139746
1583,266946883
1584,266946167
1585,266945045
1586,266944437
1587,263711893
1588,263711229
1589,263710342
1590,263709428
1591,257909083
1592,257908225
1593,257906626
1594,257906103
1595,256301654
1596,256300273
1597,256299352
1598,256298520
1599,254802448
1600,254801848
1601,254801251
1602,254800506
1603,253378638
1604,253377998
1605,253377513
1606,253376857
1607,249131623
1608,249130825
1609,249130211
1610,249129642
1611,247453430
1612,247452735
1613,247452174
1614,247450810
1615,245878291
1616,245877842
1617,245877298
1618,245876864
1619,244597641
1620,244597080
1621,244596441
1622,244586081
1623,243019047
1624,243018561
1625,243018116
1626,243017629
1627,238564061
1628,238563486
1629,238562736
1630,238562163
1631,236898330
1632,236897487
1633,236891526
1634,236890677
1635,235386224
1636,235385840
1637,235385516
1638,235384981
1639,233774042
1640,233773598
1641,233772711
1642,233772308
1643,232268253
1644,232267562
1645,232266557
1646,232266044
1647,227637712
1648,227637160
1649,227636636
1650,227635916
1651,226186522
1652,226186036
1653,226185548
1654,226184810
1655,223362038
1656,223361527
1657,223360665
1658,223360155
1659,221898475
1660,221897884
1661,221896754
1662,221896359
1663,217861060
1664,217860336
1665,217859918
1666,217859500
1667,215060554
1668,215060169
1669,215059255
1670,215058822
1671,213545414
1672,213544937
1673,213543734
1674,213543173
1675,211759123
1676,211758512
1677,211757598
1678,211756969
1679,210374658
1680,210374458
1681,210374281
1682,210374125
1683,209893631
1684,209893507
1685,209893379
1686,209893276
1687,209443819
1688,209443717
1689,209443576
1690,209443429
1691,209033813
1692,209033636
1693,209033491
1694,209033225
1695,209033018
1696,208632187
1697,208631919
1698,208631694
1699,208631423
1700,206592508
1701,206592395
1702,206592269
1703,206592142
1704,206146845
1705,206146556
1706,206146389
1707,206146159
1708,206145927
1709,205255422
1710,205255164
1711,205254983
1712,205254803
1713,203918008
1714,203917654
1715,203917435
1716,203917162
1717,203527017
1718,203526789
1719,203521703
1720,203521463
1721,202892661
1722,202892427
1723,202892228
1724,202891904
1725,202415263
1726,202415077
1727,202414641
1728,2478531
1729,201905179
1730,201904905
1731,201904707
1732,201904452
1733,200469733
1734,200469497
1735,200469292
1736,200469054
1737,200010524
1738,200010344
1739,200010171
1740,200009998
1741,199554242
1742,199554108
1743,199553966
1744,199553783
1745,199151837
1746,199151694
1747,199151520
1748,199145861
1749,198749982
1750,198749737
1751,198749521
1752,198749362
1753,197490788
1754,197490618
1755,197490425
1756,197490286
1757,2357475
1758,2393649
1759,2357267
1760,1869806
1761,1545323
1762,1925092
1763,1924970
1764,1979817
1765,196255015
1766,196254880
1767,196254766
1768,196254642
1769,195694239
1770,195694041
1771,195693820
1772,195693623
1773,193825176
1774,193824989
1775,193824744
1776,193824562
1777,193311787
1778,193311602
1779,193311473
1780,193306623
1781,192857345
1782,192857052
1783,192856922
1784,192856731
1785,192411404
1786,192411237
1787,192411042
1788,192410795
1789,190544006
1790,190543853
1791,190543693
1792,190543405
1793,190038915
1794,190038750
1795,190038457
1796,190038305
1797,189508652
1798,189508284
1799,189508089
1800,189507910
1801,189507680
1802,187388504
1803,187387837
1804,187386370
1805,187317702
1806,181061871
1807,181060805
1808,181059863
1809,181059048
1810,178986879
1811,178984241
1812,178982139
1813,178981139
1814,176876641
1815,176876027
1816,176875327
1817,176874640
1818,174701166
1819,174700312
1820,174696757
1821,174695493
1822,172545909
1823,172545235
1824,172544477
1825,172543778
1826,166677471
1827,166675836
1828,166674564
1829,166673050
1830,163734005
1831,163732265
1832,163731506
1833,163730064
1834,163729070
1835,161514497
1836,161513815
1837,161512700
1838,161512076
1839,159354442
1840,159352643
1841,159350661
1842,159349224
1843,147396670
1844,147395293
1845,147393237
1846,147391954
1847,147390937
1848,145308635
1849,145307182
1850,145305097
1851,145303797
1852,143141055
1853,143136505
1854,143135128
1855,143134110
1856,143133420
1857,140572522
1858,140571720
1859,140570807
1860,140569850
1861,134309568
1862,134308307
1863,134305755
1864,134304166
1865,131625649
1866,131624162
1867,131623216
1868,131622099
1869,131620182
1870,129641987
1871,129640740
1872,129639806
1873,126976537
1874,126975920
1875,126975271
1876,126974527
1877,118331903
1878,118331226
1879,118330516
1880,118329801
1881,115954728
1882,115953668
1883,115952748
1884,115951918
1885,115950991
1886,113405956
1887,113405154
1888,113404453
1889,113402727
1890,111382912
1891,111382035
1892,111380995
1893,111379717
1894,109003055
1895,109001721
1896,109000170
1897,108999293
1898,102176415
1899,102175384
1900,102174109
1901,102172822
1902,99669319
1903,99668446
1904,99666810
1905,99665838
1906,97497913
1907,97496990
1908,97496074
1909,97495220
1910,95109885
1911,95109086
1912,95107739
1913,95106759
1914,92963842
1915,92963143
1916,92962427
1917,92961714
1918,87016194
1919,87015268
1920,87014247
1921,87013147
1922,84653757
1923,84652730
1924,84651942
1925,84651049
1926,82988668
1927,82987578
1928,82986853
1929,82985874
1930,80480862
1931,80479752
1932,80478686
1933,80477577
1934,78587649
1935,78587023
1936,78586206
1937,78571890
1938,78570691
1939,78324646
1940,72478191
1941,70115328
1942,4681407
1943,13306242
1944,3843856
1945,3638737
1946,13071752
1947,4431253
1948,4431029
1949,68025627
1950,1156697
1951,9824494
1952,9824384
1953,9824254
1954,9464787
1955,9464670
1956,1031842
1957,1031768
1958,67024
1959,8315785
1960,8315678
1961,65588
1962,7561013
1963,2131726
1964,7560854
1965,9982966
1966,7224717
1967,1934676
1968,1934629
1969,7224456
1970,1750440
1971,6913292
1972,6913190
1973,1750272
1974,9289417
1975,1105763
1976,8137178
1977,1105534
1978,8136898
1979,5033165
1980,745625
1981,5032966
1982,7321019
1983,4608068
1984,6875132
1985,547604
1986,547571
1987,967134
1988,3026803
1989,4996064
1990,3026636
1991,346353087
1992,346352901
1993,346352676
1994,346352423
1995,345519951
1996,345519304
1997,345519005
1998,345518749
1999,3821887
2000,110778
2001,110773
2002,110761
2003,343487978
2004,343487545
2005,343487328
2006,343486907
2007,340668301
2008,340667995
2009,340667784
2010,340667488
2011,339704065
2012,339703845
2013,339703628
2014,339703387
2015,337556116
2016,337554339
2017,337554064
2018,337553785
2019,336641381
2020,336640592
2021,336640140
2022,336639713
2023,3067960
2024,3067869
2025,129781
2026,3067408
2027,104772
2028,104767
2029,104764
2030,2645236
2031,330732150
2032,330731857
2033,330731668
2034,330731485
2035,1495346
2036,2869557
2037,1495179
2038,57614
2039,947199
2040,489760
2041,946947
2042,19129
2043,6661
2044,159752
2045,310640
2046,159566
2047,4408020
2048,5525427
2049,5525020
2050,4408001
2051,5104168
2052,5104003
2053,4099376
2054,4099297
2055,4523945
2056,4724822
2057,3721518
2058,3721438
2059,4523387
2060,3812962
2061,2953918
2062,3812778
2063,3812683
2064,2620551
2065,2620496
2066,3223351
2067,3223291
2068,3018819
2069,2852240
2070,3018673
2071,3018492
2072,2685952
2073,2685828
2074,2685755
2075,2050754
2076,2368184
2077,14081971
2078,14081132
2079,14079364
2080,14078738
2081,314845926
2082,314768060
2083,314767762
2084,314767511
2085,314767272
2086,313437098
2087,313436814
2088,798586
2089,546506
2090,312187809
2091,312187432
2092,312187023
2093,312186758
2094,311050955
2095,311050644
2096,311050264
2097,311049979
2098,309826529
2099,309826292
2100,309826080
2101,309825651
2102,306433951
2103,306433718
2104,306433460
2105,306433161
2106,305289537
2107,305289074
2108,305288765
2109,305288476
2110,304429530
2111,304429051
2112,304428642
2113,304428135
2114,302902573
2115,302902368
2116,302902106
2117,302901885
2118,302076669
2119,302076323
2120,302050697
2121,302050246
2122,299083385
2123,299083133
2124,299082938
2125,299082670
2126,297996855
2127,297996537
2128,297996257
2129,297995891
2130,297105894
2131,297105642
2132,297105308
2133,297104977
2134,295060286
2135,295059883
2136,295059430
2137,295059136
2138,295058835
2139,290748411
2140,290723526
2141,290723180
2142,78591
2143,9675071
2144,9674972
2145,9674872
2146,9674774
2147,9383429
2148,9352026
2149,9351895
2150,9351808
2151,9383113
2152,9034561
2153,9067488
2154,9067355
2155,9032861
2156,7958094
2157,7957949
2158,7957830
2159,7957741
2160,7598586
2161,7598497
2162,7598281
2163,7597690
2164,7274984
2165,7274466
2166,7274332
2167,7311856
2168,6957787
2169,6920705
2170,6920636
2171,6920557
2172,5226952
2173,5188474
2174,5188360
2175,5226580
2176,4731240
2177,4770057
2178,4770000
2179,4769938
2180,4769873
2181,4448789
2182,4448707
2183,4409757
2184,4448559
2185,2623600
2186,2661867
2187,2661759
2188,2623307
2189,262351669
2190,262351072
2191,262350703
2192,262350253
2193,133306
2194,133164
2195,161340
2196,132930
2197,18445103
2198,18151562
2199,18151490
2200,18151405
2201,17873874
2202,17873802
2203,17873734
2204,18158396
2205,250991793
2206,17601098
2207,250991159
2208,250990878
2209,249246092
2210,249244040
2211,249243613
2212,249242914
2213,245480234
2214,245480001
2215,245479659
2216,245479371
2217,16543105
2218,16266050
2219,243996611
2220,243994342
2221,243993735
2222,243992198
2223,243504837
2224,243504461
2225,243504072
2226,243503578
2227,242012192
2228,242011818
2229,242011427
2230,242010692
2231,240459573
2232,240459198
2233,240458884
2234,240458558
2235,236358861
2236,236358471
2237,236357970
2238,236357288
2239,234953272
2240,234953016
2241,234952762
2242,234952465
2243,234952111
2244,233560775
2245,233560286
2246,233559783
2247,233559314
2248,231907385
2249,231906677
2250,231906059
2251,231903185
2252,231902839
2253,230854811
2254,230854050
2255,13652387
2256,13652318
2257,13652247
2258,230500693
2259,226637414
2260,226636752
2261,226636053
2262,226635404
2263,225032484
2264,225032144
2265,225031747
2266,225031147
2267,223655818
2268,223655404
2269,223654953
2270,223654487
2271,221828585
2272,221827740
2273,221827257
2274,221826943
2275,221826644
2276,220797314
2277,220796969
2278,220796523
2279,220795987
2280,217147438
2281,217125715
2282,217125448
2283,217125111
2284,217124634
2285,215890448
2286,215890210
2287,215889896
2288,215889414
2289,215888969
2290,214450745
2291,214450447
2292,214450042
2293,214449562
2294,213350571
2295,213350307
2296,213350028
2297,213349722
2298,212130346
2299,212130101
2300,212129836
2301,212129553
2302,207959087
2303,207958589
2304,207958290
2305,207957896
2306,207055600
2307,206757372
2308,206757111
2309,206756826
2310,206657070
2311,205454393
2312,205454024
2313,205453731
2314,205453416
2315,204189585
2316,204189307
2317,204189065
2318,204188693
2319,202953213
2320,202952951
2321,7820337
2322,202951636
2323,199166039
2324,6891185
2325,199044845
2326,199044443
2327,199044041
2328,199043636
2329,6606818
2330,6606742
2331,6606648
2332,197895597
2333,196661265
2334,196660946
2335,196660633
2336,196660275
2337,195185962
2338,195185677
2339,195185314
2340,195184885
2341,194023522
2342,194016261
2343,194014935
2344,194014498
2345,194014196
2346,190398848
2347,190398431
2348,190398161
2349,190397446
2350,188952223
2351,188951943
2352,188951674
2353,188951390
2354,186524424
2355,186524097
2356,186523673
2357,186523278
2358,185394139
2359,185393766
2360,185393107
2361,185392555
2362,181461736
2363,181461326
2364,181461003
2365,181460689
2366,180207512
2367,180207135
2368,180206740
2369,180206325
2370,179083965
2371,179083707
2372,179083250
2373,179082893
2374,177828259
2375,177827950
2376,177827645
2377,177827348
2378,176622122
2379,176621642
2380,176619885
2381,176619313
2382,172898242
2383,172898002
2384,172897639
2385,172897307
2386,170410440
2387,170410224
2388,170409975
2389,170409605
2390,1678175
2391,1678115
2392,1678042
2393,1677960
2394,1677877
2395,1324043
2396,1323950
2397,1323842
2398,1322516
2399,164710356
2400,164709858
2401,164709456
2402,164708970
2403,163193324
2404,163193068
2405,163192818
2406,163192538
2407,161670433
2408,161670046
2409,161669563
2410,161669105
2411,5108311
2412,5108262
2413,5108099
2414,5107961
2415,5107892
2416,4931693
2417,4931617
2418,4931560
2419,4931502
2420,4255264
2421,4255230
2422,4255187
2423,4255130
2424,4015059
2425,4015014
2426,4014972
2427,4014931
2428,3505169
2429,3505119
2430,3505081
2431,3505016
2432,3270667
2433,3270617
2434,3270561
2435,3270483
2436,2549916
2437,2549857
2438,2549768
2439,2517328
2440,2245699
2441,2133398
2442,2133243
2443,2133197
2444,2133140
2445,2133076
2446,1617056
2447,1616963
2448,1616800
2449,1616644
2450,1616359
2451,142087828
2452,1325201
2453,1325049
2454,1324815
2455,1324736
2456,1070296
2457,1070240
2458,1070178
2459,1070134
2460,327761
2461,327700
2462,327628
2463,327561
2464,40709
2465,1211481
2466,1211422
2467,1209411
2468,1209321
2469,782106
2470,782010
2471,781930
2472,781830
2473,366033
2474,365961
2475,365830
2476,365735
2477,365664
2478,365589
2479,365457
2480,131123900
2481,131123848
2482,131123793
2483,131123739
2484,201458
2485,200556
2486,200429
2487,200251
2488,200110
2489,199908
2490,11427744
2491,11427652
2492,11427537
2493,11427423
2494,10954733
2495,10949163
2496,10949039
2497,10948926
2498,10948792
2499,10460095
2500,10459989
2501,10459884
2502,10459749
2503,10000679
2504,10000279
2505,10000165
2506,10000068
2507,9999105
2508,8549125
2509,8549010
2510,8548913
2511,8548775
2512,8063278
2513,8063194
2514,8063068
2515,8062900
2516,7526429
2517,7526304
2518,7526136
2519,7526011
2520,6569126
2521,6568978
2522,6568878
2523,6568764
2524,5114895
2525,5114744
2526,5114450
2527,5114158
2528,4499929
2529,4415172
2530,4375746
2531,4375652
2532,4375539
2533,4375397
2534,3993889
2535,3993747
2536,3993613
2537,3993445
2538,3499251
2539,3499103
2540,3499006
2541,3498878
2542,3071751
2543,3071649
2544,3071551
2545,3042149
2546,3040322
2547,1155408
2548,1145388
2549,671841
2550,671550
2551,671251
2552,670917
2553,299079
2554,298922
2555,298542
2556,298368
2557,261831
2558,2468053
2559,2467823
2560,2467656
2561,2458634
2562,1950183
2563,1950099
2564,1950012
2565,1949897
2566,1665216
2567,1665109
2568,1665014
2569,1664909
2570,99312521
2571,99312170
2572,99311809
2573,99311467
2574,98065883
2575,98065455
2576,98065110
2577,98064737
2578,97474658
2579,97474327
2580,97473946
2581,97473629
2582,95529944
2583,95529521
2584,92700597
2585,92700340
2586,92700064
2587,92699694
2588,91757206
2589,91756899
2590,91756598
2591,91755918
2592,90804151
2593,90803420
2594,89849154
2595,2213442
2596,2213299
2597,1491347
2598,1491144
2599,235502
2600,235201
2601,235421
2602,234849
2603,2708277
2604,2696727
2605,3429086
2606,2696430
2607,3428871
2608,1296179
2609,1296022
2610,1295839
2611,1295680
2612,885289
2613,885133
2614,1689575
2615,884758
2616,1328202
2617,469099
2618,1327763
2619,1327576
2620,44948
2621,1008710
2622,44396
2623,44312
2624,44040
2625,75471
2626,622839
2627,75323
2628,622616
2629,74403260
2630,74402934
2631,74402494
2632,74401790
2633,73523553
2634,73523018
2635,73522706
2636,73522361
2637,72671892
2638,72671574
2639,72671305
2640,72665681
2641,72665345
2642,71684869
2643,71684285
2644,71683741
2645,71682185
2646,68340713
2647,68340345
2648,68339891
2649,68339052
2650,67511614
2651,67511064
2652,67510775
2653,67510255
2654,62983374
2655,62982907
2656,62982632
2657,62982230
2658,62054433
2659,62053730
2660,62052947
2661,62052672
2662,61012116
2663,61011785
2664,61011470
2665,61011056
2666,60125969
2667,60125651
2668,60125314
2669,60124983
2670,59260547
2671,59260038
2672,59259480
2673,59258617
2674,56719431
2675,56719105
2676,56718829
2677,56718450
2678,55885863
2679,55885353
2680,55885088
2681,55884742
2682,285435
2683,393905
2684,285434
2685,285431
2686,391494
2687,391493
2688,391492
2689,391491
2690,50465871
2691,50465576
2692,50465203
2693,50464877
2694,49659054
2695,49658438
2696,49658127
2697,49657871
2698,48847865
2699,48847165
2700,48846870
2701,48846291
2702,48182041
2703,48181542
2704,48181129
2705,48180678
2706,375407
2707,270604
2708,375389
2709,270596
2710,47158389
2711,47157900
2712,47157543
2713,47157286
2714,43566078
2715,43565505
2716,43564940
2717,43564501
2718,42575682
2719,42575165
2720,42574483
2721,42564260
2722,40869233
2723,40868352
2724,40867818
2725,40867394
2726,347563
2727,249361
2728,249360
2729,249359
2730,37858824
2731,37858168
2732,37857579
2733,37856895
2734,35996476
2735,35995617
2736,35994200
2737,35993624
2738,35993058
2739,35038748
2740,35037380
2741,35036567
2742,35034089
2743,35025602
2744,234289
2745,326452
2746,32026181
2747,32025599
2748,31234679
2749,31233580
2750,31231472
2751,31230975
2752,30277919
2753,30277508
2754,30277089
2755,30276652
2756,26501702
2757,26501210
2758,26500739
2759,26500355
2760,25729337
2761,25728728
2762,25727992
2763,25727306
2764,25726534
2765,25725196
2766,25724794
2767,24220217
2768,24219608
2769,24218607
2770,24217547
2771,24216979
2772,24216109
2773,23485304
2774,23483520
2775,23482532
2776,23481869
2777,23481304
2778,23480701
2779,21304423
2780,21303873
2781,21303381
2782,21302889
2783,19690945
2784,19690209
2785,19689866
2786,19689337
2787,18898009
2788,18897578
2789,18897020
2790,18896252
2791,18733338
2792,18733309
2793,18733293
2794,18733269
2795,18634603
2796,18634571
2797,18634556
2798,18634539
2799,191521
2800,191519
2801,191517
2802,191514
2803,18573106
2804,18573080
2805,18573061
2806,18573034
2807,18539325
2808,18539307
2809,18539285
2810,18539269
2811,18501885
2812,18501856
2813,18501824
2814,18501795
2815,18325419
2816,18325374
2817,18325336
2818,18325310
2819,18260818
2820,18260784
2821,18260733
2822,18259595
2823,18204395
2824,18204360
2825,18204316
2826,18204272
2827,17929947
2828,17929893
2829,17929847
2830,17929796
2831,17872977
2832,17872935
2833,17872817
2834,17872792
2835,17832399
2836,17832370
2837,17832341
2838,17832325
2839,17800470
2840,17800451
2841,17800424
2842,17800405
2843,17701361
2844,17701330
2845,17701295
2846,17701237
2847,17656155
2848,17656127
2849,17656093
2850,17656056
2851,147492
2852,147490
2853,208518
2854,208517
2855,17578721
2856,17578676
2857,17578655
2858,17578633
2859,17431907
2860,17431847
2861,17431819
2862,17431741
2863,17393318
2864,17393296
2865,17393273
2866,17393235
2867,17393203
2868,17358650
2869,17358637
2870,17358609
2871,17358579
2872,17358551
2873,17324405
2874,17324308
2875,17324274
2876,17324255
2877,182408
2878,127330
2879,182407
2880,182405
2881,125130
2882,179445
2883,125127
2884,125126
2885,17115066
2886,17115009
2887,17114946
2888,17114905
2889,17056931
2890,17056878
2891,17056836
2892,17056759
2893,16990507
2894,16990414
2895,16990377
2896,16990346
2897,16784234
2898,16784192
2899,16784122
2900,16784082
2901,16732847
2902,16732772
2903,16732751
2904,16732718
2905,16678260
2906,16678237
2907,16678211
2908,16678085
2909,153257
2910,107525
2911,153256
2912,16639390
2913,16639349
2914,16606276
2915,16606256
2916,16606233
2917,16606218
2918,16519026
2919,16518991
2920,16518969
2921,16518947
2922,16459983
2923,16459967
2924,16459947
2925,16459927
2926,16430269
2927,16430250
2928,16430230
2929,16430197
2930,16400150
2931,16400121
2932,16400099
2933,16400063
2934,16306416
2935,16306388
2936,16306357
2937,16306333
2938,16274588
2939,16274548
2940,16274478
2941,16274458
2942,16242747
2943,16242700
2944,16242674
2945,16242650
2946,16204302
2947,16204286
2948,16204206
2949,16204184
2950,86163
2951,124184
2952,124183
2953,86157
2954,16084661
2955,16084635
2956,16084606
2957,16084587
2958,16043276
2959,16043258
2960,16043232
2961,16043210
2962,16006553
2963,16006519
2964,16006484
2965,16006361
2966,16006330
2967,15910348
2968,15910307
2969,15910218
2970,15910166
2971,15716712
2972,15716664
2973,15716620
2974,15716577
2975,15642573
2976,15642491
2977,15642449
2978,15642404
2979,15584275
2980,15584243
2981,15584219
2982,15584196
2983,15535242
2984,15535193
2985,15535118
2986,15535072
2987,15487867
2988,15487836
2989,15487805
2990,15487774
2991,15406139
2992,15406098
2993,15406075
2994,15406046
2995,15406021
2996,15376554
2997,15376530
2998,15376487
2999,15376451
3000,15345727
3001,15345704
3002,15287566
3003,15287506
3004,15287467
3005,15287431
3006,15201811
3007,15201790
3008,15201751
3009,15201729
3010,15144170
3011,15144077
3012,15144059
3013,15144028
3014,15144011
3015,15115801
3016,15115769
3017,15115751
3018,15115721
3019,15115700
3020,15087202
3021,15087173
3022,15087151
3023,15087110
3024,14886342
3025,14886318
3026,14886276
3027,14886256
3028,14886227
3029,14616780
3030,14616724
3031,14616676
3032,14616627
3033,14497098
3034,14497059
3035,14497022
3036,14496969
3037,14452030
3038,14451995
3039,14451967
3040,14451946
3041,14338485
3042,14338463
3043,14338425
3044,14338398
3045,14304948
3046,14304922
3047,14300138
3048,14300114
3049,14300090
3050,14300073
3051,14266119
3052,14266084
3053,14266064
3054,14266054
3055,14231237
3056,14231205
3057,14231154
3058,14231140
3059,14203928
3060,14203898
3061,14203252
3062,14203216
3063,14117369
3064,14117011
3065,14116977
3066,14116953
3067,14116929
3068,14085124
3069,14084997
3070,14084979
3071,14084960
3072,14084923
3073,14030722
3074,14030694
3075,14030671
3076,14030639
3077,14002045
3078,14002023
3079,14002012
3080,14001994
3081,14001962
3082,13923001
3083,13922985
3084,13922968
3085,13922943
3086,13837130
3087,13837102
3088,13837086
3089,13837067
3090,13805261
3091,13805227
3092,13805201
3093,13805183
3094,13720923
3095,13720906
3096,13720885
3097,13720867
3098,13691703
3099,13691678
3100,13691650
3101,13691632
3102,13613377
3103,13613349
3104,13613322
3105,13613293
3106,13564500
3107,13564459
3108,13564413
3109,13564374
3110,13338291
3111,13338152
3112,13338050
3113,13337934
3114,13255170
3115,13255110
3116,13255074
3117,13255039
3118,13141094
3119,13141065
3120,13141019
3121,13140991
3122,13088715
3123,13088690
3124,13088645
3125,13088556
3126,13088538
3127,13088520
3128,13058224
3129,13058189
3130,13058109
3131,13058072
3132,13030122
3133,13030105
3134,13030092
3135,13030072
3136,12915096
3137,12915080
3138,12915059
3139,12915035
3140,12891204
3141,12891179
3142,12891158
3143,12891138
3144,12891123
3145,12861841
3146,12861824
3147,12861806
3148,12861780
3149,12830068
3150,12830050
3151,12830036
3152,12830023
3153,12789821
3154,12789800
3155,12789782
3156,12789760
3157,12594166
3158,12594105
3159,12594068
3160,12594042
3161,12521831
3162,12521791
3163,12521748
3164,12521686
3165,12501873
3166,12501868
3167,12501862
3168,12501856
3169,133972
3170,133956
3171,9342
3172,133943
3173,8864
3174,126030
3175,126024
3176,126015
3177,2015
3178,21050
3179,21045
3180,1275
3181,1094
3182,1843656
3183,1843590
3184,1843513
3185,834372
3186,834133
3187,481035
3188,8712208
3189,8712167
3190,8711747
3191,8410665
3192,8410615
3193,8410536
3194,8605737
3195,8605546
3196,8261102
3197,8474088
3198,8135269
3199,8120320
3200,7696409
3201,8018908
3202,8018750
3203,7739746
3204,7739718
3205,7739577
3206,7130914
3207,7130856
3208,7425921
3209,6644769
3210,6381824
3211,6642611
3212,6218887
3213,6469501
3214,6218774
3215,63743673
3216,63742500
3217,63741237
3218,63740529
3219,59984293
3220,59983397
3221,59982199
3222,59980941
3223,59913767
3224,58157199
3225,58156316
3226,58155569
3227,58154040
3228,52236347
3229,52235357
3230,52234035
3231,52233120
3232,50210038
3233,50208609
3234,50207747
3235,50206892
3236,46383327
3237,46382106
3238,46381359
3239,46380376
3240,44471402
3241,44470406
3242,44469668
3243,44468853
3244,38553989
3245,38552789
3246,38550449
3247,38549518
3248,36352631
3249,36351451
3250,36350558
3251,36349576
3252,34504830
3253,34503697
3254,34502772
3255,34501765
3256,30511857
3257,30510965
3258,30510040
3259,22701214
3260,22700234
3261,22699213
3262,22698274
3263,20570584
3264,20562170
3265,20532158
3266,20531216
3267,18461019
3268,18460022
3269,18458884
3270,18457837
3271,16239011
3272,16237812
3273,16236380
3274,16235338
3275,10021800
3276,9987425
3277,9986466
3278,9985202
3279,7932058
3280,7930976
3281,7929611
3282,7928748
3283,5897680
3284,5896079
3285,5894301
3286,5893380
3287,3917176
3288,3916378
3289,3915412
3290,3914485
3291,1908339
3292,1905414
3293,1904096
3294,1903088
3295,121565561
3296,121564539
3297,121563506
3298,121562475
3299,119594541
3300,119593602
3301,119592572
3302,119591400
3303,117531700
3304,117530826
3305,117529529
3306,117528710
3307,115268160
3308,115266097
3309,115265027
3310,115264003
3311,113238369
3312,113237246
3313,113236022
3314,113234539
3315,453393537
3316,453393402
3317,453393313
3318,453393208
3319,453239466
3320,453239383
3321,453239302
3322,453239202
3323,453072605
3324,453072429
3325,453072331
3326,453068268
3327,452923491
3328,452923234
3329,452923129
3330,452923001
3331,452773446
3332,452773352
3333,452773222
3334,452773134
3335,452146261
3336,452146101
3337,452145973
3338,452145864
3339,451974059
3340,451973951
3341,451973819
3342,451973706
3343,451754980
3344,451754867
3345,451754773
3346,451754646
3347,451524974
3348,451524819
3349,451524674
3350,451524354
3351,450872941
3352,450872809
3353,450872696
3354,450872534
3355,450621320
3356,450621173
3357,450620869
3358,450620473
3359,450619892
3360,450336928
3361,450336743
3362,450336527
3363,450336358
3364,450007190
3365,450004451
3366,450004254
3367,450003970
3368,449623451
3369,449623276
3370,449623095
3371,3968177
3372,449047907
3373,449047726
3374,449047550
3375,449047388
3376,448851277
3377,448851181
3378,448851073
3379,448645413
3380,448645203
3381,448645069
3382,448644891
3383,448508679
3384,448508582
3385,448508511
3386,448508414
3387,448361169
3388,448361068
3389,448360976
3390,448045538
3391,448045465
3392,448045355
3393,448045272
3394,447880757
3395,447880660
3396,447880588
3397,447880496
3398,447743244
3399,447743161
3400,447743062
3401,447742993
3402,447742827
3403,447598566
3404,447598426
3405,447598344
3406,447598269
3407,447454897
3408,447454752
3409,447454659
3410,447454574
3411,447454514
3412,447019302
3413,447019203
3414,447019104
3415,447019024
3416,446827945
3417,446827785
3418,446827626
3419,446827509
3420,446592799
3421,446592614
3422,446592464
3423,446592357
3424,446409048
3425,446408940
3426,446408845
3427,445859442
3428,445859332
3429,445859199
3430,445686893
3431,445686417
3432,445686292
3433,445686192
3434,445686087
3435,445136843
3436,445136579
3437,445136199
3438,445135886
3439,444808873
3440,444808708
3441,444808572
3442,444808361
3443,442608594
3444,442608493
3445,442608400
3446,442327570
3447,442327440
3448,442327302
3449,442327227
3450,442317056
3451,442316975
3452,442189934
3453,442189833
3454,442189711
3455,442189172
3456,442189050
Total Records Reject 493 
