Total Records Added 1536 
#.,ID
0,14865421
1,2446649
2,15042129
3,15040257
4,14862180
5,14861940
6,15039264
7,538572265
8,538571572
9,538558550
10,538557597
11,538556788
12,2444248
13,15031677
14,15031564
15,15031446
16,15025624
17,15025410
18,14847699
19,15024799
20,15024327
21,14843551
22,15020737
23,14842852
24,15018744
25,2441240
26,2441211
27,14840944
28,15013072
29,15012977
30,15012842
31,15012835
32,2439785
33,14835322
34,538470036
35,538468678
36,15010985
37,538468011
38,538458411
39,538458027
40,538457475
41,538456773
42,14826473
43,15003529
44,15003376
45,15003229
46,538413627
47,538412778
48,538412077
49,538411207
50,14817676
51,14817467
52,14817337
53,14994039
54,14816484
55,14816350
56,14993166
57,14993031
58,14816189
59,14992923
60,14992758
61,538397828
62,2435145
63,538396907
64,538395817
65,538395805
66,538395349
67,538394853
68,538394211
69,14986441
70,14809450
71,14986029
72,14809169
73,14985827
74,14808989
75,14985615
76,14985445
77,14808485
78,14808343
79,14808076
80,14807285
81,14807045
82,14978606
83,14978481
84,538331736
85,538330600
86,538329901
87,14797826
88,2430843
89,14973694
90,14797419
91,538326092
92,538325597
93,538325087
94,538323296
95,538322847
96,538322424
97,538322046
98,538321984
99,14795728
100,2430368
101,14971478
102,14971316
103,538317435
104,14970261
105,538315963
106,538314462
107,538313803
108,538313043
109,14791749
110,14966492
111,14966399
112,14966286
113,14790336
114,538293865
115,14788456
116,538293218
117,538292728
118,14964058
119,14963895
120,14963505
121,538285829
122,538285373
123,538284841
124,538284179
125,14955883
126,14955781
127,14955552
128,14955400
129,538256808
130,538256414
131,538255868
132,538249820
133,538249040
134,538248229
135,538247178
136,14950476
137,14950356
138,14774485
139,14774366
140,538238002
141,538237575
142,538237019
143,538236407
144,538231010
145,538230490
146,538230043
147,538228922
148,14770152
149,14770064
150,14945567
151,2424422
152,14769281
153,14769172
154,14944711
155,14769021
156,14769018
157,14768864
158,14768735
159,14768340
160,538196386
161,538195763
162,538195129
163,538192421
164,14759779
165,14759665
166,14934576
167,14934460
168,538170209
169,538169552
170,538169010
171,538168437
172,538144398
173,538143714
174,538142924
175,538141994
176,538079091
177,538078664
178,538078244
179,538077857
180,537720206
181,537719735
182,537719326
183,537718979
184,14799679
185,14575276
186,14400585
187,536958374
188,14573774
189,536957294
190,536957146
191,536956900
192,536956525
193,536956122
194,536956113
195,14572570
196,14398977
197,14572319
198,536947345
199,536947260
200,536945746
201,14397389
202,536945061
203,14397030
204,14570329
205,14396764
206,2332321
207,14568997
208,14568436
209,14950578
210,538230043
211,14394846
212,14564464
213,14564319
214,14564183
215,2331120
216,14388131
217,14388029
218,14561394
219,14387836
220,2329418
221,14383568
222,14556774
223,14556643
224,14383212
225,14556423
226,14383002
227,14382902
228,14382821
229,14556077
230,2329180
231,14555850
232,14382452
233,537719326
234,14381105
235,14552725
236,536947345
237,2327644
238,14549479
239,14376207
240,14548846
241,14375509
242,14375148
243,2327273
244,14374110
245,14547157
246,14373884
247,14373740
248,14546635
249,14546487
250,14546294
251,536847871
252,536846184
253,536845324
254,14540392
255,14367024
256,14540039
257,2325303
258,536823395
259,536822973
260,536822143
261,14555850
262,536821565
263,2325038
264,2325009
265,14365288
266,14365246
267,14538221
268,2324935
269,536820080
270,14365017
271,536814687
272,536814073
273,536813545
274,14363035
275,536812225
276,536811693
277,14362793
278,536811435
279,14362738
280,14362640
281,14362616
282,536810707
283,536810412
284,14535289
285,536809779
286,14535210
287,14535195
288,536809701
289,14362205
290,536809129
291,14534998
292,14534990
293,536808906
294,14362057
295,14534863
296,14534713
297,14361838
298,14534692
299,14534548
300,14534129
301,536805534
302,14361125
303,536805001
304,536804452
305,536803634
306,536803078
307,536802624
308,536802135
309,536801177
310,14359854
311,14532701
312,536800725
313,14532617
314,14532539
315,536800071
316,536799368
317,536799195
318,536798486
319,536797955
320,536797409
321,536793929
322,536793545
323,536793271
324,536793128
325,536792750
326,536792740
327,536792294
328,536791783
329,14356760
330,14356644
331,14356539
332,536786223
333,536785747
334,14352965
335,14525310
336,14352656
337,14352544
338,14524334
339,14351794
340,536761000
341,536759562
342,536758269
343,536756024
344,536752526
345,536752106
346,536751425
347,536748218
348,536747605
349,14517629
350,14345088
351,536747137
352,14345005
353,536746535
354,14517354
355,536739457
356,536738796
357,536738758
358,536738622
359,536738353
360,536738171
361,536738027
362,536737981
363,536737689
364,536737580
365,536737420
366,536737012
367,536736758
368,536736658
369,536735912
370,14339739
371,14511671
372,14339279
373,14339125
374,536703823
375,536703137
376,536702489
377,536701614
378,14499081
379,2315967
380,14327219
381,14498696
382,14494863
383,14494762
384,14494622
385,14494472
386,536659615
387,536659023
388,536658258
389,536657568
390,2314201
391,14491100
392,14490965
393,14490816
394,14481924
395,14310828
396,14247568
397,14247484
398,14247374
399,14247276
400,535903731
401,535902348
402,535901415
403,535900502
404,535899111
405,2232226
406,535514647
407,535513972
408,535513295
409,535512169
410,535455518
411,535455117
412,535454727
413,535454324
414,535432140
415,535431276
416,14124524
417,13955230
418,14123759
419,14123433
420,14107484
421,14107362
422,2219286
423,13938760
424,535367686
425,13938255
426,535359166
427,535358761
428,535358125
429,535357578
430,14104065
431,14103749
432,535345879
433,535340217
434,535339003
435,13929527
436,14097136
437,13928950
438,14096792
439,535332391
440,535331787
441,535330934
442,535330163
443,13926949
444,535326361
445,14094683
446,13926509
447,535325517
448,13926314
449,535324818
450,535324246
451,535319453
452,535318579
453,535317780
454,535316885
455,14091295
456,535313920
457,535313156
458,535312521
459,535311564
460,535310226
461,535309731
462,535309272
463,535308708
464,13921714
465,14088757
466,14088569
467,14088333
468,14087944
469,13919012
470,13918715
471,14085786
472,13917970
473,13917810
474,13917664
475,13917525
476,14084701
477,2214067
478,13916961
479,13916956
480,14084181
481,2213995
482,13916572
483,13916304
484,14082975
485,14082575
486,13914888
487,13914707
488,14082121
489,2213497
490,13914493
491,14081692
492,14081533
493,535278681
494,535278231
495,535278228
496,535277778
497,535277653
498,535277638
499,535277002
500,14079549
501,2212861
502,535275291
503,14079141
504,535273972
505,13911345
506,13909706
507,14076705
508,14076601
509,2212220
510,13909379
511,14076411
512,2212131
513,535265286
514,13909047
515,535264703
516,535264015
517,535263333
518,535259152
519,2211701
520,535258462
521,13907197
522,535257676
523,535256861
524,535256743
525,535256025
526,535255628
527,535254342
528,535253629
529,13905022
530,14071674
531,13901168
532,14067576
533,13900869
534,13900733
535,14065256
536,14065146
537,14065074
538,2209668
539,2209648
540,13898337
541,2209051
542,13895839
543,14061945
544,14061819
545,13895630
546,13895517
547,13895320
548,13895230
549,14059480
550,14059383
551,2208397
552,2208370
553,535207754
554,535207381
555,535206947
556,535206177
557,535190954
558,535190424
559,14053818
560,13887999
561,535176156
562,535175684
563,535175232
564,535174681
565,535159735
566,535159241
567,535158658
568,535158033
569,535134325
570,535132955
571,535131332
572,535128857
573,535127757
574,535126502
575,535124577
576,535123295
577,13868971
578,14033286
579,14033034
580,14032918
581,535090337
582,535089386
583,535088896
584,535088450
585,14025604
586,14025396
587,14010762
588,13847410
589,14010398
590,14010082
591,534896351
592,534895619
593,534894688
594,534894032
595,13728027
596,13563822
597,2126509
598,13561902
599,13561590
600,13725521
601,534127456
602,13561331
603,13561303
604,534126789
605,534125734
606,2126153
607,534124513
608,13540828
609,13704704
610,13690952
611,13690709
612,13682955
613,13519025
614,2116239
615,2116188
616,533834231
617,533833658
618,533833011
619,533832165
620,533815912
621,533815117
622,533814524
623,13648926
624,533813961
625,13648786
626,13485582
627,13485381
628,13479924
629,13642642
630,533783900
631,533783398
632,533782114
633,13640412
634,533781495
635,13477442
636,13477264
637,13477101
638,13474388
639,13474234
640,13473440
641,533762377
642,13635282
643,13635188
644,2105351
645,13472189
646,533760840
647,533760016
648,533758932
649,533754385
650,533753477
651,533744708
652,533744331
653,533743973
654,533743540
655,2104252
656,13630084
657,13467046
658,13466719
659,2104004
660,13628876
661,13465378
662,13465262
663,13627560
664,533733252
665,2103644
666,533732748
667,533731103
668,533730726
669,533730338
670,533729961
671,533724835
672,13623272
673,13460881
674,533701966
675,533701741
676,533701178
677,533700885
678,13456504
679,533700101
680,2101646
681,533699693
682,13456217
683,533699014
684,13456116
685,533698600
686,533697496
687,13615771
688,533689356
689,533689117
690,13453598
691,533688803
692,13615192
693,533688278
694,13614949
695,533687024
696,13614555
697,13452669
698,13614296
699,533684760
700,13452398
701,13451109
702,13450968
703,13450867
704,13450657
705,13611359
706,13449486
707,13449348
708,13610876
709,2099682
710,13448072
711,13447971
712,13447860
713,2099240
714,13608050
715,13607930
716,2099157
717,13443347
718,2098460
719,13604500
720,13604418
721,533643920
722,533642943
723,533642434
724,533641914
725,533619995
726,533619499
727,533618985
728,533618416
729,533611766
730,533611306
731,533610495
732,533609947
733,533586752
734,533585610
735,13426874
736,13587383
737,13426674
738,533583696
739,2094516
740,533579014
741,533574037
742,533573559
743,13584422
744,2093850
745,13583457
746,13583367
747,13583303
748,2093605
749,13412913
750,13412666
751,13412560
752,13412410
753,13572119
754,13571994
755,2091011
756,13571731
757,533492557
758,533491630
759,533490971
760,533490185
761,533411614
762,533411076
763,533410334
764,533409768
765,533322349
766,533321866
767,533321300
768,533320591
769,13323496
770,13323410
771,13323344
772,13477855
773,531138215
774,531137265
775,531136507
776,531135589
777,530273560
778,12484183
779,12483949
780,12388751
781,12219567
782,12387976
783,12387796
784,12387629
785,529530376
786,529529658
787,529528964
788,529527700
789,12349835
790,12349674
791,12182024
792,12181826
793,12348813
794,12181118
795,12348307
796,12348125
797,12347909
798,12347710
799,12180261
800,12347493
801,12175922
802,12175690
803,12342815
804,12175366
805,12339888
806,12172561
807,12172444
808,12172160
809,12337594
810,12170221
811,12169907
812,12158678
813,12325223
814,12325141
815,12158428
816,12156511
817,12321382
818,12320471
819,529317939
820,529317360
821,1907856
822,529316865
823,529316242
824,529264551
825,529264079
826,529263530
827,529263019
828,529260280
829,529259447
830,529258672
831,12138994
832,12303156
833,12137716
834,12302842
835,12302721
836,12136640
837,12301620
838,529245989
839,529245196
840,529243564
841,529243078
842,529242475
843,529241760
844,529232416
845,529231663
846,529231055
847,1904864
848,529230048
849,12132598
850,12132351
851,12296859
852,529208574
853,529207678
854,529205994
855,529204759
856,529194360
857,529193824
858,12123554
859,12120266
860,12120000
861,12283739
862,12283389
863,12118645
864,529173995
865,529173255
866,529172655
867,529172459
868,12118180
869,12118162
870,529171997
871,529171976
872,12118008
873,529171191
874,529170667
875,12281647
876,12281498
877,12281485
878,12281210
879,12117270
880,12116772
881,12280540
882,12116199
883,12116047
884,12279839
885,12278833
886,529159353
887,12114744
888,529158625
889,529157835
890,529156791
891,12277112
892,12276985
893,1901468
894,12272219
895,12108586
896,12271913
897,12271904
898,12271770
899,12108040
900,12107907
901,529092682
902,12260262
903,529091360
904,12259862
905,12259614
906,12096728
907,12096518
908,1899715
909,12258719
910,12258578
911,529085108
912,12255598
913,12255466
914,12092988
915,12254963
916,529066135
917,529065488
918,529064780
919,529063650
920,12250123
921,12087425
922,12086868
923,12083788
924,12245433
925,12083374
926,12244944
927,529028269
928,529027724
929,529027192
930,529026567
931,529005912
932,529004041
933,529002461
934,528997283
935,528994121
936,528993569
937,528992915
938,528989374
939,528987552
940,528987024
941,528986558
942,528985852
943,528982392
944,528981634
945,528981154
946,528980614
947,12066043
948,1895485
949,12226347
950,12065529
951,12065512
952,1895398
953,12225616
954,12225391
955,12221986
956,1894870
957,1894856
958,1894846
959,528932373
960,528931593
961,528931039
962,528930347
963,528929354
964,12051428
965,12051254
966,12210434
967,12050828
968,12049496
969,12049181
970,12049097
971,12208336
972,528875212
973,528684466
974,528683736
975,528683211
976,528682622
977,11872896
978,11721694
979,11843574
980,11693547
981,527638942
982,527638750
983,11692023
984,527637827
985,11681446
986,11681276
987,11681148
988,11830136
989,527585860
990,527585143
991,11678699
992,11827679
993,11826934
994,11826836
995,527577752
996,11677643
997,11677634
998,11826588
999,11677504
1000,11677235
1001,11676905
1002,527573159
1003,1840195
1004,11824478
1005,11675233
1006,11823881
1007,11674860
1008,1839968
1009,11674334
1010,11674119
1011,11822886
1012,11822824
1013,11822807
1014,11822761
1015,11822642
1016,11673793
1017,11673721
1018,11673508
1019,11822151
1020,11821283
1021,527554947
1022,527554552
1023,527554177
1024,527553685
1025,11818837
1026,11818539
1027,527542958
1028,527540965
1029,527540600
1030,527540263
1031,11668555
1032,11814844
1033,11666231
1034,527524495
1035,527523503
1036,527513662
1037,527513192
1038,11810127
1039,527512771
1040,527512342
1041,527512316
1042,11661207
1043,11661019
1044,11809140
1045,11660668
1046,11806687
1047,11658236
1048,11657194
1049,11657064
1050,11656950
1051,11656767
1052,527492067
1053,527490269
1054,527489167
1055,527487989
1056,527482502
1057,527481256
1058,527480749
1059,527480228
1060,11651816
1061,527473090
1062,11650575
1063,527468734
1064,527461004
1065,527460180
1066,11796195
1067,527459756
1068,527459627
1069,527459577
1070,11648158
1071,527459065
1072,11648037
1073,527458714
1074,527458583
1075,527458401
1076,527457988
1077,527457795
1078,527457477
1079,527457094
1080,527456962
1081,527456861
1082,527456698
1083,527456285
1084,527455801
1085,11645760
1086,11793138
1087,11645243
1088,11788400
1089,11788210
1090,11639884
1091,1835259
1092,11638496
1093,527422263
1094,527421318
1095,11785364
1096,527418502
1097,527417948
1098,11637041
1099,11783579
1100,11783413
1101,11635619
1102,11783098
1103,527407126
1104,527401500
1105,527400654
1106,527400620
1107,527400041
1108,527398689
1109,527397568
1110,527396923
1111,11777531
1112,11629976
1113,11777135
1114,11776941
1115,527380067
1116,527379544
1117,527379044
1118,527378476
1119,11622262
1120,11769296
1121,1832866
1122,11768906
1123,527359248
1124,527356040
1125,527353970
1126,527352911
1127,527352294
1128,527351909
1129,527351511
1130,527350538
1131,11759601
1132,11612699
1133,11759080
1134,11612262
1135,11758528
1136,11611617
1137,11611534
1138,11757897
1139,11611317
1140,11756228
1141,11755969
1142,11608351
1143,11754516
1144,11607812
1145,11607722
1146,11607642
1147,11607530
1148,11607448
1149,1830566
1150,11604675
1151,11750683
1152,11604343
1153,11593643
1154,11593399
1155,11592958
1156,11738154
1157,11590691
1158,11735773
1159,11735438
1160,11590113
1161,527193770
1162,527190750
1163,527188584
1164,527187452
1165,527186010
1166,11718360
1167,11574148
1168,11717932
1169,11717560
1170,526085715
1171,526084888
1172,526082084
1173,526081599
1174,526075123
1175,526074787
1176,1779203
1177,526074071
1178,526073470
1179,526072915
1180,526072844
1181,526072490
1182,526072247
1183,526069467
1184,526069041
1185,526057468
1186,526053819
1187,526052829
1188,526051876
1189,1778344
1190,11235509
1191,11366404
1192,11366235
1193,11229943
1194,11365890
1195,11227985
1196,11363842
1197,11227853
1198,11363748
1199,11363595
1200,11227581
1201,11363241
1202,11362883
1203,526012617
1204,526011808
1205,526011154
1206,526010619
1207,526001183
1208,11358320
1209,11358186
1210,11222640
1211,11357945
1212,11353309
1213,11353163
1214,525972954
1215,525971682
1216,525970428
1217,525969612
1218,11215274
1219,11215055
1220,11349869
1221,11214586
1222,11349502
1223,11214381
1224,11349203
1225,11349032
1226,525947587
1227,525947169
1228,525946552
1229,11208381
1230,525936817
1231,525936396
1232,1774453
1233,11200752
1234,11200590
1235,11333784
1236,11197023
1237,525892411
1238,525891085
1239,525890206
1240,525888976
1241,11327516
1242,11194697
1243,11194551
1244,11326945
1245,11193935
1246,11326316
1247,11326100
1248,11193344
1249,525872290
1250,525871645
1251,525870745
1252,525869811
1253,525869257
1254,525868736
1255,525867281
1256,525865379
1257,525863218
1258,525862350
1259,525858897
1260,525858440
1261,525858083
1262,525857399
1263,11186750
1264,11186559
1265,11186547
1266,11186420
1267,11318370
1268,11318289
1269,11186076
1270,11185999
1271,11185787
1272,525842209
1273,525841615
1274,11182961
1275,525841290
1276,525841050
1277,525840413
1278,525840014
1279,11182590
1280,525840005
1281,525839880
1282,525839456
1283,525839159
1284,525838872
1285,525836082
1286,525835655
1287,525835441
1288,525834972
1289,11181079
1290,11180942
1291,525829529
1292,525829025
1293,11311204
1294,525828626
1295,11311045
1296,525828218
1297,11310954
1298,11310864
1299,525819931
1300,525819523
1301,525818970
1302,525818750
1303,525818434
1304,525817702
1305,525817605
1306,525817360
1307,525816857
1308,525816584
1309,11175768
1310,11306620
1311,11306146
1312,11174839
1313,525789662
1314,525789107
1315,525788421
1316,525787658
1317,525744356
1318,525743754
1319,525743092
1320,525742343
1321,525735528
1322,525734991
1323,525734323
1324,525733359
1325,525732783
1326,11277119
1327,11276814
1328,11276512
1329,11147595
1330,11143617
1331,11143495
1332,11143319
1333,11271364
1334,11142933
1335,11271061
1336,11270592
1337,11142387
1338,11142298
1339,1765780
1340,11270226
1341,11270180
1342,11270016
1343,525657414
1344,525656851
1345,11254201
1346,525621418
1347,11127070
1348,11126557
1349,11253086
1350,525540467
1351,525539939
1352,525539471
1353,525538713
1354,525286508
1355,525285903
1356,525284744
1357,525282634
1358,524784837
1359,524783815
1360,524782839
1361,524781464
1362,10975263
1363,1725652
1364,10974512
1365,10974285
1366,10843763
1367,10957893
1368,10841879
1369,10955995
1370,10948421
1371,10948041
1372,10832750
1373,10947581
1374,10832318
1375,10947337
1376,524681631
1377,10832093
1378,10946747
1379,10830298
1380,10830147
1381,10829973
1382,10944718
1383,10941115
1384,10940403
1385,10824031
1386,10823742
1387,10920231
1388,10806660
1389,10919889
1390,10806313
1391,10917893
1392,10804148
1393,1717901
1394,10803540
1395,10907576
1396,524533340
1397,524532605
1398,10905437
1399,1716391
1400,10904802
1401,10904614
1402,524528358
1403,1715912
1404,10901010
1405,10900811
1406,10900452
1407,524510603
1408,524506494
1409,10785460
1410,10897130
1411,524493854
1412,524493240
1413,524492384
1414,524491759
1415,524490829
1416,524489688
1417,524488535
1418,524482112
1419,524481632
1420,524481045
1421,524480366
1422,10891655
1423,1714674
1424,524359022
1425,524358475
1426,524357358
1427,10745714
1428,10853392
1429,10745408
1430,10745228
1431,524325683
1432,524310634
1433,524310164
1434,524309787
1435,524309369
1436,10842516
1437,1708546
1438,10841885
1439,524286532
1440,10730374
1441,10729521
1442,10836131
1443,1707755
1444,10835762
1445,10834550
1446,10834355
1447,10834163
1448,10834022
1449,524254745
1450,524253397
1451,10830114
1452,10829864
1453,524252397
1454,10829632
1455,1706808
1456,10828844
1457,10722268
1458,10828481
1459,10828080
1460,10721604
1461,10721568
1462,10721442
1463,1706640
1464,10827542
1465,10721075
1466,10827168
1467,524230872
1468,524229662
1469,524225462
1470,524224656
1471,10715376
1472,10821226
1473,10715028
1474,10714901
1475,524219504
1476,524218906
1477,524218323
1478,524218271
1479,524217663
1480,524216295
1481,524215479
1482,524197357
1483,524196849
1484,524196222
1485,524195727
1486,10808858
1487,10703361
1488,524178611
1489,524177973
1490,10703054
1491,10808173
1492,524175157
1493,524174354
1494,524174328
1495,524173558
1496,524172709
1497,524172060
1498,524170413
1499,10700362
1500,10697924
1501,10696652
1502,10801423
1503,10801215
1504,10801078
1505,524133806
1506,524132138
1507,524132080
1508,524131380
1509,524130673
1510,524129823
1511,524128154
1512,524127436
1513,524090472
1514,524088853
1515,524087011
1516,524085857
1517,10666212
1518,10769396
1519,10769239
1520,10665770
1521,10767206
1522,524029698
1523,10663574
1524,10663490
1525,524005284
1526,524003990
1527,523869076
1528,523866737
1529,523866092
1530,523865041
1531,523864453
1532,523863718
1533,523526469
1534,523526098
1535,523525662
Total Records Reject 467 
