Total Records Added 1363 
#.,ID
0,538079091
1,538078664
2,538078244
3,538077857
4,537720206
5,537719735
6,537719326
7,537718979
8,14799679
9,14575276
10,14400585
11,536958374
12,14573774
13,536957294
14,536957146
15,536956900
16,536956525
17,536956122
18,536956113
19,14572570
20,14398977
21,14572319
22,536947345
23,536947260
24,536945746
25,14397389
26,536945061
27,14397030
28,14570329
29,14396764
30,2332321
31,14568997
32,14568436
33,14394846
34,14564464
35,14564319
36,14564183
37,2331120
38,14388131
39,14388029
40,14561394
41,14387836
42,2329418
43,14383568
44,14556774
45,14556643
46,14383212
47,14556423
48,14383002
49,14382902
50,14382821
51,14556077
52,2329180
53,14555850
54,14382452
55,14381105
56,14552725
57,2327644
58,14549479
59,14376207
60,14548846
61,14375509
62,14375148
63,2327273
64,14374110
65,14547157
66,14373884
67,14373740
68,14546635
69,14546487
70,14546294
71,536847871
72,536846184
73,536845324
74,14540392
75,14367024
76,14540039
77,2325303
78,536823395
79,536822973
80,536822143
81,536821565
82,2325038
83,2325009
84,14365288
85,14365246
86,14538221
87,2324935
88,536820080
89,14365017
90,536814687
91,536814073
92,536813545
93,14363035
94,536812225
95,536811693
96,14362793
97,536811435
98,14362738
99,14362640
100,14362616
101,536810707
102,536810412
103,14535289
104,536809779
105,14535210
106,14535195
107,536809701
108,14362205
109,536809129
110,14534998
111,14534990
112,536808906
113,14362057
114,14534863
115,14534713
116,14361838
117,14534692
118,14534548
119,14534129
120,536805534
121,14361125
122,536805001
123,536804452
124,536803634
125,536803078
126,536802624
127,536802135
128,536801177
129,14359854
130,14532701
131,536800725
132,14532617
133,14532539
134,536800071
135,536799368
136,536799195
137,536798486
138,536797955
139,536797409
140,536793929
141,536793545
142,536793271
143,536793128
144,536792750
145,536792740
146,536792294
147,536791783
148,14356760
149,14356644
150,14356539
151,536786223
152,536785747
153,14352965
154,14525310
155,14352656
156,14352544
157,14524334
158,14351794
159,536761000
160,536759562
161,536758269
162,536756024
163,536752526
164,536752106
165,536751425
166,536748218
167,536747605
168,14517629
169,14345088
170,536747137
171,14345005
172,536746535
173,14517354
174,536739457
175,536738796
176,536738758
177,536738622
178,536738353
179,536738171
180,536738027
181,536737981
182,536737689
183,536737580
184,536737420
185,536737012
186,536736758
187,536736658
188,536735912
189,14339739
190,14511671
191,14339279
192,14339125
193,536703823
194,536703137
195,536702489
196,536701614
197,14499081
198,2315967
199,14327219
200,14498696
201,14494863
202,14494762
203,14494622
204,14494472
205,536659615
206,536659023
207,536802624
208,14359854
209,536658258
210,536657568
211,2314201
212,14491100
213,14490965
214,14490816
215,14481924
216,14310828
217,14247568
218,14247484
219,14247374
220,14247276
221,535903731
222,535902348
223,535901415
224,535900502
225,535899111
226,2232226
227,535514647
228,535513972
229,535513295
230,535512169
231,535455518
232,535455117
233,535454727
234,535454324
235,535432140
236,535431276
237,14124524
238,13955230
239,14123759
240,14123433
241,14107484
242,14107362
243,2219286
244,13938760
245,535367686
246,13938255
247,535359166
248,535358761
249,535358125
250,535357578
251,14104065
252,14103749
253,535345879
254,535340217
255,535339003
256,13929527
257,14097136
258,13928950
259,14096792
260,535332391
261,535331787
262,535330934
263,535330163
264,13926949
265,535326361
266,14094683
267,13926509
268,535325517
269,13926314
270,535324818
271,535324246
272,535319453
273,535318579
274,535317780
275,535316885
276,14091295
277,535313920
278,535313156
279,535312521
280,535311564
281,535310226
282,535309731
283,535309272
284,535308708
285,13921714
286,14088757
287,14088569
288,14088333
289,14087944
290,13919012
291,13918715
292,14085786
293,13917970
294,13917810
295,13917664
296,13917525
297,14084701
298,2214067
299,13916961
300,13916956
301,14084181
302,2213995
303,13916572
304,13916304
305,14082975
306,14082575
307,13914888
308,13914707
309,14082121
310,2213497
311,13914493
312,14081692
313,14081533
314,535278681
315,535278231
316,535278228
317,535277778
318,535277653
319,535277638
320,535277002
321,14079549
322,2212861
323,535275291
324,14079141
325,535273972
326,13911345
327,13909706
328,14076705
329,14076601
330,2212220
331,13909379
332,14076411
333,2212131
334,535265286
335,13909047
336,535264703
337,535264015
338,535263333
339,535259152
340,2211701
341,535258462
342,13907197
343,535257676
344,535256861
345,535256743
346,535256025
347,535255628
348,535254342
349,535253629
350,13905022
351,14071674
352,13901168
353,14067576
354,13900869
355,13900733
356,14065256
357,14065146
358,14065074
359,2209668
360,2209648
361,13898337
362,2209051
363,13895839
364,14061945
365,14061819
366,13895630
367,13895517
368,13895320
369,13895230
370,14059480
371,14059383
372,2208397
373,2208370
374,535207754
375,535207381
376,535206947
377,535206177
378,535190954
379,535190424
380,14053818
381,13887999
382,535176156
383,535175684
384,535175232
385,535174681
386,535159735
387,535159241
388,535158658
389,535158033
390,535134325
391,535132955
392,535131332
393,535128857
394,535127757
395,535126502
396,535124577
397,535123295
398,13868971
399,14033286
400,14033034
401,14032918
402,535090337
403,535089386
404,535088896
405,535088450
406,14025604
407,14025396
408,14010762
409,13847410
410,14010398
411,14010082
412,534896351
413,534895619
414,534894688
415,534894032
416,13728027
417,13563822
418,2126509
419,13561902
420,13561590
421,13725521
422,534127456
423,13561331
424,13561303
425,534126789
426,534125734
427,2126153
428,534124513
429,13540828
430,13704704
431,13690952
432,13690709
433,13682955
434,13519025
435,2116239
436,2116188
437,533834231
438,533833658
439,533833011
440,533832165
441,533815912
442,533815117
443,533814524
444,13648926
445,533813961
446,13648786
447,13485582
448,13485381
449,13479924
450,13642642
451,533783900
452,533783398
453,533782114
454,13640412
455,533781495
456,13477442
457,13477264
458,13477101
459,13474388
460,13474234
461,13473440
462,533762377
463,13635282
464,13635188
465,2105351
466,13472189
467,533760840
468,533760016
469,533758932
470,533754385
471,533753477
472,533744708
473,533744331
474,533743973
475,533743540
476,2104252
477,13630084
478,13467046
479,13466719
480,2104004
481,13628876
482,13465378
483,13465262
484,13627560
485,533733252
486,2103644
487,533732748
488,533731103
489,533730726
490,533730338
491,533729961
492,533724835
493,13623272
494,13460881
495,533701966
496,533701741
497,533701178
498,533700885
499,13456504
500,533700101
501,2101646
502,533699693
503,13456217
504,533699014
505,13456116
506,533698600
507,533697496
508,13615771
509,533689356
510,533689117
511,13453598
512,533688803
513,13615192
514,533688278
515,13614949
516,533687024
517,13614555
518,13452669
519,13614296
520,533684760
521,13452398
522,13451109
523,13450968
524,13450867
525,13450657
526,13611359
527,13449486
528,13449348
529,13610876
530,2099682
531,13448072
532,13447971
533,13447860
534,2099240
535,13608050
536,13607930
537,2099157
538,13443347
539,2098460
540,13604500
541,13604418
542,533643920
543,533642943
544,533642434
545,533641914
546,533619995
547,533619499
548,533618985
549,533618416
550,533611766
551,533611306
552,533610495
553,533609947
554,533586752
555,533585610
556,13426874
557,13587383
558,13426674
559,533583696
560,2094516
561,533579014
562,533574037
563,533573559
564,13584422
565,2093850
566,13583457
567,13583367
568,13583303
569,2093605
570,13412913
571,13412666
572,13412560
573,13412410
574,13572119
575,13571994
576,2091011
577,13571731
578,533492557
579,533491630
580,533490971
581,533490185
582,533411614
583,533411076
584,533410334
585,533409768
586,533322349
587,533321866
588,533321300
589,533320591
590,13323496
591,13323410
592,13323344
593,13477855
594,531138215
595,531137265
596,531136507
597,531135589
598,530273560
599,12484183
600,12483949
601,12388751
602,12219567
603,12387976
604,12387796
605,12387629
606,529530376
607,529529658
608,529528964
609,529527700
610,12349835
611,12349674
612,12182024
613,12181826
614,12348813
615,12181118
616,12348307
617,12348125
618,12347909
619,12347710
620,12180261
621,12347493
622,12175922
623,12175690
624,12342815
625,12175366
626,12339888
627,12172561
628,12172444
629,12172160
630,12337594
631,12170221
632,12169907
633,12158678
634,12325223
635,12325141
636,12158428
637,12156511
638,12321382
639,12320471
640,529317939
641,529317360
642,1907856
643,529316865
644,529316242
645,529264551
646,529264079
647,529263530
648,529263019
649,529260280
650,529259447
651,529258672
652,12138994
653,12303156
654,12137716
655,12302842
656,12302721
657,12136640
658,12301620
659,529245989
660,529245196
661,529243564
662,529243078
663,529242475
664,529241760
665,529232416
666,529231663
667,529231055
668,1904864
669,529230048
670,12132598
671,12132351
672,12296859
673,529208574
674,529207678
675,529205994
676,529204759
677,529194360
678,529193824
679,12123554
680,12120266
681,12120000
682,12283739
683,12283389
684,12118645
685,529173995
686,529173255
687,529172655
688,529172459
689,12118180
690,12118162
691,529171997
692,529171976
693,12118008
694,529171191
695,529170667
696,12281647
697,12281498
698,12281485
699,12281210
700,12117270
701,12116772
702,12280540
703,12116199
704,12116047
705,12279839
706,12278833
707,529159353
708,12114744
709,529158625
710,529157835
711,529156791
712,12277112
713,12276985
714,1901468
715,12272219
716,12108586
717,12271913
718,12271904
719,12271770
720,12108040
721,12107907
722,529092682
723,12260262
724,529091360
725,12259862
726,12259614
727,12096728
728,12096518
729,1899715
730,12258719
731,12258578
732,529085108
733,12255598
734,12255466
735,12092988
736,12254963
737,529066135
738,529065488
739,529064780
740,529063650
741,12250123
742,12087425
743,12086868
744,12083788
745,12245433
746,12083374
747,12244944
748,529028269
749,529027724
750,529027192
751,529026567
752,529005912
753,529004041
754,529002461
755,528997283
756,528994121
757,528993569
758,528992915
759,528989374
760,528987552
761,528987024
762,528986558
763,528985852
764,528982392
765,528981634
766,528981154
767,528980614
768,12066043
769,1895485
770,12226347
771,12065529
772,12065512
773,1895398
774,12225616
775,12225391
776,12221986
777,1894870
778,1894856
779,1894846
780,528932373
781,528931593
782,528931039
783,528930347
784,528929354
785,12051428
786,12051254
787,12210434
788,12050828
789,12049496
790,12049181
791,12049097
792,12208336
793,528875212
794,528684466
795,528683736
796,528683211
797,528682622
798,11872896
799,11721694
800,11843574
801,11693547
802,527638942
803,527638750
804,11692023
805,527637827
806,11681446
807,11681276
808,11681148
809,11830136
810,527585860
811,527585143
812,11678699
813,11827679
814,11826934
815,11826836
816,527577752
817,11677643
818,11677634
819,11826588
820,11677504
821,11677235
822,11676905
823,527573159
824,1840195
825,11824478
826,11675233
827,11823881
828,11674860
829,1839968
830,11674334
831,11674119
832,11822886
833,11822824
834,11822807
835,11822761
836,11822642
837,11673793
838,11673721
839,11673508
840,11822151
841,11821283
842,527554947
843,527554552
844,527554177
845,527553685
846,11818837
847,11818539
848,527542958
849,527540965
850,527540600
851,527540263
852,11668555
853,11814844
854,11666231
855,527524495
856,527523503
857,527513662
858,527513192
859,11810127
860,527512771
861,527512342
862,527512316
863,11661207
864,11661019
865,11809140
866,11660668
867,11806687
868,11658236
869,11657194
870,11657064
871,11656950
872,11656767
873,527492067
874,527490269
875,527489167
876,527487989
877,527482502
878,527481256
879,527480749
880,527480228
881,11651816
882,527473090
883,11650575
884,527468734
885,527461004
886,527460180
887,11796195
888,527459756
889,527459627
890,527459577
891,11648158
892,527459065
893,11648037
894,527458714
895,527458583
896,527458401
897,527457988
898,527457795
899,527457477
900,527457094
901,527456962
902,527456861
903,527456698
904,527456285
905,527455801
906,11645760
907,11793138
908,11645243
909,11788400
910,11788210
911,11639884
912,1835259
913,11638496
914,527422263
915,527421318
916,11785364
917,527418502
918,527417948
919,11637041
920,11783579
921,11783413
922,11635619
923,11783098
924,527407126
925,527401500
926,527400654
927,527400620
928,527400041
929,527398689
930,527397568
931,527396923
932,11777531
933,11629976
934,11777135
935,11776941
936,527380067
937,527379544
938,527379044
939,527378476
940,11622262
941,11769296
942,1832866
943,11768906
944,527359248
945,527356040
946,527353970
947,527352911
948,527352294
949,527351909
950,527351511
951,527350538
952,11759601
953,11612699
954,11759080
955,11612262
956,11758528
957,11611617
958,11611534
959,11757897
960,11611317
961,11756228
962,11755969
963,11608351
964,11754516
965,11607812
966,11607722
967,11607642
968,11607530
969,11607448
970,1830566
971,11604675
972,11750683
973,11604343
974,11593643
975,11593399
976,11592958
977,11738154
978,11590691
979,11735773
980,11735438
981,11590113
982,527193770
983,527190750
984,527188584
985,527187452
986,527186010
987,11718360
988,11574148
989,529205994
990,11611534
991,11757897
992,11717932
993,14525310
994,14499081
995,535454727
996,11717560
997,526085715
998,526084888
999,526082084
1000,526081599
1001,526075123
1002,526074787
1003,1779203
1004,526074071
1005,526073470
1006,526072915
1007,526072844
1008,526072490
1009,526072247
1010,526069467
1011,526069041
1012,526057468
1013,526053819
1014,526052829
1015,526051876
1016,1778344
1017,11235509
1018,11366404
1019,11366235
1020,11229943
1021,11365890
1022,11227985
1023,11363842
1024,11227853
1025,11363748
1026,11363595
1027,11227581
1028,11363241
1029,11362883
1030,526012617
1031,526011808
1032,526011154
1033,526010619
1034,526001183
1035,11358320
1036,11358186
1037,11222640
1038,11357945
1039,11353309
1040,11353163
1041,525972954
1042,525971682
1043,525970428
1044,525969612
1045,11215274
1046,11215055
1047,11349869
1048,11214586
1049,11349502
1050,11214381
1051,11349203
1052,11349032
1053,525947587
1054,525947169
1055,525946552
1056,11208381
1057,525936817
1058,525936396
1059,1774453
1060,11200752
1061,11200590
1062,11333784
1063,11197023
1064,525892411
1065,525891085
1066,525890206
1067,525888976
1068,11327516
1069,11194697
1070,11194551
1071,11326945
1072,11193935
1073,11326316
1074,11326100
1075,11193344
1076,525872290
1077,525871645
1078,525870745
1079,525869811
1080,525869257
1081,525868736
1082,525867281
1083,525865379
1084,525863218
1085,525862350
1086,525858897
1087,525858440
1088,525858083
1089,525857399
1090,11186750
1091,11186559
1092,11186547
1093,11186420
1094,11318370
1095,11318289
1096,11186076
1097,11185999
1098,11185787
1099,525842209
1100,525841615
1101,11182961
1102,525841290
1103,525841050
1104,525840413
1105,525840014
1106,11182590
1107,525840005
1108,525839880
1109,525839456
1110,525839159
1111,525838872
1112,525836082
1113,525835655
1114,525835441
1115,525834972
1116,11181079
1117,11180942
1118,525829529
1119,525829025
1120,11311204
1121,525828626
1122,11311045
1123,525828218
1124,11310954
1125,11310864
1126,525819931
1127,525819523
1128,525818970
1129,525818750
1130,525818434
1131,525817702
1132,525817605
1133,525817360
1134,525816857
1135,525816584
1136,11175768
1137,11306620
1138,11306146
1139,11174839
1140,525789662
1141,525789107
1142,525788421
1143,525787658
1144,525744356
1145,525743754
1146,525743092
1147,525742343
1148,525735528
1149,525734991
1150,525734323
1151,525733359
1152,525732783
1153,11277119
1154,11276814
1155,11276512
1156,11147595
1157,11143617
1158,11143495
1159,11143319
1160,11271364
1161,11142933
1162,11271061
1163,11270592
1164,11142387
1165,11142298
1166,1765780
1167,11270226
1168,11270180
1169,11270016
1170,525657414
1171,525656851
1172,11254201
1173,525621418
1174,11127070
1175,11126557
1176,11253086
1177,525540467
1178,525539939
1179,525539471
1180,525538713
1181,525286508
1182,525285903
1183,525284744
1184,525282634
1185,524784837
1186,524783815
1187,524782839
1188,524781464
1189,10975263
1190,1725652
1191,10974512
1192,10974285
1193,10843763
1194,10957893
1195,10841879
1196,10955995
1197,10948421
1198,10948041
1199,10832750
1200,10947581
1201,10832318
1202,10947337
1203,524681631
1204,10832093
1205,10946747
1206,10830298
1207,10830147
1208,10829973
1209,10944718
1210,10941115
1211,10940403
1212,10824031
1213,10823742
1214,10920231
1215,10806660
1216,10919889
1217,10806313
1218,10917893
1219,10804148
1220,1717901
1221,10803540
1222,10907576
1223,524533340
1224,524532605
1225,10905437
1226,1716391
1227,10904802
1228,10904614
1229,524528358
1230,1715912
1231,10901010
1232,10900811
1233,10900452
1234,524510603
1235,524506494
1236,10785460
1237,10897130
1238,524493854
1239,524493240
1240,524492384
1241,524491759
1242,524490829
1243,524489688
1244,524488535
1245,524482112
1246,524481632
1247,524481045
1248,524480366
1249,10891655
1250,1714674
1251,524359022
1252,524358475
1253,524357358
1254,10745714
1255,10853392
1256,10745408
1257,10745228
1258,524325683
1259,524310634
1260,524310164
1261,524309787
1262,524309369
1263,10842516
1264,1708546
1265,10841885
1266,524286532
1267,10730374
1268,10729521
1269,10836131
1270,1707755
1271,10835762
1272,10834550
1273,10834355
1274,10834163
1275,10834022
1276,524254745
1277,524253397
1278,10830114
1279,10829864
1280,524252397
1281,10829632
1282,1706808
1283,10828844
1284,10722268
1285,10828481
1286,10828080
1287,10721604
1288,10721568
1289,10721442
1290,1706640
1291,10827542
1292,10721075
1293,10827168
1294,524230872
1295,524229662
1296,524225462
1297,524224656
1298,10715376
1299,10821226
1300,10715028
1301,10714901
1302,524219504
1303,524218906
1304,524218323
1305,524218271
1306,524217663
1307,524216295
1308,524215479
1309,524197357
1310,524196849
1311,524196222
1312,524195727
1313,10808858
1314,10703361
1315,524178611
1316,524177973
1317,10703054
1318,10808173
1319,524175157
1320,524174354
1321,524174328
1322,524173558
1323,524172709
1324,524172060
1325,524170413
1326,10700362
1327,10697924
1328,10696652
1329,10801423
1330,10801215
1331,10801078
1332,524133806
1333,524132138
1334,524132080
1335,524131380
1336,524130673
1337,524129823
1338,524128154
1339,524127436
1340,524090472
1341,524088853
1342,524087011
1343,524085857
1344,10666212
1345,10769396
1346,10769239
1347,10665770
1348,10767206
1349,524029698
1350,10663574
1351,10663490
1352,524005284
1353,524003990
1354,523869076
1355,523866737
1356,523866092
1357,523865041
1358,523864453
1359,523863718
1360,523526469
1361,523526098
1362,523525662
Total Records Reject 389 
