Total Records Added 3729 
#.,ID
0,500333074.0
1,500332395.0
2,500331691.0
3,500330723.0
4,3798176.0
5,3618171.0
6,3617844.0
7,3797264.0
8,3612110.0
9,3785998.0
10,3785874.0
11,3603290.0
12,3783608.0
13,3602306.0
14,500221212.0
15,3780781.0
16,3780627.0
17,728149.0
18,3780348.0
19,3779274.0
20,500209342.0
21,500208210.0
22,500207122.0
23,500203743.0
24,3594925.0
25,3776496.0
26,500167505.0
27,500167066.0
28,500166394.0
29,3580520.0
30,3580195.0
31,3579901.0
32,3762660.0
33,500143565.0
34,500143094.0
35,500142447.0
36,500141972.0
37,3576965.0
38,500135114.0
39,500131275.0
40,500129551.0
41,3574247.0
42,3757671.0
43,3757514.0
44,3757343.0
45,500111518.0
46,500110948.0
47,500110155.0
48,500104593.0
49,500103001.0
50,500102395.0
51,500096848.0
52,500095735.0
53,500095020.0
54,500094856.0
55,500094279.0
56,500092671.0
57,500091531.0
58,3562761.0
59,3562637.0
60,3562535.0
61,3562504.0
62,3747013.0
63,3746962.0
64,3562242.0
65,3562060.0
66,500073614.0
67,3558960.0
68,500072680.0
69,3743573.0
70,500072017.0
71,500071378.0
72,500071325.0
73,3743092.0
74,500071008.0
75,500070487.0
76,3742824.0
77,3742593.0
78,500068569.0
79,3742398.0
80,3557096.0
81,3742090.0
82,500066880.0
83,500066363.0
84,3556814.0
85,3741802.0
86,3741365.0
87,500062490.0
88,500061136.0
89,500060537.0
90,500059906.0
91,500059303.0
92,3740019.0
93,500051469.0
94,500044355.0
95,500042630.0
96,500038729.0
97,3734450.0
98,500037640.0
99,3548393.0
100,500036939.0
101,3734006.0
102,500036015.0
103,3733816.0
104,500015978.0
105,500015119.0
106,500013326.0
107,500012635.0
108,500007914.0
109,500007408.0
110,500006630.0
111,500006037.0
112,500005768.0
113,500005520.0
114,500005138.0
115,500004733.0
116,500001480.0
117,500000819.0
118,500000025.0
119,499999359.0
120,3535391.0
121,3535226.0
122,3722226.0
123,3534808.0
124,3532635.0
125,3532154.0
126,3719386.0
127,3718950.0
128,719335.0
129,3714937.0
130,3526475.0
131,3526237.0
132,3714048.0
133,718904.0
134,3523540.0
135,3523374.0
136,3523187.0
137,499939416.0
138,499938482.0
139,499937856.0
140,499937169.0
141,499902461.0
142,499901899.0
143,499901429.0
144,499900910.0
145,3507505.0
146,3697321.0
147,3697092.0
148,3696947.0
149,499841175.0
150,499840484.0
151,499839667.0
152,499838961.0
153,499793204.0
154,499792514.0
155,499791779.0
156,499791120.0
157,3668071.0
158,3474515.0
159,3667779.0
160,3474190.0
161,499700882.0
162,499699843.0
163,499698710.0
164,499697436.0
165,499435548.0
166,499434734.0
167,499433315.0
168,499432046.0
169,499431023.0
170,3184353.0
171,3184009.0
172,3183499.0
173,3394017.0
174,3363372.0
175,3150558.0
176,3150022.0
177,498589323.0
178,498431272.0
179,498430471.0
180,3075178.0
181,3293496.0
182,3074867.0
183,498408699.0
184,498408207.0
185,498407691.0
186,498407159.0
187,498383545.0
188,498382791.0
189,498382185.0
190,498381407.0
191,498376268.0
192,498375728.0
193,498375202.0
194,498374677.0
195,498373067.0
196,498371663.0
197,498369462.0
198,498367581.0
199,498366428.0
200,3279863.0
201,3279612.0
202,3279425.0
203,3279268.0
204,3054414.0
205,498333521.0
206,498332741.0
207,498331842.0
208,3052054.0
209,3272433.0
210,3051778.0
211,3051589.0
212,498315277.0
213,498314018.0
214,498313253.0
215,498312028.0
216,3048037.0
217,3268466.0
218,3047363.0
219,3267853.0
220,498301980.0
221,3266808.0
222,3266163.0
223,3266095.0
224,656055.0
225,498297941.0
226,3265957.0
227,3265831.0
228,3265785.0
229,3265029.0
230,655480.0
231,498281210.0
232,3040270.0
233,498280469.0
234,3040095.0
235,498279523.0
236,3261321.0
237,655380.0
238,3039550.0
239,3260876.0
240,3037090.0
241,498268635.0
242,498268129.0
243,498267511.0
244,498266840.0
245,3257226.0
246,3257114.0
247,654822.0
248,3256955.0
249,498262371.0
250,3150331.0
251,498261809.0
252,3256721.0
253,498260917.0
254,3034797.0
255,498260690.0
256,3034639.0
257,498259916.0
258,3256275.0
259,3256097.0
260,498258769.0
261,498256590.0
262,498256141.0
263,498251555.0
264,498251151.0
265,498250744.0
266,498250307.0
267,498245872.0
268,498245303.0
269,498244550.0
270,498243885.0
271,498239746.0
272,3025114.0
273,3247470.0
274,3024667.0
275,3024434.0
276,3051778.0
277,3023043.0
278,3022919.0
279,498216248.0
280,498215652.0
281,3265957.0
282,498214843.0
283,498212197.0
284,498208523.0
285,498207829.0
286,498206093.0
287,498205273.0
288,498203644.0
289,498203426.0
290,498203069.0
291,498202596.0
292,3241201.0
293,3241048.0
294,498197474.0
295,3015790.0
296,3015663.0
297,498190484.0
298,3238454.0
299,3238339.0
300,3014902.0
301,3014746.0
302,498189319.0
303,3014599.0
304,498188363.0
305,3012563.0
306,3235719.0
307,3235284.0
308,3010924.0
309,3010815.0
310,3010633.0
311,3010402.0
312,3234075.0
313,3233641.0
314,3233526.0
315,3233403.0
316,3009423.0
317,3005884.0
318,3005758.0
319,3005619.0
320,3229703.0
321,3001509.0
322,3001202.0
323,498137252.0
324,498136394.0
325,3221035.0
326,2996108.0
327,649817.0
328,2995831.0
329,498119055.0
330,498118542.0
331,498117795.0
332,498117041.0
333,498109997.0
334,498109422.0
335,498108788.0
336,498108235.0
337,498100514.0
338,498099132.0
339,498098452.0
340,498083624.0
341,498082893.0
342,498082246.0
343,498081582.0
344,3208755.0
345,2982412.0
346,3208468.0
347,3208348.0
348,2974765.0
349,3201585.0
350,2974388.0
351,3201181.0
352,3196381.0
353,3196237.0
354,498027040.0
355,498026391.0
356,3195849.0
357,498025713.0
358,2967961.0
359,498024986.0
360,2966214.0
361,3193877.0
362,3193687.0
363,2965649.0
364,2961122.0
365,645646.0
366,3189254.0
367,3188983.0
368,2930921.0
369,3162156.0
370,3162046.0
371,2930515.0
372,497771286.0
373,497770694.0
374,497770002.0
375,497769269.0
376,2858128.0
377,2876746.0
378,2876462.0
379,2641108.0
380,2875827.0
381,2640591.0
382,2875009.0
383,496838603.0
384,496837519.0
385,496818337.0
386,496817703.0
387,496817090.0
388,496816364.0
389,2600265.0
390,2600150.0
391,2599989.0
392,2599479.0
393,2599313.0
394,2828810.0
395,2828642.0
396,496790424.0
397,496789193.0
398,496788186.0
399,496787317.0
400,2590921.0
401,2590811.0
402,589606.0
403,2819186.0
404,496758879.0
405,496758179.0
406,496756910.0
407,496756263.0
408,496753205.0
409,2816431.0
410,2816179.0
411,2816034.0
412,2587373.0
413,2811244.0
414,588248.0
415,2582772.0
416,2582614.0
417,496727369.0
418,496726668.0
419,496725728.0
420,496724903.0
421,2807602.0
422,587610.0
423,2579419.0
424,496713035.0
425,496712236.0
426,496711401.0
427,496710222.0
428,2795184.0
429,2795079.0
430,585211.0
431,2565992.0
432,2565856.0
433,2792175.0
434,2565632.0
435,2565213.0
436,585045.0
437,2564638.0
438,496657287.0
439,496656853.0
440,496656351.0
441,496655963.0
442,2562261.0
443,2559898.0
444,2559802.0
445,2559741.0
446,2785420.0
447,2557444.0
448,583638.0
449,2557183.0
450,2782711.0
451,2779372.0
452,496605511.0
453,496603635.0
454,496602555.0
455,2768878.0
456,2544034.0
457,581217.0
458,581187.0
459,2540697.0
460,2540476.0
461,2764313.0
462,2539993.0
463,580528.0
464,496565398.0
465,496564267.0
466,496557967.0
467,496557436.0
468,496556933.0
469,496556368.0
470,2519436.0
471,2518638.0
472,576860.0
473,496484292.0
474,496483663.0
475,496482883.0
476,496481960.0
477,2738410.0
478,2514795.0
479,2737153.0
480,2737108.0
481,2514567.0
482,2736853.0
483,496471493.0
484,496470377.0
485,2736424.0
486,496469607.0
487,496468891.0
488,2735446.0
489,2735018.0
490,575894.0
491,2734898.0
492,2512531.0
493,2512530.0
494,2512421.0
495,2734461.0
496,2511181.0
497,2732984.0
498,2732681.0
499,2510332.0
500,2730153.0
501,2729935.0
502,2729761.0
503,2507426.0
504,496444912.0
505,496444693.0
506,496444256.0
507,496443805.0
508,496443662.0
509,496443141.0
510,496442551.0
511,496441334.0
512,496440394.0
513,496439251.0
514,496438097.0
515,496436598.0
516,2726508.0
517,2504753.0
518,2726098.0
519,2725529.0
520,496407706.0
521,2717179.0
522,2496190.0
523,2495999.0
524,2495984.0
525,2495849.0
526,2495805.0
527,2716405.0
528,2716373.0
529,496374817.0
530,496373992.0
531,496372351.0
532,496371967.0
533,496371250.0
534,2488099.0
535,2487931.0
536,2707818.0
537,2487572.0
538,2693308.0
539,2474212.0
540,2473970.0
541,2692719.0
542,496236770.0
543,496234932.0
544,496233983.0
545,496232969.0
546,496211125.0
547,496209705.0
548,496208985.0
549,496208338.0
550,496207957.0
551,496207538.0
552,496206751.0
553,496205824.0
554,2638632.0
555,2638403.0
556,2638169.0
557,2423094.0
558,2155089.0
559,494527245.0
560,494526735.0
561,494526273.0
562,494525797.0
563,1307368.0
564,1306929.0
565,1306723.0
566,1306368.0
567,491933026.0
568,491931478.0
569,491930746.0
570,491929245.0
571,1234671.0
572,491790431.0
573,1234478.0
574,491789773.0
575,1171987.0
576,1171829.0
577,491788556.0
578,1233611.0
579,491782929.0
580,491778517.0
581,491777952.0
582,1230849.0
583,491773613.0
584,1229623.0
585,1167341.0
586,1167236.0
587,1165914.0
588,1225416.0
589,1225222.0
590,491742204.0
591,1220884.0
592,1159312.0
593,1220522.0
594,1220358.0
595,491728077.0
596,491727266.0
597,1156474.0
598,317894.0
599,491726455.0
600,1217330.0
601,1156182.0
602,491725700.0
603,491717507.0
604,491716933.0
605,491716408.0
606,1153468.0
607,1213593.0
608,1213339.0
609,491711802.0
610,1152435.0
611,1152230.0
612,317011.0
613,1151796.0
614,1211946.0
615,1151356.0
616,1151258.0
617,1151233.0
618,1150941.0
619,1150639.0
620,1147888.0
621,1147680.0
622,316124.0
623,1207583.0
624,1207474.0
625,1207102.0
626,1206914.0
627,491679691.0
628,491678623.0
629,491677845.0
630,1143627.0
631,491676412.0
632,1143480.0
633,314797.0
634,1140350.0
635,1199495.0
636,314543.0
637,491656677.0
638,491656343.0
639,491655547.0
640,1138113.0
641,491654307.0
642,314328.0
643,1136240.0
644,313986.0
645,1194611.0
646,491645232.0
647,1135513.0
648,491644089.0
649,491642524.0
650,491621903.0
651,491621395.0
652,491620845.0
653,1187132.0
654,1186995.0
655,491619726.0
656,1129050.0
657,312598.0
658,491617188.0
659,491612449.0
660,491611871.0
661,491611262.0
662,1126750.0
663,491610275.0
664,1126598.0
665,1184083.0
666,1126272.0
667,1183045.0
668,1125315.0
669,1182583.0
670,491604115.0
671,1125037.0
672,491603495.0
673,1182304.0
674,491602872.0
675,1124585.0
676,491602173.0
677,1124393.0
678,491601247.0
679,1123962.0
680,311635.0
681,1181037.0
682,1180940.0
683,1180755.0
684,491597644.0
685,1180569.0
686,491597210.0
687,491596872.0
688,1123121.0
689,491596373.0
690,491595972.0
691,491595921.0
692,491594847.0
693,491593075.0
694,491592149.0
695,491592070.0
696,491591525.0
697,491590888.0
698,491590155.0
699,491566168.0
700,1114927.0
701,1114849.0
702,1114831.0
703,1114765.0
704,1170676.0
705,491558955.0
706,491558122.0
707,491557532.0
708,1112683.0
709,491556919.0
710,1112508.0
711,1112187.0
712,1111733.0
713,1167184.0
714,309293.0
715,1111278.0
716,1106147.0
717,1105969.0
718,1160315.0
719,1105139.0
720,1153741.0
721,491489677.0
722,491488943.0
723,491488342.0
724,491487717.0
725,491486922.0
726,1140035.0
727,1139901.0
728,1139785.0
729,1087089.0
730,1079588.0
731,1131574.0
732,1131389.0
733,303113.0
734,491410898.0
735,1073536.0
736,1073414.0
737,1124461.0
738,301938.0
739,1124239.0
740,1072345.0
741,491403388.0
742,491402782.0
743,1123276.0
744,491401722.0
745,491401070.0
746,1122922.0
747,491391896.0
748,491391057.0
749,491390069.0
750,491389103.0
751,491346704.0
752,491137698.0
753,491137144.0
754,491136632.0
755,491136139.0
756,490974133.0
757,490973480.0
758,490972621.0
759,490971879.0
760,738672.0
761,748017.0
762,747655.0
763,737229.0
764,490086828.0
765,490085359.0
766,490084460.0
767,490083756.0
768,696789.0
769,696643.0
770,706429.0
771,693624.0
772,704348.0
773,704233.0
774,691186.0
775,691050.0
776,689998.0
777,702456.0
778,687667.0
779,687458.0
780,490041958.0
781,700364.0
782,490041185.0
783,700148.0
784,490039840.0
785,490038978.0
786,685058.0
787,490033013.0
788,697919.0
789,684151.0
790,697335.0
791,682998.0
792,696158.0
793,695952.0
794,682260.0
795,688968.0
796,674607.0
797,212370.0
798,688216.0
799,212284.0
800,489989562.0
801,489988642.0
802,489986608.0
803,489985410.0
804,489980418.0
805,210507.0
806,680791.0
807,680560.0
808,680299.0
809,664621.0
810,679291.0
811,679144.0
812,664210.0
813,489943857.0
814,489942486.0
815,489940933.0
816,489939662.0
817,489936099.0
818,489935429.0
819,673757.0
820,489933788.0
821,489931046.0
822,489930277.0
823,489929586.0
824,489928938.0
825,489927512.0
826,489926834.0
827,489926198.0
828,489925373.0
829,671533.0
830,655845.0
831,671368.0
832,671185.0
833,655639.0
834,655430.0
835,670599.0
836,489908430.0
837,489885836.0
838,489885337.0
839,489884690.0
840,489884199.0
841,644293.0
842,644147.0
843,489880317.0
844,489879564.0
845,643716.0
846,489879059.0
847,489878866.0
848,489878501.0
849,489876627.0
850,489875919.0
851,489874023.0
852,489873336.0
853,654238.0
854,637371.0
855,653684.0
856,653502.0
857,202634.0
858,633626.0
859,650197.0
860,489841050.0
861,489840730.0
862,489840155.0
863,489839597.0
864,489839010.0
865,648653.0
866,647054.0
867,201528.0
868,201492.0
869,646547.0
870,201421.0
871,645036.0
872,644911.0
873,644629.0
874,644483.0
875,200757.0
876,643835.0
877,626276.0
878,626119.0
879,626006.0
880,643119.0
881,643070.0
882,642821.0
883,625224.0
884,200352.0
885,638307.0
886,620477.0
887,489794622.0
888,620222.0
889,489794239.0
890,489793776.0
891,489793352.0
892,619551.0
893,637024.0
894,619214.0
895,618906.0
896,489771229.0
897,489769914.0
898,489769083.0
899,489767904.0
900,489752112.0
901,489745017.0
902,489744575.0
903,489744070.0
904,489743457.0
905,489733973.0
906,489733326.0
907,489732855.0
908,489732478.0
909,489709715.0
910,489709211.0
911,489708443.0
912,489707786.0
913,489676924.0
914,489676254.0
915,489675740.0
916,489675172.0
917,585081.0
918,584952.0
919,604696.0
920,604287.0
921,190170.0
922,583393.0
923,603118.0
924,582950.0
925,602758.0
926,582502.0
927,489654710.0
928,602263.0
929,602159.0
930,600379.0
931,579943.0
932,579297.0
933,599494.0
934,565074.0
935,586047.0
936,564607.0
937,564459.0
938,489572545.0
939,489571637.0
940,489571094.0
941,489570117.0
942,489559580.0
943,489507536.0
944,489506919.0
945,489505940.0
946,489472958.0
947,489385397.0
948,489384826.0
949,489384200.0
950,489383474.0
951,489358767.0
952,489357199.0
953,489356182.0
954,489355250.0
955,489354240.0
956,489353733.0
957,489353212.0
958,489352606.0
959,99505.0
960,488373560.0
961,180209.0
962,186747.0
963,179806.0
964,186305.0
965,174068.0
966,173689.0
967,180286.0
968,173203.0
969,179145.0
970,170718.0
971,488208008.0
972,170111.0
973,169819.0
974,176109.0
975,175882.0
976,175706.0
977,169083.0
978,175577.0
979,488203357.0
980,81370.0
981,175323.0
982,488199876.0
983,488198968.0
984,173706.0
985,173627.0
986,173524.0
987,167032.0
988,80764.0
989,166813.0
990,173187.0
991,166618.0
992,171996.0
993,165466.0
994,171621.0
995,165072.0
996,164866.0
997,171052.0
998,163882.0
999,163749.0
1000,169031.0
1001,168044.0
1002,488176335.0
1003,488175760.0
1004,488175108.0
1005,488174520.0
1006,488164146.0
1007,488163662.0
1008,488163153.0
1009,488162596.0
1010,162388.0
1011,156042.0
1012,155852.0
1013,77492.0
1014,161940.0
1015,161680.0
1016,160855.0
1017,154096.0
1018,153841.0
1019,159889.0
1020,158717.0
1021,152135.0
1022,158305.0
1023,76406.0
1024,151628.0
1025,157769.0
1026,488137141.0
1027,488135224.0
1028,488134397.0
1029,488133966.0
1030,488133237.0
1031,488132250.0
1032,488130969.0
1033,488129021.0
1034,153318.0
1035,152952.0
1036,147151.0
1037,146907.0
1038,74382.0
1039,146468.0
1040,488118170.0
1041,488117663.0
1042,488117161.0
1043,488116627.0
1044,488107786.0
1045,488107152.0
1046,488106544.0
1047,488105901.0
1048,488104242.0
1049,488103756.0
1050,488103232.0
1051,488102778.0
1052,72374.0
1053,145705.0
1054,145681.0
1055,141497.0
1056,72234.0
1057,141348.0
1058,141339.0
1059,145216.0
1060,140355.0
1061,140201.0
1062,143691.0
1063,143505.0
1064,71496.0
1065,143262.0
1066,488089834.0
1067,139265.0
1068,488084047.0
1069,488083425.0
1070,488082569.0
1071,488081905.0
1072,139702.0
1073,139395.0
1074,139139.0
1075,138817.0
1076,69973.0
1077,137303.0
1078,488070178.0
1079,488069644.0
1080,488068152.0
1081,488067278.0
1082,488064557.0
1083,488063941.0
1084,488063115.0
1085,488062450.0
1086,488057127.0
1087,488056467.0
1088,488055823.0
1089,488054692.0
1090,488047902.0
1091,488047449.0
1092,488047025.0
1093,488046250.0
1094,488044372.0
1095,488043756.0
1096,488043729.0
1097,488043159.0
1098,488042541.0
1099,488042438.0
1100,488041603.0
1101,488040725.0
1102,488023378.0
1103,488022775.0
1104,488022027.0
1105,488021675.0
1106,488021283.0
1107,488020542.0
1108,488020325.0
1109,488019772.0
1110,488018589.0
1111,488018507.0
1112,488018091.0
1113,488017584.0
1114,488016977.0
1115,487987205.0
1116,487986549.0
1117,113130.0
1118,115615.0
1119,487985859.0
1120,487985062.0
1121,112569.0
1122,112403.0
1123,104512.0
1124,104485.0
1125,59115.0
1126,487953810.0
1127,59076.0
1128,487953343.0
1129,104192.0
1130,58975.0
1131,103289.0
1132,107451.0
1133,102990.0
1134,58583.0
1135,100877.0
1136,100772.0
1137,55909.0
1138,55768.0
1139,91379.0
1140,91224.0
1141,83400.0
1142,90848.0
1143,73510.0
1144,82093.0
1145,81716.0
1146,71399.0
1147,51588.0
1148,51356.0
1149,51094.0
1150,50741.0
1151,283293.0
1152,364948.0
1153,364647.0
1154,364373.0
1155,171507.0
1156,171403.0
1157,170966.0
1158,170822.0
1159,214192.0
1160,152659.0
1161,486580041.0
1162,486578446.0
1163,486577551.0
1164,486576653.0
1165,486529882.0
1166,486526696.0
1167,192686.0
1168,192253.0
1169,192097.0
1170,486507654.0
1171,486506981.0
1172,486506250.0
1173,486504912.0
1174,185109.0
1175,125926.0
1176,486487308.0
1177,125507.0
1178,129610.0
1179,129489.0
1180,129401.0
1181,183581.0
1182,486480012.0
1183,486467330.0
1184,486466703.0
1185,486428563.0
1186,486427847.0
1187,486426979.0
1188,486426202.0
1189,114665.0
1190,166670.0
1191,166521.0
1192,114013.0
1193,486407026.0
1194,486397010.0
1195,486393357.0
1196,110133.0
1197,110058.0
1198,159861.0
1199,111181.0
1200,486374638.0
1201,486373662.0
1202,93592.0
1203,96070.0
1204,137029.0
1205,136598.0
1206,136364.0
1207,136325.0
1208,136108.0
1209,91954.0
1210,486315688.0
1211,486315111.0
1212,486314261.0
1213,486313615.0
1214,133963.0
1215,90462.0
1216,133446.0
1217,486310029.0
1218,133075.0
1219,486309229.0
1220,133006.0
1221,132789.0
1222,132577.0
1223,486307676.0
1224,132320.0
1225,486306170.0
1226,486300273.0
1227,486299739.0
1228,486299269.0
1229,486298846.0
1230,85507.0
1231,85302.0
1232,126624.0
1233,486286679.0
1234,125291.0
1235,486286129.0
1236,486285692.0
1237,486285187.0
1238,83328.0
1239,486283154.0
1240,83028.0
1241,486282464.0
1242,486282385.0
1243,123610.0
1244,486281794.0
1245,87659.0
1246,486281038.0
1247,82526.0
1248,87506.0
1249,87434.0
1250,486257189.0
1251,486256589.0
1252,486255988.0
1253,486255057.0
1254,486247664.0
1255,486246531.0
1256,80482.0
1257,486245791.0
1258,486245542.0
1259,486245267.0
1260,486244841.0
1261,486244731.0
1262,486244300.0
1263,110924.0
1264,486243644.0
1265,79922.0
1266,486243101.0
1267,486233943.0
1268,486232852.0
1269,486232234.0
1270,70213.0
1271,77243.0
1272,486231308.0
1273,70028.0
1274,486230638.0
1275,77042.0
1276,106156.0
1277,105665.0
1278,76187.0
1279,104298.0
1280,68226.0
1281,67994.0
1282,486221891.0
1283,486221483.0
1284,486221023.0
1285,486220624.0
1286,73466.0
1287,72980.0
1288,486204635.0
1289,486204255.0
1290,97114.0
1291,486203857.0
1292,96939.0
1293,486203322.0
1294,62695.0
1295,71029.0
1296,93423.0
1297,93168.0
1298,92960.0
1299,92707.0
1300,486179189.0
1301,486177772.0
1302,486176796.0
1303,486175643.0
1304,56670.0
1305,65056.0
1306,86916.0
1307,86800.0
1308,64934.0
1309,56354.0
1310,64847.0
1311,86501.0
1312,64655.0
1313,55951.0
1314,85881.0
1315,85647.0
1316,64200.0
1317,85503.0
1318,55519.0
1319,85258.0
1320,80547.0
1321,80422.0
1322,52489.0
1323,60600.0
1324,77608.0
1325,50807.0
1326,58734.0
1327,76743.0
1328,58421.0
1329,486125994.0
1330,486125319.0
1331,486124673.0
1332,486124030.0
1333,70381.0
1334,54065.0
1335,46430.0
1336,46367.0
1337,486087798.0
1338,486076585.0
1339,486076089.0
1340,486075662.0
1341,486075123.0
1342,486055585.0
1343,486054730.0
1344,486054142.0
1345,486053142.0
1346,486005784.0
1347,486005120.0
1348,486004442.0
1349,486003808.0
1350,26386.0
1351,25957.0
1352,485162259.0
1353,485160918.0
1354,10727686.0
1355,11571704.0
1356,10727397.0
1357,11571079.0
1358,11566343.0
1359,10723190.0
1360,9836003.0
1361,11565163.0
1362,11563709.0
1363,9834036.0
1364,484658230.0
1365,484657570.0
1366,10714128.0
1367,484656057.0
1368,10714022.0
1369,11554262.0
1370,10713882.0
1371,10713764.0
1372,484654436.0
1373,11553869.0
1374,11548333.0
1375,11548077.0
1376,9824755.0
1377,10709069.0
1378,10708676.0
1379,11546934.0
1380,10708328.0
1381,9824040.0
1382,9823974.0
1383,11546529.0
1384,9823870.0
1385,484623971.0
1386,10707962.0
1387,484621015.0
1388,484620165.0
1389,11543784.0
1390,10705879.0
1391,10703677.0
1392,11538239.0
1393,11538010.0
1394,10701419.0
1395,484590504.0
1396,10701321.0
1397,10698462.0
1398,10698164.0
1399,9815118.0
1400,9814995.0
1401,10697376.0
1402,11532211.0
1403,11531927.0
1404,10696203.0
1405,11530977.0
1406,10695949.0
1407,10695796.0
1408,11529099.0
1409,484543970.0
1410,484543356.0
1411,484542759.0
1412,10691341.0
1413,10691287.0
1414,11524474.0
1415,11524025.0
1416,9809209.0
1417,11522759.0
1418,484530314.0
1419,11521130.0
1420,11520977.0
1421,10688385.0
1422,11520861.0
1423,11520734.0
1424,10688229.0
1425,10688145.0
1426,484521684.0
1427,484521218.0
1428,484520848.0
1429,484520470.0
1430,11518896.0
1431,11518750.0
1432,11518524.0
1433,11518294.0
1434,484516340.0
1435,484515514.0
1436,484514804.0
1437,484514097.0
1438,484512455.0
1439,484511627.0
1440,484509603.0
1441,484509192.0
1442,484508718.0
1443,484508282.0
1444,10684104.0
1445,10683961.0
1446,9803313.0
1447,10682558.0
1448,11514078.0
1449,10682359.0
1450,9802014.0
1451,10682216.0
1452,10682136.0
1453,9801720.0
1454,11513335.0
1455,11512935.0
1456,10680624.0
1457,9800332.0
1458,484490321.0
1459,484489968.0
1460,484489852.0
1461,484489399.0
1462,9800063.0
1463,484489369.0
1464,484488911.0
1465,484488796.0
1466,484488317.0
1467,484484962.0
1468,484484623.0
1469,484484204.0
1470,484483697.0
1471,484483553.0
1472,10678104.0
1473,11509183.0
1474,10677614.0
1475,484478773.0
1476,484478014.0
1477,484477310.0
1478,484476651.0
1479,11507703.0
1480,11507586.0
1481,10676161.0
1482,10676020.0
1483,10675903.0
1484,484468023.0
1485,484467492.0
1486,484466942.0
1487,484466354.0
1488,10674172.0
1489,11505242.0
1490,9794922.0
1491,10673850.0
1492,484459934.0
1493,11504161.0
1494,9794044.0
1495,11503938.0
1496,10672738.0
1497,9792198.0
1498,9791953.0
1499,9791768.0
1500,484446295.0
1501,11500747.0
1502,484444924.0
1503,484444179.0
1504,484440964.0
1505,484440337.0
1506,484439571.0
1507,484438721.0
1508,484435136.0
1509,11498097.0
1510,484434573.0
1511,484434101.0
1512,484433557.0
1513,10666967.0
1514,10666869.0
1515,10666766.0
1516,484423419.0
1517,484422587.0
1518,484421918.0
1519,484421026.0
1520,484406040.0
1521,484405575.0
1522,484405194.0
1523,484404663.0
1524,11488558.0
1525,11488423.0
1526,11488301.0
1527,11488162.0
1528,9777528.0
1529,9777452.0
1530,10653128.0
1531,9776192.0
1532,484324246.0
1533,484322322.0
1534,484321401.0
1535,484320408.0
1536,484319488.0
1537,10631612.0
1538,10631504.0
1539,10631418.0
1540,10631306.0
1541,484239748.0
1542,484239037.0
1543,484238179.0
1544,484237217.0
1545,10617181.0
1546,9745793.0
1547,484181970.0
1548,484181197.0
1549,484180366.0
1550,484179676.0
1551,479309295.0
1552,479308561.0
1553,479308016.0
1554,479307523.0
1555,9083305.0
1556,477652246.0
1557,477651303.0
1558,477650430.0
1559,477649366.0
1560,477648768.0
1561,476201123.0
1562,476047133.0
1563,475767818.0
1564,475766469.0
1565,9325304.0
1566,475764780.0
1567,8925357.0
1568,8172260.0
1569,473994664.0
1570,473993360.0
1571,473992706.0
1572,473991864.0
1573,8431933.0
1574,8431792.0
1575,8431652.0
1576,7237518.0
1577,6276162.0
1578,6275893.0
1579,467339789.0
1580,467338646.0
1581,467337763.0
1582,467337070.0
1583,5982429.0
1584,465841203.0
1585,465840600.0
1586,465838050.0
1587,465837011.0
1588,465836356.0
1589,6530177.0
1590,5858343.0
1591,5964423.0
1592,5858165.0
1593,463833232.0
1594,463832622.0
1595,6024499.0
1596,6024355.0
1597,461697198.0
1598,461696784.0
1599,461696157.0
1600,461695566.0
1601,459912734.0
1602,459912235.0
1603,459911654.0
1604,459911119.0
1605,455284245.0
1606,453283250.0
1607,453281617.0
1608,453280432.0
1609,453278491.0
1610,451610337.0
1611,451609783.0
1612,451609357.0
1613,451608865.0
1614,449941104.0
1615,449940403.0
1616,449939396.0
1617,449938437.0
1618,448138174.0
1619,448137727.0
1620,448137020.0
1621,448136594.0
1622,443710258.0
1623,443709764.0
1624,443709279.0
1625,443708782.0
1626,441858552.0
1627,441858076.0
1628,441857634.0
1629,441857187.0
1630,440245927.0
1631,440245462.0
1632,440244931.0
1633,440243877.0
1634,438711083.0
1635,438704232.0
1636,438703299.0
1637,438693496.0
1638,437174451.0
1639,437173571.0
1640,437172752.0
1641,437172049.0
1642,437171261.0
1643,429373394.0
1644,429372836.0
1645,429372337.0
1646,429371444.0
1647,427749215.0
1648,427748438.0
1649,427747822.0
1650,427747107.0
1651,426119480.0
1652,426118975.0
1653,426118430.0
1654,426117074.0
1655,421347845.0
1656,421345112.0
1657,421344542.0
1658,421343748.0
1659,418663543.0
1660,418662586.0
1661,418661157.0
1662,418660266.0
1663,860998.0
1664,416550178.0
1665,27483499.0
1666,416548319.0
1667,413708564.0
1668,413707794.0
1669,413706628.0
1670,413704536.0
1671,410989872.0
1672,410988947.0
1673,410988094.0
1674,410987291.0
1675,403350707.0
1676,403348482.0
1677,403347425.0
1678,403346253.0
1679,400693542.0
1680,400692677.0
1681,400691904.0
1682,400690917.0
1683,395701487.0
1684,395700517.0
1685,395699878.0
1686,395699016.0
1687,393311878.0
1688,393311155.0
1689,393310202.0
1690,393309245.0
1691,385707522.0
1692,385705648.0
1693,385704600.0
1694,385703771.0
1695,383189086.0
1696,383187265.0
1697,383186145.0
1698,383185278.0
1699,381395621.0
1700,381394471.0
1701,381393323.0
1702,381390768.0
1703,378615356.0
1704,378614751.0
1705,378614044.0
1706,378612528.0
1707,376185995.0
1708,376184077.0
1709,376183293.0
1710,376181860.0
1711,366198493.0
1712,366172535.0
1713,366171757.0
1714,366170832.0
1715,366168894.0
1716,363944129.0
1717,363943442.0
1718,363941283.0
1719,363939561.0
1720,5879585.0
1721,361526962.0
1722,361525418.0
1723,361524011.0
1724,359204313.0
1725,359203695.0
1726,359202720.0
1727,359202037.0
1728,351917235.0
1729,351915404.0
1730,351913373.0
1731,351911943.0
1732,351910682.0
1733,351903590.0
1734,351901352.0
1735,346815919.0
1736,346814863.0
1737,346813993.0
1738,346813219.0
1739,344234597.0
1740,344233704.0
1741,344232868.0
1742,344232096.0
1743,341513352.0
1744,341512585.0
1745,341511794.0
1746,341511071.0
1747,333815687.0
1748,333814766.0
1749,333813881.0
1750,333811134.0
1751,330964596.0
1752,330963718.0
1753,330961467.0
1754,330960361.0
1755,325561861.0
1756,325561169.0
1757,325559854.0
1758,325557669.0
1759,323119147.0
1760,323117879.0
1761,323116442.0
1762,323115605.0
1763,315072495.0
1764,315070051.0
1765,315069117.0
1766,315068031.0
1767,312406271.0
1768,312404261.0
1769,312402186.0
1770,312399959.0
1771,312398785.0
1772,309598104.0
1773,309596921.0
1774,309595605.0
1775,309594860.0
1776,307533426.0
1777,307532337.0
1778,307531273.0
1779,307530451.0
1780,305147800.0
1781,305146275.0
1782,305144769.0
1783,305142530.0
1784,297984467.0
1785,297983763.0
1786,297982965.0
1787,297982281.0
1788,295457479.0
1789,295456462.0
1790,295455640.0
1791,295454720.0
1792,294819035.0
1793,294818847.0
1794,294818611.0
1795,294818372.0
1796,294329061.0
1797,294328568.0
1798,294328461.0
1799,294328184.0
1800,293876741.0
1801,293876529.0
1802,293876022.0
1803,293875764.0
1804,293875396.0
1805,289735072.0
1806,289734485.0
1807,289734009.0
1808,287908419.0
1809,287907859.0
1810,287907238.0
1811,287906578.0
1812,287906016.0
1813,581332786.0
1814,581331866.0
1815,581330697.0
1816,581329915.0
1817,286364685.0
1818,286364151.0
1819,286363704.0
1820,286362890.0
1821,284941578.0
1822,284941048.0
1823,284940308.0
1824,284939783.0
1825,280447372.0
1826,280446771.0
1827,280444900.0
1828,280444150.0
1829,278933404.0
1830,278932272.0
1831,278931720.0
1832,278931186.0
1833,277481541.0
1834,277480804.0
1835,277480049.0
1836,277176951.0
1837,275717289.0
1838,275715156.0
1839,275713596.0
1840,275712369.0
1841,274060760.0
1842,274060357.0
1843,274059867.0
1844,274059455.0
1845,79466.0
1846,69772.0
1847,79043.0
1848,78959.0
1849,78760.0
1850,268141371.0
1851,268140947.0
1852,268140193.0
1853,268139746.0
1854,266946883.0
1855,266946167.0
1856,266945045.0
1857,266944437.0
1858,263711893.0
1859,263711229.0
1860,263710342.0
1861,263709428.0
1862,257909083.0
1863,257908225.0
1864,257906626.0
1865,257906103.0
1866,256301654.0
1867,256300273.0
1868,256299352.0
1869,256298520.0
1870,254802448.0
1871,254801848.0
1872,254801251.0
1873,254800506.0
1874,253378638.0
1875,253377998.0
1876,253377513.0
1877,253376857.0
1878,249131623.0
1879,249130825.0
1880,249130211.0
1881,249129642.0
1882,247453430.0
1883,247452735.0
1884,247452174.0
1885,247450810.0
1886,245878291.0
1887,245877842.0
1888,245877298.0
1889,245876864.0
1890,244597641.0
1891,244597080.0
1892,244596441.0
1893,244586081.0
1894,243019047.0
1895,243018561.0
1896,243018116.0
1897,243017629.0
1898,238564061.0
1899,238563486.0
1900,238562736.0
1901,238562163.0
1902,236898330.0
1903,236897487.0
1904,236891526.0
1905,236890677.0
1906,235386224.0
1907,235385840.0
1908,235385516.0
1909,235384981.0
1910,233774042.0
1911,233773598.0
1912,233772711.0
1913,233772308.0
1914,232268253.0
1915,232267562.0
1916,232266557.0
1917,232266044.0
1918,227637712.0
1919,227637160.0
1920,227636636.0
1921,227635916.0
1922,226186522.0
1923,226186036.0
1924,226185548.0
1925,226184810.0
1926,223362038.0
1927,223361527.0
1928,223360665.0
1929,223360155.0
1930,221898475.0
1931,221897884.0
1932,221896754.0
1933,221896359.0
1934,217861060.0
1935,217860336.0
1936,217859918.0
1937,217859500.0
1938,215060554.0
1939,215060169.0
1940,215059255.0
1941,215058822.0
1942,213545414.0
1943,213544937.0
1944,213543734.0
1945,213543173.0
1946,211759123.0
1947,211758512.0
1948,211757598.0
1949,211756969.0
1950,210374658.0
1951,210374458.0
1952,210374281.0
1953,210374125.0
1954,209893631.0
1955,209893507.0
1956,209893379.0
1957,209893276.0
1958,209443819.0
1959,209443717.0
1960,209443576.0
1961,209443429.0
1962,209033813.0
1963,209033636.0
1964,209033491.0
1965,209033225.0
1966,209033018.0
1967,208632187.0
1968,208631919.0
1969,208631694.0
1970,208631423.0
1971,206592508.0
1972,206592395.0
1973,206592269.0
1974,206592142.0
1975,206146845.0
1976,206146556.0
1977,206146389.0
1978,206146159.0
1979,206145927.0
1980,205255422.0
1981,205255164.0
1982,205254983.0
1983,205254803.0
1984,203918008.0
1985,203917654.0
1986,203917435.0
1987,203917162.0
1988,203527017.0
1989,203526789.0
1990,203521703.0
1991,203521463.0
1992,202892661.0
1993,202892427.0
1994,202892228.0
1995,202891904.0
1996,202415263.0
1997,202415077.0
1998,202414641.0
1999,2478531.0
2000,201905179.0
2001,201904905.0
2002,201904707.0
2003,201904452.0
2004,200469733.0
2005,200469497.0
2006,200469292.0
2007,200469054.0
2008,200010524.0
2009,200010344.0
2010,200010171.0
2011,200009998.0
2012,199554242.0
2013,199554108.0
2014,199553966.0
2015,199553783.0
2016,180286.0
2017,199151837.0
2018,199151694.0
2019,199151520.0
2020,199145861.0
2021,198749982.0
2022,198749737.0
2023,198749521.0
2024,198749362.0
2025,197490788.0
2026,197490618.0
2027,197490425.0
2028,197490286.0
2029,2357475.0
2030,2393649.0
2031,2357267.0
2032,1869806.0
2033,1545323.0
2034,1925092.0
2035,1924970.0
2036,1979817.0
2037,196255015.0
2038,196254880.0
2039,196254766.0
2040,196254642.0
2041,195694239.0
2042,195694041.0
2043,195693820.0
2044,195693623.0
2045,193825176.0
2046,193824989.0
2047,193824744.0
2048,193824562.0
2049,193311787.0
2050,193311602.0
2051,193311473.0
2052,193306623.0
2053,192857345.0
2054,192857052.0
2055,192856922.0
2056,192856731.0
2057,192411404.0
2058,192411237.0
2059,192411042.0
2060,192410795.0
2061,190544006.0
2062,190543853.0
2063,190543693.0
2064,190543405.0
2065,190038915.0
2066,190038750.0
2067,190038457.0
2068,190038305.0
2069,189508652.0
2070,189508284.0
2071,189508089.0
2072,189507910.0
2073,189507680.0
2074,187388504.0
2075,187387837.0
2076,187386370.0
2077,187317702.0
2078,181061871.0
2079,181060805.0
2080,181059863.0
2081,181059048.0
2082,178986879.0
2083,178984241.0
2084,178982139.0
2085,178981139.0
2086,176876641.0
2087,176876027.0
2088,176875327.0
2089,176874640.0
2090,174701166.0
2091,174700312.0
2092,174696757.0
2093,174695493.0
2094,172545909.0
2095,172545235.0
2096,172544477.0
2097,172543778.0
2098,166677471.0
2099,166675836.0
2100,166674564.0
2101,166673050.0
2102,163734005.0
2103,163732265.0
2104,163731506.0
2105,163730064.0
2106,163729070.0
2107,161514497.0
2108,161513815.0
2109,161512700.0
2110,161512076.0
2111,159354442.0
2112,159352643.0
2113,159350661.0
2114,159349224.0
2115,147396670.0
2116,147395293.0
2117,147393237.0
2118,147391954.0
2119,147390937.0
2120,145308635.0
2121,145307182.0
2122,145305097.0
2123,145303797.0
2124,143141055.0
2125,143136505.0
2126,143135128.0
2127,143134110.0
2128,143133420.0
2129,140572522.0
2130,140571720.0
2131,140570807.0
2132,140569850.0
2133,134309568.0
2134,134308307.0
2135,134305755.0
2136,134304166.0
2137,131625649.0
2138,131624162.0
2139,131623216.0
2140,131622099.0
2141,131620182.0
2142,129641987.0
2143,129640740.0
2144,129639806.0
2145,126976537.0
2146,126975920.0
2147,126975271.0
2148,126974527.0
2149,118331903.0
2150,118331226.0
2151,118330516.0
2152,118329801.0
2153,115954728.0
2154,115953668.0
2155,115952748.0
2156,115951918.0
2157,115950991.0
2158,113405956.0
2159,113405154.0
2160,113404453.0
2161,113402727.0
2162,111382912.0
2163,111382035.0
2164,111380995.0
2165,111379717.0
2166,109003055.0
2167,109001721.0
2168,109000170.0
2169,108999293.0
2170,102176415.0
2171,102175384.0
2172,102174109.0
2173,102172822.0
2174,99669319.0
2175,99668446.0
2176,99666810.0
2177,99665838.0
2178,97497913.0
2179,97496990.0
2180,97496074.0
2181,97495220.0
2182,95109885.0
2183,95109086.0
2184,95107739.0
2185,95106759.0
2186,92963842.0
2187,92963143.0
2188,92962427.0
2189,92961714.0
2190,87016194.0
2191,87015268.0
2192,87014247.0
2193,87013147.0
2194,84653757.0
2195,84652730.0
2196,84651942.0
2197,84651049.0
2198,82988668.0
2199,82987578.0
2200,82986853.0
2201,82985874.0
2202,80480862.0
2203,80479752.0
2204,80478686.0
2205,80477577.0
2206,78587649.0
2207,78587023.0
2208,78586206.0
2209,78571890.0
2210,78570691.0
2211,78324646.0
2212,72478191.0
2213,70115328.0
2214,4681407.0
2215,13306242.0
2216,3843856.0
2217,3638737.0
2218,13071752.0
2219,4431253.0
2220,4431029.0
2221,68025627.0
2222,1156697.0
2223,9824494.0
2224,9824384.0
2225,9824254.0
2226,9464787.0
2227,9464670.0
2228,1031842.0
2229,1031768.0
2230,67024.0
2231,8315785.0
2232,8315678.0
2233,65588.0
2234,7561013.0
2235,2131726.0
2236,7560854.0
2237,9982966.0
2238,7224717.0
2239,1934676.0
2240,1934629.0
2241,7224456.0
2242,1750440.0
2243,6913292.0
2244,6913190.0
2245,1750272.0
2246,9289417.0
2247,1105763.0
2248,8137178.0
2249,1105534.0
2250,8136898.0
2251,5033165.0
2252,745625.0
2253,5032966.0
2254,7321019.0
2255,4608068.0
2256,6875132.0
2257,547604.0
2258,547571.0
2259,967134.0
2260,3026803.0
2261,4996064.0
2262,3026636.0
2263,346353087.0
2264,346352901.0
2265,346352676.0
2266,346352423.0
2267,345519951.0
2268,345519304.0
2269,345519005.0
2270,345518749.0
2271,3821887.0
2272,110778.0
2273,110773.0
2274,110761.0
2275,343487978.0
2276,343487545.0
2277,343487328.0
2278,343486907.0
2279,340668301.0
2280,340667995.0
2281,340667784.0
2282,340667488.0
2283,339704065.0
2284,339703845.0
2285,339703628.0
2286,339703387.0
2287,337556116.0
2288,337554339.0
2289,337554064.0
2290,337553785.0
2291,336641381.0
2292,336640592.0
2293,336640140.0
2294,336639713.0
2295,3067960.0
2296,3067869.0
2297,129781.0
2298,3067408.0
2299,104772.0
2300,104767.0
2301,104764.0
2302,2645236.0
2303,330732150.0
2304,330731857.0
2305,330731668.0
2306,330731485.0
2307,1495346.0
2308,2869557.0
2309,1495179.0
2310,57614.0
2311,947199.0
2312,489760.0
2313,946947.0
2314,19129.0
2315,6661.0
2316,159752.0
2317,310640.0
2318,159566.0
2319,4408020.0
2320,5525427.0
2321,5525020.0
2322,4408001.0
2323,5104168.0
2324,5104003.0
2325,4099376.0
2326,4099297.0
2327,4523945.0
2328,4724822.0
2329,3721518.0
2330,3721438.0
2331,4523387.0
2332,3812962.0
2333,2953918.0
2334,3812778.0
2335,3812683.0
2336,2620551.0
2337,2620496.0
2338,3223351.0
2339,3223291.0
2340,3018819.0
2341,2852240.0
2342,3018673.0
2343,3018492.0
2344,2685952.0
2345,2685828.0
2346,2685755.0
2347,2050754.0
2348,2368184.0
2349,14081971.0
2350,14081132.0
2351,14079364.0
2352,14078738.0
2353,314845926.0
2354,314768060.0
2355,314767762.0
2356,314767511.0
2357,314767272.0
2358,313437098.0
2359,313436814.0
2360,798586.0
2361,546506.0
2362,312187809.0
2363,312187432.0
2364,312187023.0
2365,312186758.0
2366,311050955.0
2367,311050644.0
2368,311050264.0
2369,311049979.0
2370,309826529.0
2371,309826292.0
2372,309826080.0
2373,309825651.0
2374,306433951.0
2375,306433718.0
2376,306433460.0
2377,306433161.0
2378,305289537.0
2379,305289074.0
2380,305288765.0
2381,305288476.0
2382,304429530.0
2383,304429051.0
2384,304428642.0
2385,304428135.0
2386,302902573.0
2387,302902368.0
2388,302902106.0
2389,302901885.0
2390,302076669.0
2391,302076323.0
2392,302050697.0
2393,302050246.0
2394,299083385.0
2395,299083133.0
2396,299082938.0
2397,299082670.0
2398,297996855.0
2399,297996537.0
2400,297996257.0
2401,297995891.0
2402,297105894.0
2403,297105642.0
2404,297105308.0
2405,297104977.0
2406,295060286.0
2407,295059883.0
2408,295059430.0
2409,295059136.0
2410,295058835.0
2411,290748411.0
2412,290723526.0
2413,290723180.0
2414,78591.0
2415,9675071.0
2416,9674972.0
2417,9674872.0
2418,9674774.0
2419,9383429.0
2420,9352026.0
2421,9351895.0
2422,9351808.0
2423,9383113.0
2424,9034561.0
2425,9067488.0
2426,9067355.0
2427,9032861.0
2428,7958094.0
2429,7957949.0
2430,7957830.0
2431,7957741.0
2432,7598586.0
2433,7598497.0
2434,7598281.0
2435,7597690.0
2436,7274984.0
2437,7274466.0
2438,7274332.0
2439,7311856.0
2440,6957787.0
2441,6920705.0
2442,6920636.0
2443,6920557.0
2444,5226952.0
2445,5188474.0
2446,5188360.0
2447,5226580.0
2448,4731240.0
2449,4770057.0
2450,4770000.0
2451,4769938.0
2452,4769873.0
2453,4448789.0
2454,4448707.0
2455,4409757.0
2456,4448559.0
2457,2623600.0
2458,2661867.0
2459,2661759.0
2460,2623307.0
2461,262351669.0
2462,262351072.0
2463,262350703.0
2464,262350253.0
2465,133306.0
2466,133164.0
2467,161340.0
2468,132930.0
2469,18445103.0
2470,18151562.0
2471,18151490.0
2472,18151405.0
2473,17873874.0
2474,17873802.0
2475,17873734.0
2476,18158396.0
2477,250991793.0
2478,17601098.0
2479,250991159.0
2480,250990878.0
2481,249246092.0
2482,249244040.0
2483,249243613.0
2484,249242914.0
2485,245480234.0
2486,245480001.0
2487,245479659.0
2488,245479371.0
2489,16543105.0
2490,16266050.0
2491,243996611.0
2492,243994342.0
2493,243993735.0
2494,243992198.0
2495,243504837.0
2496,243504461.0
2497,243504072.0
2498,243503578.0
2499,242012192.0
2500,242011818.0
2501,242011427.0
2502,242010692.0
2503,240459573.0
2504,240459198.0
2505,240458884.0
2506,240458558.0
2507,236358861.0
2508,236358471.0
2509,236357970.0
2510,236357288.0
2511,234953272.0
2512,234953016.0
2513,234952762.0
2514,234952465.0
2515,234952111.0
2516,233560775.0
2517,233560286.0
2518,233559783.0
2519,233559314.0
2520,231907385.0
2521,231906677.0
2522,231906059.0
2523,231903185.0
2524,231902839.0
2525,230854811.0
2526,230854050.0
2527,13652387.0
2528,13652318.0
2529,13652247.0
2530,230500693.0
2531,226637414.0
2532,226636752.0
2533,226636053.0
2534,226635404.0
2535,225032484.0
2536,225032144.0
2537,225031747.0
2538,225031147.0
2539,223655818.0
2540,223655404.0
2541,223654953.0
2542,223654487.0
2543,221828585.0
2544,221827740.0
2545,221827257.0
2546,221826943.0
2547,221826644.0
2548,220797314.0
2549,220796969.0
2550,220796523.0
2551,220795987.0
2552,217147438.0
2553,217125715.0
2554,217125448.0
2555,217125111.0
2556,217124634.0
2557,215890448.0
2558,215890210.0
2559,215889896.0
2560,215889414.0
2561,215888969.0
2562,214450745.0
2563,214450447.0
2564,214450042.0
2565,214449562.0
2566,213350571.0
2567,213350307.0
2568,213350028.0
2569,213349722.0
2570,212130346.0
2571,212130101.0
2572,212129836.0
2573,212129553.0
2574,207959087.0
2575,207958589.0
2576,207958290.0
2577,207957896.0
2578,207055600.0
2579,206757372.0
2580,206757111.0
2581,206756826.0
2582,206657070.0
2583,205454393.0
2584,205454024.0
2585,205453731.0
2586,205453416.0
2587,204189585.0
2588,204189307.0
2589,204189065.0
2590,204188693.0
2591,202953213.0
2592,202952951.0
2593,7820337.0
2594,202951636.0
2595,199166039.0
2596,6891185.0
2597,199044845.0
2598,199044443.0
2599,199044041.0
2600,199043636.0
2601,6606818.0
2602,6606742.0
2603,6606648.0
2604,197895597.0
2605,196661265.0
2606,196660946.0
2607,196660633.0
2608,196660275.0
2609,195185962.0
2610,195185677.0
2611,195185314.0
2612,195184885.0
2613,194023522.0
2614,194016261.0
2615,194014935.0
2616,194014498.0
2617,194014196.0
2618,190398848.0
2619,190398431.0
2620,190398161.0
2621,190397446.0
2622,188952223.0
2623,188951943.0
2624,188951674.0
2625,188951390.0
2626,186524424.0
2627,186524097.0
2628,186523673.0
2629,186523278.0
2630,185394139.0
2631,185393766.0
2632,185393107.0
2633,185392555.0
2634,181461736.0
2635,181461326.0
2636,181461003.0
2637,181460689.0
2638,180207512.0
2639,180207135.0
2640,180206740.0
2641,180206325.0
2642,179083965.0
2643,179083707.0
2644,179083250.0
2645,179082893.0
2646,177828259.0
2647,177827950.0
2648,177827645.0
2649,177827348.0
2650,176622122.0
2651,176621642.0
2652,176619885.0
2653,176619313.0
2654,172898242.0
2655,172898002.0
2656,172897639.0
2657,172897307.0
2658,170410440.0
2659,170410224.0
2660,170409975.0
2661,170409605.0
2662,1678175.0
2663,1678115.0
2664,1678042.0
2665,1677960.0
2666,1677877.0
2667,1324043.0
2668,1323950.0
2669,1323842.0
2670,1322516.0
2671,164710356.0
2672,164709858.0
2673,164709456.0
2674,164708970.0
2675,163193324.0
2676,163193068.0
2677,163192818.0
2678,163192538.0
2679,161670433.0
2680,161670046.0
2681,161669563.0
2682,161669105.0
2683,5108311.0
2684,5108262.0
2685,5108099.0
2686,5107961.0
2687,5107892.0
2688,4931693.0
2689,4931617.0
2690,4931560.0
2691,4931502.0
2692,4255264.0
2693,4255230.0
2694,4255187.0
2695,4255130.0
2696,4015059.0
2697,4015014.0
2698,4014972.0
2699,4014931.0
2700,3505169.0
2701,3505119.0
2702,3505081.0
2703,3505016.0
2704,3270667.0
2705,3270617.0
2706,3270561.0
2707,3270483.0
2708,2549916.0
2709,2549857.0
2710,2549768.0
2711,2517328.0
2712,2245699.0
2713,2133398.0
2714,2133243.0
2715,2133197.0
2716,2133140.0
2717,2133076.0
2718,1617056.0
2719,1616963.0
2720,1616800.0
2721,1616644.0
2722,1616359.0
2723,142087828.0
2724,1325201.0
2725,1325049.0
2726,1324815.0
2727,1324736.0
2728,1070296.0
2729,1070240.0
2730,1070178.0
2731,1070134.0
2732,327761.0
2733,327700.0
2734,327628.0
2735,327561.0
2736,40709.0
2737,1211481.0
2738,1211422.0
2739,1209411.0
2740,1209321.0
2741,782106.0
2742,782010.0
2743,781930.0
2744,781830.0
2745,366033.0
2746,365961.0
2747,365830.0
2748,365735.0
2749,365664.0
2750,365589.0
2751,365457.0
2752,131123900.0
2753,131123848.0
2754,131123793.0
2755,131123739.0
2756,201458.0
2757,200556.0
2758,200429.0
2759,200251.0
2760,200110.0
2761,199908.0
2762,11427744.0
2763,11427652.0
2764,11427537.0
2765,11427423.0
2766,10954733.0
2767,10949163.0
2768,10949039.0
2769,10948926.0
2770,10948792.0
2771,10460095.0
2772,10459989.0
2773,10459884.0
2774,10459749.0
2775,10000679.0
2776,10000279.0
2777,10000165.0
2778,10000068.0
2779,9999105.0
2780,8549125.0
2781,8549010.0
2782,8548913.0
2783,8548775.0
2784,8063278.0
2785,8063194.0
2786,8063068.0
2787,8062900.0
2788,7526429.0
2789,7526304.0
2790,7526136.0
2791,7526011.0
2792,6569126.0
2793,6568978.0
2794,6568878.0
2795,6568764.0
2796,5114895.0
2797,5114744.0
2798,5114450.0
2799,5114158.0
2800,4499929.0
2801,4415172.0
2802,4375746.0
2803,4375652.0
2804,4375539.0
2805,4375397.0
2806,3993889.0
2807,3993747.0
2808,3993613.0
2809,3993445.0
2810,3499251.0
2811,3499103.0
2812,3499006.0
2813,3498878.0
2814,3071751.0
2815,3071649.0
2816,3071551.0
2817,3042149.0
2818,3040322.0
2819,1155408.0
2820,1145388.0
2821,671841.0
2822,671550.0
2823,671251.0
2824,670917.0
2825,299079.0
2826,298922.0
2827,298542.0
2828,298368.0
2829,261831.0
2830,2468053.0
2831,2467823.0
2832,2467656.0
2833,2458634.0
2834,1950183.0
2835,1950099.0
2836,1950012.0
2837,1949897.0
2838,1665216.0
2839,1665109.0
2840,1665014.0
2841,1664909.0
2842,99312521.0
2843,99312170.0
2844,99311809.0
2845,99311467.0
2846,98065883.0
2847,98065455.0
2848,98065110.0
2849,98064737.0
2850,97474658.0
2851,97474327.0
2852,97473946.0
2853,97473629.0
2854,95529944.0
2855,95529521.0
2856,92700597.0
2857,92700340.0
2858,92700064.0
2859,92699694.0
2860,91757206.0
2861,91756899.0
2862,91756598.0
2863,91755918.0
2864,90804151.0
2865,90803420.0
2866,89849154.0
2867,2213442.0
2868,2213299.0
2869,1491347.0
2870,1491144.0
2871,235502.0
2872,235201.0
2873,235421.0
2874,234849.0
2875,2708277.0
2876,2696727.0
2877,3429086.0
2878,2696430.0
2879,3428871.0
2880,1296179.0
2881,1296022.0
2882,1295839.0
2883,1295680.0
2884,885289.0
2885,885133.0
2886,1689575.0
2887,884758.0
2888,1328202.0
2889,469099.0
2890,1327763.0
2891,1327576.0
2892,44948.0
2893,1008710.0
2894,44396.0
2895,44312.0
2896,44040.0
2897,75471.0
2898,622839.0
2899,75323.0
2900,622616.0
2901,74403260.0
2902,74402934.0
2903,74402494.0
2904,74401790.0
2905,73523553.0
2906,73523018.0
2907,73522706.0
2908,73522361.0
2909,72671892.0
2910,72671574.0
2911,72671305.0
2912,72665681.0
2913,72665345.0
2914,71684869.0
2915,71684285.0
2916,71683741.0
2917,71682185.0
2918,68340713.0
2919,68340345.0
2920,68339891.0
2921,68339052.0
2922,67511614.0
2923,67511064.0
2924,67510775.0
2925,67510255.0
2926,62983374.0
2927,62982907.0
2928,62982632.0
2929,62982230.0
2930,62054433.0
2931,62053730.0
2932,62052947.0
2933,62052672.0
2934,61012116.0
2935,61011785.0
2936,61011470.0
2937,61011056.0
2938,60125969.0
2939,60125651.0
2940,60125314.0
2941,60124983.0
2942,59260547.0
2943,59260038.0
2944,59259480.0
2945,59258617.0
2946,56719431.0
2947,56719105.0
2948,56718829.0
2949,56718450.0
2950,55885863.0
2951,55885353.0
2952,55885088.0
2953,55884742.0
2954,285435.0
2955,393905.0
2956,285434.0
2957,285431.0
2958,391494.0
2959,391493.0
2960,391492.0
2961,391491.0
2962,50465871.0
2963,50465576.0
2964,50465203.0
2965,50464877.0
2966,49659054.0
2967,49658438.0
2968,49658127.0
2969,49657871.0
2970,48847865.0
2971,48847165.0
2972,48846870.0
2973,48846291.0
2974,48182041.0
2975,48181542.0
2976,48181129.0
2977,48180678.0
2978,375407.0
2979,270604.0
2980,375389.0
2981,270596.0
2982,47158389.0
2983,47157900.0
2984,47157543.0
2985,47157286.0
2986,43566078.0
2987,43565505.0
2988,43564940.0
2989,43564501.0
2990,42575682.0
2991,42575165.0
2992,42574483.0
2993,42564260.0
2994,40869233.0
2995,40868352.0
2996,40867818.0
2997,40867394.0
2998,347563.0
2999,249361.0
3000,249360.0
3001,249359.0
3002,37858824.0
3003,37858168.0
3004,37857579.0
3005,37856895.0
3006,35996476.0
3007,35995617.0
3008,35994200.0
3009,35993624.0
3010,35993058.0
3011,35038748.0
3012,35037380.0
3013,35036567.0
3014,35034089.0
3015,35025602.0
3016,234289.0
3017,326452.0
3018,32026181.0
3019,32025599.0
3020,31234679.0
3021,31233580.0
3022,31231472.0
3023,31230975.0
3024,30277919.0
3025,30277508.0
3026,30277089.0
3027,30276652.0
3028,26501702.0
3029,26501210.0
3030,26500739.0
3031,26500355.0
3032,25729337.0
3033,25728728.0
3034,25727992.0
3035,25727306.0
3036,25726534.0
3037,25725196.0
3038,25724794.0
3039,24220217.0
3040,24219608.0
3041,24218607.0
3042,24217547.0
3043,24216979.0
3044,24216109.0
3045,23485304.0
3046,23483520.0
3047,23482532.0
3048,23481869.0
3049,23481304.0
3050,23480701.0
3051,21304423.0
3052,21303873.0
3053,21303381.0
3054,21302889.0
3055,19690945.0
3056,19690209.0
3057,19689866.0
3058,19689337.0
3059,18898009.0
3060,18897578.0
3061,18897020.0
3062,18896252.0
3063,18733338.0
3064,18733309.0
3065,18733293.0
3066,18733269.0
3067,18634603.0
3068,18634571.0
3069,18634556.0
3070,18634539.0
3071,191521.0
3072,191519.0
3073,191517.0
3074,191514.0
3075,18573106.0
3076,18573080.0
3077,18573061.0
3078,18573034.0
3079,18539325.0
3080,18539307.0
3081,18539285.0
3082,18539269.0
3083,18501885.0
3084,18501856.0
3085,18501824.0
3086,18501795.0
3087,18325419.0
3088,18325374.0
3089,18325336.0
3090,18325310.0
3091,18260818.0
3092,18260784.0
3093,18260733.0
3094,18259595.0
3095,18204395.0
3096,18204360.0
3097,18204316.0
3098,18204272.0
3099,17929947.0
3100,17929893.0
3101,17929847.0
3102,17929796.0
3103,17872977.0
3104,17872935.0
3105,17872817.0
3106,17872792.0
3107,17832399.0
3108,17832370.0
3109,17832341.0
3110,17832325.0
3111,17800470.0
3112,17800451.0
3113,17800424.0
3114,17800405.0
3115,17701361.0
3116,17701330.0
3117,17701295.0
3118,17701237.0
3119,17656155.0
3120,17656127.0
3121,17656093.0
3122,17656056.0
3123,147492.0
3124,147490.0
3125,208518.0
3126,208517.0
3127,17578721.0
3128,17578676.0
3129,17578655.0
3130,17578633.0
3131,17431907.0
3132,17431847.0
3133,17431819.0
3134,17431741.0
3135,17393318.0
3136,17393296.0
3137,17393273.0
3138,17393235.0
3139,17393203.0
3140,17358650.0
3141,17358637.0
3142,17358609.0
3143,17358579.0
3144,17358551.0
3145,17324405.0
3146,17324308.0
3147,17324274.0
3148,17324255.0
3149,182408.0
3150,127330.0
3151,182407.0
3152,182405.0
3153,125130.0
3154,179445.0
3155,125127.0
3156,125126.0
3157,17115066.0
3158,17115009.0
3159,17114946.0
3160,17114905.0
3161,17056931.0
3162,17056878.0
3163,17056836.0
3164,17056759.0
3165,16990507.0
3166,16990414.0
3167,16990377.0
3168,16990346.0
3169,16784234.0
3170,16784192.0
3171,16784122.0
3172,16784082.0
3173,16732847.0
3174,16732772.0
3175,16732751.0
3176,16732718.0
3177,16678260.0
3178,16678237.0
3179,16678211.0
3180,16678085.0
3181,153257.0
3182,107525.0
3183,153256.0
3184,16639390.0
3185,16639349.0
3186,16606276.0
3187,16606256.0
3188,16606233.0
3189,16606218.0
3190,16519026.0
3191,16518991.0
3192,16518969.0
3193,16518947.0
3194,16459983.0
3195,16459967.0
3196,16459947.0
3197,16459927.0
3198,16430269.0
3199,16430250.0
3200,16430230.0
3201,16430197.0
3202,16400150.0
3203,16400121.0
3204,16400099.0
3205,16400063.0
3206,16306416.0
3207,16306388.0
3208,16306357.0
3209,16306333.0
3210,16274588.0
3211,16274548.0
3212,16274478.0
3213,16274458.0
3214,16242747.0
3215,16242700.0
3216,16242674.0
3217,16242650.0
3218,16204302.0
3219,16204286.0
3220,16204206.0
3221,16204184.0
3222,86163.0
3223,124184.0
3224,124183.0
3225,86157.0
3226,16084661.0
3227,16084635.0
3228,16084606.0
3229,16084587.0
3230,16043276.0
3231,16043258.0
3232,16043232.0
3233,16043210.0
3234,16006553.0
3235,16006519.0
3236,16006484.0
3237,16006361.0
3238,16006330.0
3239,15910348.0
3240,15910307.0
3241,15910218.0
3242,15910166.0
3243,15716712.0
3244,15716664.0
3245,15716620.0
3246,15716577.0
3247,15642573.0
3248,15642491.0
3249,15642449.0
3250,15642404.0
3251,15584275.0
3252,15584243.0
3253,15584219.0
3254,15584196.0
3255,15535242.0
3256,15535193.0
3257,15535118.0
3258,15535072.0
3259,15487867.0
3260,15487836.0
3261,15487805.0
3262,15487774.0
3263,15406139.0
3264,15406098.0
3265,15406075.0
3266,15406046.0
3267,15406021.0
3268,15376554.0
3269,15376530.0
3270,15376487.0
3271,15376451.0
3272,15345727.0
3273,15345704.0
3274,15287566.0
3275,15287506.0
3276,15287467.0
3277,15287431.0
3278,15201811.0
3279,15201790.0
3280,15201751.0
3281,15201729.0
3282,15144170.0
3283,15144077.0
3284,15144059.0
3285,15144028.0
3286,15144011.0
3287,15115801.0
3288,15115769.0
3289,15115751.0
3290,15115721.0
3291,15115700.0
3292,15087202.0
3293,15087173.0
3294,15087151.0
3295,15087110.0
3296,14886342.0
3297,14886318.0
3298,14886276.0
3299,14886256.0
3300,14886227.0
3301,14616780.0
3302,14616724.0
3303,14616676.0
3304,14616627.0
3305,14497098.0
3306,14497059.0
3307,14497022.0
3308,14496969.0
3309,14452030.0
3310,14451995.0
3311,14451967.0
3312,14451946.0
3313,14338485.0
3314,14338463.0
3315,14338425.0
3316,14338398.0
3317,14304948.0
3318,14304922.0
3319,14300138.0
3320,14300114.0
3321,14300090.0
3322,14300073.0
3323,14266119.0
3324,14266084.0
3325,14266064.0
3326,14266054.0
3327,14231237.0
3328,14231205.0
3329,14231154.0
3330,14231140.0
3331,14203928.0
3332,14203898.0
3333,14203252.0
3334,14203216.0
3335,14117369.0
3336,14117011.0
3337,14116977.0
3338,14116953.0
3339,14116929.0
3340,14085124.0
3341,14084997.0
3342,14084979.0
3343,14084960.0
3344,14084923.0
3345,14030722.0
3346,14030694.0
3347,14030671.0
3348,14030639.0
3349,14002045.0
3350,14002023.0
3351,14002012.0
3352,14001994.0
3353,14001962.0
3354,13923001.0
3355,13922985.0
3356,13922968.0
3357,13922943.0
3358,13837130.0
3359,13837102.0
3360,13837086.0
3361,13837067.0
3362,13805261.0
3363,13805227.0
3364,13805201.0
3365,13805183.0
3366,13720923.0
3367,13720906.0
3368,13720885.0
3369,13720867.0
3370,13691703.0
3371,13691678.0
3372,13691650.0
3373,13691632.0
3374,13613377.0
3375,13613349.0
3376,13613322.0
3377,13613293.0
3378,13564500.0
3379,13564459.0
3380,13564413.0
3381,13564374.0
3382,13338291.0
3383,13338152.0
3384,13338050.0
3385,13337934.0
3386,13255170.0
3387,13255110.0
3388,13255074.0
3389,13255039.0
3390,13141094.0
3391,13141065.0
3392,13141019.0
3393,13140991.0
3394,13088715.0
3395,13088690.0
3396,13088645.0
3397,13088556.0
3398,13088538.0
3399,13088520.0
3400,13058224.0
3401,13058189.0
3402,13058109.0
3403,13058072.0
3404,13030122.0
3405,13030105.0
3406,13030092.0
3407,13030072.0
3408,12915096.0
3409,12915080.0
3410,12915059.0
3411,12915035.0
3412,12891204.0
3413,12891179.0
3414,12891158.0
3415,12891138.0
3416,12891123.0
3417,12861841.0
3418,12861824.0
3419,12861806.0
3420,12861780.0
3421,12830068.0
3422,12830050.0
3423,12830036.0
3424,12830023.0
3425,12789821.0
3426,12789800.0
3427,12789782.0
3428,12789760.0
3429,12594166.0
3430,12594105.0
3431,12594068.0
3432,12594042.0
3433,12521831.0
3434,12521791.0
3435,12521748.0
3436,12521686.0
3437,12501873.0
3438,12501868.0
3439,12501862.0
3440,12501856.0
3441,133972.0
3442,133956.0
3443,9342.0
3444,133943.0
3445,8864.0
3446,126030.0
3447,126024.0
3448,126015.0
3449,2015.0
3450,21050.0
3451,21045.0
3452,1275.0
3453,1094.0
3454,1843656.0
3455,1843590.0
3456,1843513.0
3457,834372.0
3458,834133.0
3459,481035.0
3460,8712208.0
3461,8712167.0
3462,8711747.0
3463,8410665.0
3464,8410615.0
3465,8410536.0
3466,8605737.0
3467,8605546.0
3468,8261102.0
3469,8474088.0
3470,8135269.0
3471,8120320.0
3472,7696409.0
3473,8018908.0
3474,8018750.0
3475,7739746.0
3476,7739718.0
3477,7739577.0
3478,7130914.0
3479,7130856.0
3480,7425921.0
3481,6644769.0
3482,6381824.0
3483,6642611.0
3484,6218887.0
3485,6469501.0
3486,6218774.0
3487,63743673.0
3488,63742500.0
3489,63741237.0
3490,63740529.0
3491,59984293.0
3492,59983397.0
3493,59982199.0
3494,59980941.0
3495,59913767.0
3496,58157199.0
3497,58156316.0
3498,58155569.0
3499,58154040.0
3500,52236347.0
3501,52235357.0
3502,52234035.0
3503,52233120.0
3504,50210038.0
3505,50208609.0
3506,50207747.0
3507,50206892.0
3508,46383327.0
3509,46382106.0
3510,46381359.0
3511,46380376.0
3512,44471402.0
3513,44470406.0
3514,44469668.0
3515,44468853.0
3516,38553989.0
3517,38552789.0
3518,38550449.0
3519,38549518.0
3520,36352631.0
3521,36351451.0
3522,36350558.0
3523,36349576.0
3524,34504830.0
3525,34503697.0
3526,34502772.0
3527,34501765.0
3528,30511857.0
3529,30510965.0
3530,30510040.0
3531,22701214.0
3532,22700234.0
3533,22699213.0
3534,22698274.0
3535,20570584.0
3536,20562170.0
3537,20532158.0
3538,20531216.0
3539,18461019.0
3540,18460022.0
3541,18458884.0
3542,18457837.0
3543,16239011.0
3544,16237812.0
3545,16236380.0
3546,16235338.0
3547,10021800.0
3548,9987425.0
3549,9986466.0
3550,9985202.0
3551,7932058.0
3552,7930976.0
3553,7929611.0
3554,7928748.0
3555,5897680.0
3556,5896079.0
3557,5894301.0
3558,5893380.0
3559,3917176.0
3560,3916378.0
3561,3915412.0
3562,3914485.0
3563,1908339.0
3564,1905414.0
3565,1904096.0
3566,1903088.0
3567,121565561.0
3568,121564539.0
3569,121563506.0
3570,121562475.0
3571,119594541.0
3572,119593602.0
3573,119592572.0
3574,119591400.0
3575,117531700.0
3576,117530826.0
3577,117529529.0
3578,117528710.0
3579,115268160.0
3580,115266097.0
3581,115265027.0
3582,115264003.0
3583,113238369.0
3584,113237246.0
3585,113236022.0
3586,113234539.0
3587,453393537.0
3588,453393402.0
3589,453393313.0
3590,453393208.0
3591,453239466.0
3592,453239383.0
3593,453239302.0
3594,453239202.0
3595,453072605.0
3596,453072429.0
3597,453072331.0
3598,453068268.0
3599,452923491.0
3600,452923234.0
3601,452923129.0
3602,452923001.0
3603,452773446.0
3604,452773352.0
3605,452773222.0
3606,452773134.0
3607,452146261.0
3608,452146101.0
3609,452145973.0
3610,452145864.0
3611,451974059.0
3612,451973951.0
3613,451973819.0
3614,451973706.0
3615,451754980.0
3616,451754867.0
3617,451754773.0
3618,451754646.0
3619,451524974.0
3620,451524819.0
3621,451524674.0
3622,451524354.0
3623,450872941.0
3624,450872809.0
3625,450872696.0
3626,450872534.0
3627,450621320.0
3628,450621173.0
3629,450620869.0
3630,450620473.0
3631,450619892.0
3632,450336928.0
3633,450336743.0
3634,450336527.0
3635,450336358.0
3636,450007190.0
3637,450004451.0
3638,450004254.0
3639,450003970.0
3640,449623451.0
3641,449623276.0
3642,449623095.0
3643,3968177.0
3644,449047907.0
3645,449047726.0
3646,449047550.0
3647,449047388.0
3648,448851277.0
3649,448851181.0
3650,448851073.0
3651,448645413.0
3652,448645203.0
3653,448645069.0
3654,448644891.0
3655,448508679.0
3656,448508582.0
3657,448508511.0
3658,448508414.0
3659,448361169.0
3660,448361068.0
3661,448360976.0
3662,448045538.0
3663,448045465.0
3664,448045355.0
3665,448045272.0
3666,447880757.0
3667,447880660.0
3668,447880588.0
3669,447880496.0
3670,447743244.0
3671,447743161.0
3672,447743062.0
3673,447742993.0
3674,447742827.0
3675,447598566.0
3676,447598426.0
3677,447598344.0
3678,447598269.0
3679,447454897.0
3680,447454752.0
3681,447454659.0
3682,447454574.0
3683,447454514.0
3684,447019302.0
3685,447019203.0
3686,447019104.0
3687,447019024.0
3688,446827945.0
3689,446827785.0
3690,446827626.0
3691,446827509.0
3692,446592799.0
3693,446592614.0
3694,446592464.0
3695,446592357.0
3696,446409048.0
3697,446408940.0
3698,446408845.0
3699,445859442.0
3700,445859332.0
3701,445859199.0
3702,445686893.0
3703,445686417.0
3704,445686292.0
3705,445686192.0
3706,445686087.0
3707,445136843.0
3708,445136579.0
3709,445136199.0
3710,445135886.0
3711,444808873.0
3712,444808708.0
3713,444808572.0
3714,444808361.0
3715,442608594.0
3716,442608493.0
3717,442608400.0
3718,442327570.0
3719,442327440.0
3720,442327302.0
3721,442327227.0
3722,442317056.0
3723,442316975.0
3724,442189934.0
3725,442189833.0
3726,442189711.0
3727,442189172.0
3728,442189050.0
Total Records Reject 370 
