Total Records Added 1142 
#.,ID
0,535455518
1,535455117
2,535454727
3,535454324
4,535432140
5,535431276
6,14124524
7,13955230
8,14123759
9,14123433
10,14107484
11,14107362
12,2219286
13,13938760
14,535367686
15,13938255
16,535359166
17,535358761
18,535358125
19,535357578
20,14104065
21,14103749
22,535345879
23,535340217
24,535339003
25,13929527
26,14097136
27,13928950
28,14096792
29,535332391
30,535331787
31,535330934
32,535330163
33,13926949
34,535326361
35,14094683
36,13926509
37,535325517
38,13926314
39,535324818
40,535324246
41,535319453
42,535318579
43,535317780
44,535316885
45,14091295
46,535313920
47,535313156
48,535312521
49,535311564
50,535310226
51,535309731
52,535309272
53,535308708
54,13921714
55,14088757
56,14088569
57,14088333
58,14087944
59,13919012
60,13918715
61,14085786
62,13917970
63,13917810
64,13917664
65,13917525
66,14084701
67,2214067
68,13916961
69,13916956
70,14084181
71,2213995
72,13916572
73,13916304
74,14082975
75,14082575
76,13914888
77,13914707
78,14082121
79,2213497
80,13914493
81,14081692
82,14081533
83,535278681
84,535278231
85,535278228
86,535277778
87,535277653
88,535277638
89,535277002
90,14079549
91,2212861
92,535275291
93,14079141
94,535273972
95,13911345
96,13909706
97,14076705
98,14076601
99,2212220
100,13909379
101,14076411
102,2212131
103,535265286
104,13909047
105,535264703
106,535264015
107,535263333
108,535259152
109,2211701
110,535258462
111,13907197
112,535257676
113,535256861
114,535256743
115,535256025
116,535255628
117,535254342
118,535253629
119,13905022
120,14071674
121,13901168
122,14067576
123,13900869
124,13900733
125,14065256
126,14065146
127,14065074
128,2209668
129,2209648
130,13898337
131,2209051
132,13895839
133,14061945
134,14061819
135,13895630
136,13895517
137,13895320
138,13895230
139,14059480
140,14059383
141,2208397
142,2208370
143,535207754
144,535207381
145,535206947
146,535206177
147,535190954
148,535190424
149,14053818
150,13887999
151,535176156
152,535175684
153,535175232
154,535174681
155,535159735
156,535159241
157,535158658
158,535158033
159,535134325
160,535132955
161,535131332
162,535128857
163,535127757
164,535126502
165,535124577
166,535123295
167,13868971
168,14033286
169,14033034
170,14032918
171,535090337
172,535089386
173,535088896
174,535088450
175,14025604
176,14025396
177,14010762
178,13847410
179,14010398
180,14010082
181,534896351
182,534895619
183,534894688
184,534894032
185,13728027
186,13563822
187,2126509
188,13561902
189,13561590
190,13725521
191,534127456
192,13561331
193,13561303
194,534126789
195,534125734
196,2126153
197,534124513
198,13540828
199,13704704
200,13690952
201,13690709
202,13682955
203,13519025
204,2116239
205,2116188
206,533834231
207,533833658
208,533833011
209,533832165
210,533815912
211,533815117
212,533814524
213,13648926
214,533813961
215,13648786
216,13485582
217,13485381
218,13479924
219,13642642
220,533783900
221,533783398
222,533782114
223,13640412
224,533781495
225,13477442
226,535123295
227,14033286
228,13477264
229,13477101
230,13847410
231,13474388
232,13474234
233,13473440
234,533762377
235,13635282
236,13635188
237,2105351
238,13472189
239,533760840
240,533760016
241,533758932
242,533754385
243,533753477
244,533744708
245,533744331
246,533743973
247,533743540
248,2104252
249,13630084
250,13467046
251,533813961
252,13466719
253,2104004
254,13628876
255,13465378
256,13465262
257,13627560
258,533733252
259,2103644
260,533732748
261,533731103
262,533730726
263,533730338
264,533729961
265,533724835
266,13623272
267,13460881
268,533701966
269,533701741
270,533701178
271,533700885
272,13456504
273,533700101
274,2101646
275,533699693
276,13456217
277,533699014
278,13456116
279,533698600
280,533697496
281,13615771
282,533689356
283,533689117
284,13453598
285,533688803
286,13615192
287,533688278
288,13614949
289,533687024
290,13614555
291,13452669
292,13614296
293,533684760
294,13452398
295,13451109
296,13450968
297,13450867
298,13450657
299,13611359
300,13449486
301,13449348
302,13610876
303,2099682
304,13448072
305,13447971
306,13447860
307,2099240
308,13608050
309,13607930
310,2099157
311,13443347
312,2098460
313,13604500
314,13604418
315,533643920
316,533642943
317,533642434
318,533641914
319,533619995
320,533619499
321,533618985
322,533618416
323,533611766
324,533611306
325,533610495
326,533609947
327,533586752
328,533585610
329,13426874
330,13587383
331,13426674
332,533583696
333,2094516
334,533579014
335,533574037
336,533573559
337,13584422
338,2093850
339,13583457
340,13583367
341,13583303
342,2093605
343,13412913
344,13412666
345,13412560
346,13412410
347,13572119
348,13571994
349,2091011
350,13571731
351,533492557
352,533491630
353,533490971
354,533490185
355,533411614
356,533411076
357,533410334
358,533409768
359,533322349
360,533321866
361,533321300
362,533320591
363,13323496
364,13323410
365,13323344
366,13477855
367,531138215
368,531137265
369,531136507
370,531135589
371,530273560
372,12484183
373,12483949
374,12388751
375,12219567
376,12387976
377,12387796
378,12387629
379,529530376
380,529529658
381,529528964
382,529527700
383,12349835
384,12349674
385,12182024
386,12181826
387,12348813
388,12181118
389,12348307
390,12348125
391,12347909
392,12347710
393,12180261
394,12347493
395,12175922
396,12175690
397,12342815
398,12175366
399,12339888
400,12172561
401,12172444
402,12172160
403,12337594
404,12170221
405,12169907
406,12158678
407,12325223
408,12325141
409,12158428
410,12156511
411,12321382
412,12320471
413,529317939
414,529317360
415,1907856
416,529316865
417,529316242
418,529264551
419,529264079
420,529263530
421,529263019
422,529260280
423,529259447
424,529258672
425,12138994
426,12303156
427,12137716
428,12302842
429,12302721
430,12136640
431,12301620
432,529245989
433,529245196
434,529243564
435,529243078
436,529242475
437,529241760
438,529232416
439,529231663
440,529231055
441,1904864
442,529230048
443,12132598
444,12132351
445,12296859
446,529208574
447,529207678
448,529205994
449,529204759
450,529194360
451,529193824
452,12123554
453,12120266
454,12120000
455,12283739
456,12283389
457,12118645
458,529173995
459,529173255
460,529172655
461,529172459
462,12118180
463,12118162
464,529171997
465,529171976
466,12118008
467,529171191
468,529170667
469,12281647
470,12281498
471,12281485
472,12281210
473,12117270
474,12116772
475,12280540
476,12116199
477,12116047
478,12279839
479,12278833
480,529159353
481,12114744
482,529158625
483,529157835
484,529156791
485,12277112
486,12276985
487,1901468
488,12272219
489,12108586
490,12271913
491,12271904
492,12271770
493,12108040
494,12107907
495,529092682
496,12260262
497,529091360
498,12259862
499,12259614
500,12096728
501,12096518
502,1899715
503,12258719
504,12258578
505,529085108
506,12255598
507,12255466
508,12092988
509,12254963
510,529066135
511,529065488
512,529064780
513,529063650
514,12250123
515,12087425
516,12086868
517,12083788
518,12245433
519,12083374
520,12244944
521,529028269
522,529027724
523,529027192
524,529026567
525,529005912
526,529004041
527,529002461
528,528997283
529,528994121
530,528993569
531,528992915
532,528989374
533,528987552
534,528987024
535,528986558
536,528985852
537,528982392
538,528981634
539,528981154
540,528980614
541,12066043
542,1895485
543,12226347
544,12065529
545,12065512
546,1895398
547,12225616
548,12225391
549,12221986
550,1894870
551,1894856
552,1894846
553,528932373
554,528931593
555,528931039
556,528930347
557,528929354
558,12051428
559,12051254
560,12210434
561,12050828
562,12049496
563,12049181
564,12049097
565,12208336
566,528875212
567,528684466
568,528683736
569,528683211
570,528682622
571,11872896
572,11721694
573,11843574
574,11693547
575,527638942
576,527638750
577,11692023
578,527637827
579,11681446
580,11681276
581,11681148
582,11830136
583,527585860
584,527585143
585,11678699
586,11827679
587,11826934
588,11826836
589,527577752
590,11677643
591,11677634
592,11826588
593,11677504
594,11677235
595,11676905
596,527573159
597,1840195
598,11824478
599,11675233
600,11823881
601,11674860
602,1839968
603,11674334
604,11674119
605,11822886
606,11822824
607,11822807
608,11822761
609,11822642
610,11673793
611,11673721
612,11673508
613,11822151
614,11821283
615,527554947
616,527554552
617,527554177
618,527553685
619,11818837
620,11818539
621,527542958
622,527540965
623,527540600
624,527540263
625,11668555
626,11814844
627,11666231
628,527524495
629,527523503
630,527513662
631,527513192
632,11810127
633,527512771
634,527512342
635,527512316
636,11661207
637,11661019
638,11809140
639,11660668
640,11806687
641,11658236
642,11657194
643,11657064
644,11656950
645,11656767
646,527492067
647,527490269
648,527489167
649,527487989
650,527482502
651,527481256
652,527480749
653,527480228
654,11651816
655,527473090
656,11650575
657,527468734
658,527461004
659,527460180
660,11796195
661,527459756
662,527459627
663,527459577
664,11648158
665,527459065
666,11648037
667,527458714
668,527458583
669,527458401
670,527457988
671,527457795
672,527457477
673,527457094
674,527456962
675,527456861
676,527456698
677,527456285
678,527455801
679,11645760
680,11793138
681,11645243
682,11788400
683,11788210
684,11639884
685,1835259
686,11638496
687,527422263
688,527421318
689,11785364
690,527418502
691,527417948
692,11637041
693,11783579
694,11783413
695,11635619
696,11783098
697,527407126
698,527401500
699,527400654
700,527400620
701,527400041
702,527398689
703,527397568
704,527396923
705,11777531
706,11629976
707,11777135
708,11776941
709,527380067
710,527379544
711,527379044
712,527378476
713,11622262
714,11769296
715,1832866
716,11768906
717,527359248
718,527356040
719,527353970
720,527352911
721,527352294
722,527351909
723,527351511
724,527350538
725,11759601
726,11612699
727,11759080
728,11612262
729,11758528
730,11611617
731,11611534
732,11757897
733,11611317
734,11756228
735,11755969
736,11608351
737,11754516
738,11607812
739,11607722
740,11607642
741,11607530
742,11607448
743,1830566
744,11604675
745,11750683
746,11604343
747,11593643
748,11593399
749,11592958
750,11738154
751,11590691
752,11735773
753,11735438
754,11590113
755,527193770
756,527190750
757,527188584
758,527187452
759,527186010
760,11718360
761,11574148
762,11717932
763,11717560
764,526085715
765,526084888
766,526082084
767,526081599
768,526075123
769,526074787
770,1779203
771,526074071
772,526073470
773,526072915
774,526072844
775,526072490
776,526072247
777,526069467
778,526069041
779,526057468
780,526053819
781,526052829
782,526051876
783,1778344
784,11235509
785,11366404
786,11366235
787,11229943
788,11365890
789,11227985
790,11363842
791,11227853
792,11363748
793,11363595
794,11227581
795,11363241
796,11362883
797,526012617
798,526011808
799,526011154
800,526010619
801,526001183
802,11358320
803,11358186
804,11222640
805,11357945
806,11353309
807,11353163
808,525972954
809,525971682
810,525970428
811,525969612
812,11215274
813,11215055
814,11349869
815,11214586
816,11349502
817,11214381
818,11349203
819,11349032
820,525947587
821,525947169
822,525946552
823,11208381
824,525936817
825,525936396
826,1774453
827,11200752
828,11200590
829,11333784
830,11197023
831,525892411
832,525891085
833,525890206
834,525888976
835,11327516
836,11194697
837,11194551
838,11326945
839,11193935
840,11326316
841,11326100
842,11193344
843,525872290
844,525871645
845,525870745
846,525869811
847,525869257
848,525868736
849,525867281
850,525865379
851,525863218
852,525862350
853,525858897
854,525858440
855,525858083
856,525857399
857,11186750
858,11186559
859,11186547
860,11186420
861,11318370
862,11318289
863,11186076
864,11185999
865,11185787
866,525842209
867,525841615
868,11182961
869,525841290
870,525841050
871,525840413
872,525840014
873,11182590
874,525840005
875,525839880
876,525839456
877,525839159
878,525838872
879,525836082
880,525835655
881,525835441
882,525834972
883,11181079
884,11180942
885,525829529
886,525829025
887,11311204
888,525828626
889,11311045
890,525828218
891,11310954
892,11310864
893,525819931
894,525819523
895,525818970
896,525818750
897,525818434
898,525817702
899,525817605
900,525817360
901,525816857
902,525816584
903,11175768
904,11306620
905,11306146
906,11174839
907,525789662
908,525789107
909,525788421
910,525787658
911,525744356
912,525743754
913,525743092
914,525742343
915,525735528
916,525734991
917,525734323
918,525733359
919,525732783
920,11277119
921,11276814
922,11276512
923,11147595
924,11143617
925,11143495
926,11143319
927,11271364
928,11142933
929,11271061
930,11270592
931,11142387
932,11142298
933,1765780
934,11270226
935,11270180
936,11270016
937,525657414
938,525656851
939,11254201
940,525621418
941,11127070
942,11126557
943,11253086
944,525540467
945,525539939
946,525539471
947,525538713
948,525286508
949,525285903
950,525284744
951,525282634
952,524784837
953,524783815
954,524782839
955,524781464
956,10975263
957,1725652
958,10974512
959,10974285
960,10843763
961,10957893
962,10841879
963,10955995
964,10948421
965,10948041
966,10832750
967,10947581
968,10832318
969,10947337
970,524681631
971,10832093
972,10946747
973,10830298
974,10830147
975,10829973
976,10944718
977,10941115
978,10940403
979,10824031
980,10823742
981,10920231
982,10806660
983,10919889
984,10806313
985,10917893
986,10804148
987,1717901
988,10803540
989,10907576
990,524533340
991,524532605
992,10905437
993,1716391
994,10904802
995,10904614
996,524528358
997,1715912
998,10901010
999,10900811
1000,10900452
1001,524510603
1002,524506494
1003,10785460
1004,10897130
1005,524493854
1006,524493240
1007,524492384
1008,524491759
1009,524490829
1010,524489688
1011,524488535
1012,524482112
1013,524481632
1014,524481045
1015,524480366
1016,10891655
1017,1714674
1018,524359022
1019,524358475
1020,524357358
1021,10745714
1022,10853392
1023,10745408
1024,10745228
1025,524325683
1026,524310634
1027,524310164
1028,524309787
1029,524309369
1030,10842516
1031,1708546
1032,10841885
1033,524286532
1034,10730374
1035,10729521
1036,10836131
1037,1707755
1038,10835762
1039,10834550
1040,10834355
1041,10834163
1042,10834022
1043,524254745
1044,524253397
1045,10830114
1046,10829864
1047,524252397
1048,10829632
1049,1706808
1050,10828844
1051,10722268
1052,10828481
1053,10828080
1054,10721604
1055,10721568
1056,10721442
1057,1706640
1058,10827542
1059,10721075
1060,10827168
1061,524230872
1062,524229662
1063,524225462
1064,524224656
1065,10715376
1066,10821226
1067,10715028
1068,10714901
1069,524219504
1070,524218906
1071,524218323
1072,524218271
1073,524217663
1074,524216295
1075,524215479
1076,524197357
1077,524196849
1078,524196222
1079,524195727
1080,10808858
1081,10703361
1082,524178611
1083,524177973
1084,10703054
1085,10808173
1086,524175157
1087,524174354
1088,524174328
1089,524173558
1090,524172709
1091,524172060
1092,524170413
1093,10700362
1094,10697924
1095,10696652
1096,10801423
1097,10801215
1098,10801078
1099,524133806
1100,524132138
1101,524132080
1102,524131380
1103,524130673
1104,524129823
1105,524128154
1106,524127436
1107,524090472
1108,524088853
1109,524087011
1110,524085857
1111,10666212
1112,10769396
1113,10769239
1114,10665770
1115,10767206
1116,524029698
1117,10663574
1118,10663490
1119,524005284
1120,524003990
1121,523869076
1122,523866737
1123,523866092
1124,523865041
1125,523864453
1126,523863718
1127,523526469
1128,523526098
1129,523525662
1130,10384970
1131,10384566
1132,1645803
1133,10286237
1134,10322681
1135,10322145
1136,10226806
1137,10226660
1138,522518536
1139,522517908
1140,522517101
1141,522509758
Total Records Reject 279 
