Total Records Added 1016 
#.,ID
0,8930569.0
1,8838096.0
2,8837753.0
3,1438711.0
4,8836857.0
5,8830054.0
6,1437470.0
7,8826811.0
8,8826632.0
9,8826096.0
10,8853568.0
11,517823537.0
12,517822711.0
13,8852958.0
14,8793940.0
15,8851925.0
16,8850695.0
17,8850480.0
18,1432022.0
19,8790821.0
20,517749295.0
21,517572048.0
22,517571373.0
23,517570797.0
24,517570243.0
25,8732365.0
26,8787276.0
27,8787064.0
28,8786742.0
29,8728699.0
30,8782586.0
31,8727612.0
32,8715217.0
33,8715030.0
34,517486784.0
35,8714769.0
36,8768684.0
37,8714578.0
38,517485364.0
39,8714471.0
40,8714312.0
41,517484362.0
42,8714048.0
43,517483130.0
44,517482117.0
45,8766767.0
46,8712873.0
47,8712640.0
48,8712460.0
49,517470015.0
50,8710368.0
51,8710279.0
52,8763868.0
53,517467649.0
54,517467431.0
55,517466044.0
56,517465853.0
57,517464602.0
58,517463425.0
59,517463121.0
60,517462385.0
61,517461143.0
62,517458703.0
63,8761495.0
64,517458238.0
65,517455855.0
66,8707187.0
67,8706631.0
68,8706512.0
69,517445501.0
70,517442931.0
71,517441056.0
72,8755748.0
73,517435232.0
74,517434894.0
75,517433885.0
76,517433121.0
77,8695841.0
78,1418334.0
79,517405254.0
80,8747878.0
81,517404515.0
82,8694893.0
83,517367444.0
84,517366997.0
85,517366471.0
86,517365975.0
87,8734537.0
88,8682654.0
89,8682541.0
90,8682411.0
91,517334747.0
92,517333600.0
93,517332889.0
94,517332317.0
95,517323089.0
96,517321612.0
97,517320766.0
98,517318776.0
99,517317968.0
100,517317193.0
101,517316388.0
102,8722503.0
103,8671142.0
104,8666355.0
105,8666216.0
106,8716948.0
107,8716796.0
108,517295737.0
109,517295225.0
110,517294658.0
111,8715680.0
112,8664710.0
113,1414016.0
114,8714970.0
115,8664173.0
116,8714725.0
117,1413946.0
118,8663551.0
119,1413874.0
120,1413853.0
121,8713655.0
122,8713495.0
123,517284958.0
124,517284238.0
125,517282926.0
126,517282132.0
127,517260890.0
128,517259678.0
129,517259088.0
130,517258524.0
131,517191311.0
132,8637787.0
133,8637629.0
134,8637488.0
135,8632284.0
136,8680469.0
137,8672598.0
138,8672420.0
139,8672280.0
140,8672129.0
141,517126816.0
142,517125982.0
143,517125145.0
144,517123083.0
145,8663904.0
146,8616875.0
147,8663393.0
148,8663186.0
149,517084670.0
150,517083995.0
151,517083344.0
152,517082446.0
153,517079192.0
154,8601993.0
155,8601906.0
156,517044849.0
157,1405650.0
158,8646917.0
159,517043657.0
160,517042569.0
161,517040745.0
162,516811088.0
163,516810179.0
164,516809220.0
165,516808282.0
166,515875351.0
167,8269232.0
168,8228275.0
169,8268631.0
170,1354761.0
171,8267834.0
172,515783488.0
173,515782820.0
174,515781319.0
175,515780541.0
176,8232316.0
177,8193495.0
178,8192482.0
179,8191585.0
180,515725327.0
181,8229860.0
182,515724102.0
183,515722936.0
184,8229247.0
185,515720790.0
186,8189757.0
187,8228097.0
188,8189460.0
189,8227751.0
190,515706166.0
191,515705394.0
192,8184350.0
193,8222430.0
194,8183961.0
195,8183883.0
196,8221941.0
197,8221793.0
198,8183398.0
199,515688982.0
200,515687976.0
201,515687331.0
202,515686747.0
203,8181470.0
204,515684660.0
205,515684003.0
206,515682806.0
207,515682005.0
208,8176572.0
209,8174005.0
210,8211509.0
211,515656078.0
212,8173365.0
213,515654200.0
214,515651016.0
215,1345755.0
216,8163572.0
217,8200236.0
218,8199856.0
219,8162472.0
220,8162182.0
221,515610854.0
222,515610019.0
223,515609278.0
224,8198484.0
225,515606814.0
226,8195731.0
227,8195564.0
228,1344985.0
229,8195208.0
230,515549284.0
231,515548334.0
232,8145544.0
233,515547108.0
234,8181077.0
235,8180903.0
236,8145067.0
237,515545709.0
238,515541854.0
239,515541390.0
240,515540953.0
241,515540336.0
242,515539137.0
243,8143206.0
244,515536263.0
245,8177684.0
246,515504198.0
247,515503704.0
248,515503298.0
249,515502783.0
250,515499571.0
251,515498145.0
252,515497332.0
253,515496610.0
254,515470159.0
255,515469635.0
256,515469110.0
257,515468666.0
258,8153863.0
259,8119674.0
260,1339534.0
261,8153207.0
262,515447670.0
263,8118040.0
264,515445640.0
265,8117821.0
266,515444605.0
267,8151514.0
268,515443942.0
269,8117407.0
270,515443285.0
271,8150837.0
272,515442135.0
273,8116918.0
274,515441653.0
275,8116796.0
276,515441168.0
277,515429506.0
278,515428826.0
279,515427410.0
280,515426753.0
281,8110438.0
282,8143624.0
283,8143499.0
284,515416645.0
285,515415728.0
286,8109740.0
287,515415092.0
288,1338103.0
289,515414425.0
290,8109009.0
291,8142280.0
292,8141931.0
293,8137822.0
294,1337406.0
295,8104338.0
296,8104192.0
297,8137372.0
298,8136946.0
299,8136663.0
300,8135818.0
301,515388968.0
302,515388326.0
303,8135246.0
304,8134951.0
305,8134748.0
306,8101402.0
307,8134307.0
308,8101186.0
309,8134202.0
310,8134110.0
311,8133994.0
312,515365815.0
313,515365278.0
314,515364824.0
315,515364356.0
316,515352725.0
317,515351651.0
318,8085806.0
319,515324387.0
320,1334768.0
321,8111278.0
322,1334083.0
323,8110860.0
324,8110734.0
325,515299207.0
326,515297289.0
327,515296529.0
328,515295276.0
329,515292740.0
330,515291695.0
331,515290797.0
332,515289959.0
333,8068157.0
334,8068036.0
335,1332570.0
336,8098680.0
337,8097200.0
338,8097004.0
339,8065970.0
340,8096594.0
341,1332277.0
342,8065604.0
343,8096143.0
344,8096009.0
345,515142498.0
346,515141592.0
347,515140164.0
348,515139097.0
349,515068252.0
350,515067065.0
351,515066116.0
352,515065216.0
353,1326154.0
354,514907050.0
355,514764682.0
356,514763719.0
357,514762958.0
358,514761924.0
359,514314772.0
360,514313884.0
361,514312652.0
362,7694102.0
363,7679492.0
364,513826782.0
365,513826156.0
366,513825258.0
367,513824534.0
368,513823686.0
369,513822651.0
370,513809718.0
371,513808383.0
372,513807615.0
373,513806726.0
374,7649575.0
375,7662060.0
376,7652427.0
377,7652024.0
378,7639530.0
379,7651304.0
380,7651055.0
381,1272431.0
382,7650038.0
383,513736946.0
384,513735824.0
385,513730943.0
386,513730235.0
387,513729483.0
388,513728638.0
389,513718777.0
390,513718172.0
391,513717609.0
392,513717033.0
393,7637936.0
394,7626449.0
395,7637694.0
396,7636400.0
397,7636162.0
398,7635982.0
399,7633552.0
400,7633426.0
401,7622002.0
402,7621844.0
403,7621169.0
404,7620838.0
405,513675156.0
406,7630934.0
407,513674632.0
408,7619964.0
409,7630797.0
410,513674112.0
411,513673533.0
412,7630563.0
413,513669976.0
414,7629440.0
415,513669234.0
416,513668609.0
417,7618432.0
418,7618247.0
419,513667789.0
420,7617957.0
421,7617330.0
422,7627889.0
423,7627685.0
424,7616813.0
425,7615792.0
426,7626277.0
427,513649525.0
428,513647893.0
429,513646467.0
430,513645515.0
431,1268860.0
432,7622251.0
433,513641754.0
434,513641256.0
435,513640780.0
436,513640294.0
437,7620340.0
438,7620039.0
439,7619425.0
440,513632961.0
441,513632517.0
442,513632053.0
443,513631531.0
444,7608171.0
445,7605499.0
446,7615517.0
447,7615397.0
448,7605145.0
449,7603734.0
450,7603648.0
451,1267692.0
452,7613660.0
453,7603478.0
454,7603451.0
455,7613497.0
456,7603340.0
457,7603170.0
458,513609409.0
459,7612798.0
460,7612593.0
461,7601557.0
462,7601371.0
463,1267385.0
464,7601108.0
465,7601016.0
466,7600920.0
467,7600815.0
468,1267300.0
469,7600475.0
470,7606710.0
471,513581468.0
472,513580745.0
473,7595230.0
474,513580031.0
475,7594998.0
476,7604034.0
477,513578377.0
478,7594541.0
479,513569580.0
480,513568805.0
481,513564839.0
482,513561922.0
483,7589218.0
484,7598067.0
485,513556955.0
486,1265664.0
487,1265630.0
488,513552886.0
489,513552094.0
490,513551349.0
491,513550589.0
492,7581209.0
493,513528574.0
494,7580843.0
495,7589186.0
496,1264604.0
497,7588952.0
498,7580463.0
499,7588754.0
500,7580304.0
501,7580174.0
502,513525119.0
503,7588533.0
504,7580008.0
505,7579964.0
506,513524278.0
507,7579771.0
508,7579622.0
509,7579439.0
510,513520447.0
511,513519910.0
512,513513752.0
513,513512931.0
514,513512237.0
515,513511366.0
516,513510375.0
517,513509775.0
518,7584044.0
519,513509033.0
520,7575744.0
521,513508285.0
522,7575547.0
523,7575075.0
524,7574900.0
525,7569393.0
526,7577201.0
527,7577100.0
528,7576808.0
529,1263028.0
530,7568745.0
531,7568398.0
532,7568156.0
533,7567909.0
534,1259521.0
535,7548105.0
536,7547949.0
537,7542178.0
538,513352696.0
539,513351429.0
540,513351005.0
541,7540779.0
542,513198515.0
543,513197539.0
544,513195864.0
545,513194794.0
546,513144631.0
547,513143587.0
548,513142635.0
549,513141403.0
550,512925225.0
551,512923588.0
552,512922763.0
553,512922037.0
554,512921199.0
555,512605835.0
556,512605589.0
557,512605252.0
558,512605024.0
559,511943751.0
560,511942930.0
561,511941761.0
562,511940689.0
563,7103603.0
564,7103382.0
565,7102655.0
566,7102304.0
567,511853642.0
568,511852847.0
569,7099308.0
570,7099066.0
571,511851014.0
572,1196671.0
573,511850132.0
574,1196627.0
575,7096435.0
576,7092614.0
577,7091793.0
578,7091538.0
579,7093823.0
580,7090104.0
581,7089953.0
582,7093416.0
583,7092956.0
584,7092845.0
585,7092740.0
586,7092540.0
587,7088272.0
588,511776985.0
589,511776250.0
590,7076263.0
591,7079883.0
592,7075633.0
593,7079016.0
594,511752187.0
595,511727352.0
596,511726844.0
597,511726345.0
598,511725799.0
599,511703615.0
600,511702797.0
601,7062929.0
602,511702548.0
603,511702247.0
604,7058205.0
605,7058019.0
606,511701602.0
607,7062551.0
608,7050766.0
609,7055510.0
610,7055343.0
611,7055173.0
612,511670282.0
613,511669212.0
614,511668130.0
615,511667734.0
616,7014143.0
617,1185242.0
618,7013874.0
619,7020274.0
620,7012428.0
621,1185015.0
622,7018717.0
623,7018578.0
624,511529621.0
625,511528222.0
626,511525858.0
627,511521410.0
628,7009535.0
629,7016023.0
630,511511922.0
631,511510346.0
632,7003919.0
633,7003823.0
634,7003722.0
635,7003608.0
636,6545041.0
637,6544798.0
638,6544323.0
639,6563024.0
640,1118558.0
641,6553959.0
642,509935414.0
643,6547177.0
644,509934285.0
645,509933033.0
646,509931881.0
647,509931215.0
648,509930960.0
649,509930297.0
650,6526364.0
651,509930220.0
652,6526209.0
653,509929384.0
654,509929360.0
655,6545722.0
656,6545692.0
657,6525948.0
658,509928666.0
659,6545537.0
660,509928408.0
661,509928375.0
662,6525625.0
663,509898019.0
664,509896540.0
665,509895679.0
666,509895083.0
667,509735503.0
668,509734829.0
669,509733839.0
670,509733080.0
671,509480159.0
672,509479214.0
673,509478335.0
674,509476907.0
675,899335.0
676,4971302.0
677,4893077.0
678,4870093.0
679,4949474.0
680,4868786.0
681,4868338.0
682,4948428.0
683,4867868.0
684,4948014.0
685,504478066.0
686,4866869.0
687,504477123.0
688,4866695.0
689,504475956.0
690,4866495.0
691,504474933.0
692,4946378.0
693,504472095.0
694,4865260.0
695,4865065.0
696,4864911.0
697,504469430.0
698,504468811.0
699,4945303.0
700,504468169.0
701,890558.0
702,4862872.0
703,4943361.0
704,4861870.0
705,890071.0
706,4940079.0
707,4939956.0
708,4858857.0
709,4939683.0
710,4939474.0
711,4939269.0
712,4939225.0
713,4938674.0
714,4855789.0
715,4855634.0
716,4936883.0
717,4855232.0
718,504415460.0
719,504371672.0
720,504369784.0
721,504367623.0
722,4922363.0
723,504365012.0
724,4917443.0
725,504338113.0
726,504337185.0
727,504337011.0
728,4912260.0
729,4827953.0
730,4827690.0
731,4911600.0
732,504318247.0
733,504314897.0
734,504312855.0
735,504311544.0
736,504310386.0
737,504309586.0
738,504308564.0
739,504307721.0
740,4895335.0
741,4809063.0
742,4894988.0
743,883760.0
744,4807477.0
745,4893594.0
746,4806912.0
747,4893025.0
748,504239680.0
749,504238423.0
750,504236873.0
751,504235610.0
752,504215317.0
753,504214074.0
754,504213034.0
755,4799148.0
756,504211793.0
757,4886080.0
758,4796343.0
759,4883460.0
760,4883302.0
761,4795724.0
762,504145806.0
763,504144708.0
764,504143622.0
765,4863746.0
766,4863429.0
767,4773626.0
768,4773441.0
769,4772272.0
770,4861823.0
771,4861703.0
772,504110321.0
773,4861526.0
774,504109126.0
775,504107775.0
776,504106733.0
777,504061423.0
778,504060535.0
779,504059165.0
780,504058022.0
781,504025195.0
782,504024384.0
783,504023712.0
784,504022888.0
785,8601993.0
786,517042569.0
787,8229247.0
788,515684003.0
789,515651016.0
790,515499571.0
791,4809063.0
792,504019135.0
793,4746813.0
794,4839625.0
795,4839508.0
796,503975778.0
797,503974917.0
798,503974094.0
799,503973220.0
800,4733453.0
801,4733218.0
802,4733014.0
803,4732760.0
804,873987.0
805,4726685.0
806,873930.0
807,4726170.0
808,503926590.0
809,503925629.0
810,503851762.0
811,503850569.0
812,503848955.0
813,503847326.0
814,503846142.0
815,503772388.0
816,503771670.0
817,503770991.0
818,503770169.0
819,503760693.0
820,4368224.0
821,4229370.0
822,4222061.0
823,4221899.0
824,4221775.0
825,4221642.0
826,4210394.0
827,502139084.0
828,502138157.0
829,502137197.0
830,502104730.0
831,502103754.0
832,4310805.0
833,802581.0
834,4310056.0
835,4164431.0
836,502023754.0
837,4309638.0
838,502022833.0
839,4164006.0
840,502021721.0
841,4309243.0
842,502020667.0
843,4162819.0
844,4162645.0
845,4162606.0
846,4307906.0
847,502010030.0
848,502009272.0
849,502008557.0
850,4306118.0
851,502007824.0
852,802016.0
853,4305840.0
854,4160031.0
855,4305719.0
856,501995263.0
857,501993219.0
858,501991988.0
859,4152984.0
860,4299214.0
861,4299052.0
862,501976488.0
863,4152357.0
864,501975382.0
865,501975077.0
866,501973417.0
867,501972117.0
868,501969792.0
869,4297127.0
870,4150166.0
871,4149959.0
872,4296597.0
873,4296230.0
874,4295994.0
875,4294728.0
876,800465.0
877,4146437.0
878,4141718.0
879,799840.0
880,4141274.0
881,4288680.0
882,501925699.0
883,501924848.0
884,799483.0
885,501924157.0
886,4138537.0
887,4286217.0
888,4286034.0
889,4285867.0
890,4137693.0
891,4137322.0
892,4285139.0
893,501911118.0
894,4133798.0
895,4133560.0
896,4133356.0
897,4133116.0
898,501900257.0
899,501899456.0
900,501898476.0
901,501896880.0
902,4277602.0
903,4277389.0
904,4277339.0
905,4128347.0
906,4128307.0
907,501885510.0
908,4128286.0
909,501885057.0
910,4277038.0
911,501884888.0
912,501884627.0
913,4127999.0
914,4276820.0
915,4127922.0
916,501884107.0
917,4276759.0
918,4276692.0
919,4127699.0
920,4276592.0
921,501874387.0
922,501873909.0
923,501873450.0
924,501872950.0
925,4270864.0
926,4121222.0
927,4121034.0
928,4120853.0
929,4269655.0
930,797130.0
931,4119645.0
932,4269187.0
933,4266150.0
934,4265957.0
935,4115853.0
936,4115664.0
937,4265693.0
938,4265445.0
939,4265273.0
940,796585.0
941,501834906.0
942,501834019.0
943,4113134.0
944,501832605.0
945,4112961.0
946,501831401.0
947,4263102.0
948,501830628.0
949,4112394.0
950,501829318.0
951,501826956.0
952,501825690.0
953,501823989.0
954,501823840.0
955,501823277.0
956,501823149.0
957,501822582.0
958,501822448.0
959,501821802.0
960,501821551.0
961,501820928.0
962,501820568.0
963,501742936.0
964,501741027.0
965,501740535.0
966,501739791.0
967,4083235.0
968,4083060.0
969,792840.0
970,4236656.0
971,501733205.0
972,501731823.0
973,501731046.0
974,4235533.0
975,501729191.0
976,4235404.0
977,4235271.0
978,4235157.0
979,4215194.0
980,4058327.0
981,4214575.0
982,4214367.0
983,501643827.0
984,501643159.0
985,501642564.0
986,501641892.0
987,501637711.0
988,501637028.0
989,4211473.0
990,501635375.0
991,501609058.0
992,501607958.0
993,501606800.0
994,501605893.0
995,501562174.0
996,501561492.0
997,501560681.0
998,501559634.0
999,501480468.0
1000,501479996.0
1001,501479493.0
1002,501479033.0
1003,501466342.0
1004,501464889.0
1005,501463413.0
1006,501462520.0
1007,501390944.0
1008,501389891.0
1009,501388998.0
1010,501388165.0
1011,4145870.0
1012,4145691.0
1013,4145421.0
1014,4145239.0
1015,501356286.0
Total Records Reject 259 
