Total Records Added 1117 
#.,ID
0,535345879
1,535340217
2,535339003
3,13929527
4,14097136
5,13928950
6,14096792
7,535332391
8,535331787
9,535330934
10,535330163
11,13926949
12,535326361
13,14094683
14,13926509
15,535325517
16,13926314
17,535324818
18,535324246
19,535319453
20,535318579
21,535317780
22,535316885
23,14091295
24,535313920
25,535313156
26,535312521
27,535311564
28,535310226
29,535309731
30,535309272
31,535308708
32,13921714
33,14088757
34,14088569
35,14088333
36,14087944
37,13919012
38,13918715
39,14085786
40,13917970
41,13917810
42,13917664
43,13917525
44,14084701
45,2214067
46,13916961
47,13916956
48,14084181
49,2213995
50,13916572
51,13916304
52,14082975
53,14082575
54,13914888
55,13914707
56,14082121
57,2213497
58,13914493
59,14081692
60,14081533
61,535278681
62,535278231
63,535278228
64,535277778
65,535277653
66,535277638
67,535277002
68,14079549
69,2212861
70,535275291
71,14079141
72,535273972
73,13911345
74,13909706
75,14076705
76,14076601
77,2212220
78,13909379
79,14076411
80,2212131
81,535265286
82,13909047
83,535264703
84,535264015
85,535263333
86,535259152
87,2211701
88,535258462
89,13907197
90,535257676
91,535256861
92,535256743
93,535256025
94,535255628
95,535254342
96,535253629
97,13905022
98,14071674
99,13901168
100,14067576
101,13900869
102,13900733
103,14065256
104,14065146
105,14065074
106,2209668
107,2209648
108,13898337
109,2209051
110,13895839
111,14061945
112,14061819
113,13895630
114,13895517
115,13895320
116,13895230
117,14059480
118,14059383
119,2208397
120,2208370
121,535207754
122,535207381
123,535206947
124,535206177
125,535190954
126,535190424
127,14053818
128,13887999
129,535176156
130,535175684
131,535175232
132,535174681
133,535159735
134,535159241
135,535158658
136,535158033
137,535134325
138,535132955
139,535131332
140,535128857
141,535127757
142,535126502
143,535124577
144,535123295
145,13868971
146,14033286
147,14033034
148,14032918
149,535090337
150,535089386
151,535088896
152,535088450
153,14025604
154,14025396
155,14010762
156,13847410
157,14010398
158,14010082
159,534896351
160,534895619
161,534894688
162,534894032
163,13728027
164,13563822
165,2126509
166,13561902
167,13561590
168,13725521
169,534127456
170,13561331
171,13561303
172,534126789
173,2126153
174,534124513
175,13540828
176,13704704
177,13690952
178,13690709
179,13682955
180,13519025
181,2116239
182,2116188
183,533834231
184,533833658
185,533833011
186,533832165
187,533815912
188,533815117
189,533814524
190,13648926
191,533813961
192,13648786
193,13485582
194,13485381
195,13479924
196,13642642
197,533783900
198,533783398
199,533782114
200,13640412
201,533781495
202,13477442
203,13477264
204,13477101
205,13474388
206,13474234
207,13473440
208,533762377
209,13635282
210,13635188
211,2105351
212,13472189
213,533760840
214,533760016
215,533758932
216,533754385
217,533753477
218,533744708
219,533744331
220,533743973
221,533743540
222,2104252
223,13630084
224,13467046
225,534125734
226,533813961
227,13466719
228,2104004
229,13628876
230,13465378
231,13465262
232,13627560
233,533733252
234,2103644
235,533732748
236,533731103
237,533730726
238,533730338
239,533729961
240,533724835
241,13623272
242,13460881
243,533701966
244,533701741
245,533701178
246,533700885
247,13456504
248,533700101
249,2101646
250,533699693
251,13456217
252,533699014
253,13456116
254,533698600
255,533697496
256,13615771
257,533689356
258,533689117
259,13453598
260,533688803
261,13615192
262,533688278
263,13614949
264,533687024
265,13614555
266,13452669
267,13614296
268,533684760
269,13452398
270,13451109
271,13450968
272,13450867
273,13450657
274,13611359
275,13449486
276,13449348
277,13610876
278,2099682
279,13448072
280,13447971
281,13447860
282,2099240
283,13608050
284,13607930
285,2099157
286,13443347
287,2098460
288,13604500
289,13604418
290,533643920
291,533642943
292,533642434
293,533641914
294,533619995
295,533619499
296,533618985
297,533618416
298,533611766
299,533611306
300,533610495
301,533609947
302,533586752
303,533585610
304,13426874
305,13587383
306,13426674
307,533583696
308,2094516
309,533579014
310,533574037
311,533573559
312,13584422
313,2093850
314,13583457
315,13583367
316,13583303
317,2093605
318,13412913
319,13412666
320,13412560
321,13412410
322,13572119
323,13571994
324,2091011
325,13571731
326,533492557
327,533491630
328,533490971
329,533490185
330,533411614
331,533411076
332,533410334
333,533409768
334,533322349
335,533321866
336,533321300
337,533320591
338,13323496
339,13323410
340,13323344
341,13477855
342,531138215
343,531137265
344,531136507
345,531135589
346,530273560
347,12484183
348,12483949
349,12388751
350,12219567
351,12387976
352,12387796
353,12387629
354,529530376
355,529529658
356,529528964
357,529527700
358,12349835
359,12349674
360,12182024
361,12181826
362,12348813
363,12181118
364,12348307
365,12348125
366,12347909
367,12347710
368,12180261
369,12347493
370,12175922
371,12175690
372,12342815
373,12175366
374,12339888
375,12172561
376,12172444
377,12172160
378,12337594
379,12170221
380,12169907
381,12158678
382,12325223
383,12325141
384,12158428
385,12156511
386,12321382
387,12320471
388,529317939
389,529317360
390,1907856
391,529316865
392,529316242
393,529264551
394,529264079
395,529263530
396,529263019
397,529260280
398,529259447
399,529258672
400,12138994
401,12303156
402,12137716
403,12302842
404,12302721
405,12136640
406,12301620
407,529245989
408,529245196
409,529243564
410,529243078
411,529242475
412,529241760
413,529232416
414,529231663
415,529231055
416,1904864
417,529230048
418,12132598
419,12132351
420,12296859
421,529208574
422,529207678
423,529205994
424,529204759
425,529194360
426,529193824
427,12123554
428,12120266
429,12120000
430,12283739
431,12283389
432,12118645
433,529173995
434,529173255
435,529172655
436,529172459
437,12118180
438,12118162
439,529171997
440,529171976
441,12118008
442,529171191
443,529170667
444,12281647
445,12281498
446,12281485
447,12281210
448,12117270
449,12116772
450,12280540
451,12116199
452,12116047
453,12279839
454,12278833
455,529159353
456,12114744
457,529158625
458,529157835
459,529156791
460,12277112
461,12276985
462,1901468
463,12272219
464,12108586
465,12271913
466,12271904
467,12271770
468,12108040
469,12107907
470,529092682
471,12260262
472,529091360
473,12259862
474,12259614
475,12096728
476,12096518
477,1899715
478,12258719
479,12258578
480,529085108
481,12255598
482,12255466
483,12092988
484,12254963
485,529066135
486,529065488
487,529064780
488,529063650
489,12250123
490,12087425
491,12086868
492,12083788
493,12245433
494,12083374
495,12244944
496,529028269
497,529027724
498,529027192
499,529026567
500,529005912
501,529004041
502,529002461
503,528997283
504,528994121
505,528993569
506,528992915
507,528989374
508,528987552
509,528987024
510,528986558
511,528985852
512,528982392
513,528981634
514,528981154
515,528980614
516,12066043
517,1895485
518,12226347
519,12065529
520,12065512
521,1895398
522,12225616
523,12225391
524,12221986
525,1894870
526,1894856
527,1894846
528,528932373
529,528931593
530,528931039
531,528930347
532,528929354
533,12051428
534,12051254
535,12210434
536,12050828
537,12049496
538,12049181
539,12049097
540,12208336
541,528875212
542,528684466
543,528683736
544,528683211
545,528682622
546,11872896
547,11721694
548,11843574
549,11693547
550,527638942
551,527638750
552,11692023
553,527637827
554,11681446
555,11681276
556,11681148
557,11830136
558,527585860
559,527585143
560,11678699
561,11827679
562,11826934
563,11826836
564,527577752
565,11677643
566,11677634
567,11826588
568,11677504
569,11677235
570,11676905
571,527573159
572,1840195
573,11824478
574,11675233
575,11823881
576,11674860
577,1839968
578,11674334
579,11674119
580,11822886
581,11822824
582,11822807
583,11822761
584,11822642
585,11673793
586,11673721
587,11673508
588,11822151
589,11821283
590,527554947
591,527554552
592,527554177
593,527553685
594,11818837
595,11818539
596,527542958
597,527540965
598,527540600
599,527540263
600,11668555
601,11814844
602,11666231
603,527524495
604,527523503
605,527513662
606,527513192
607,11810127
608,527512771
609,527512342
610,527512316
611,11661207
612,11661019
613,11809140
614,11660668
615,11806687
616,11658236
617,11657194
618,11657064
619,11656950
620,11656767
621,527492067
622,527490269
623,527489167
624,527487989
625,527482502
626,527481256
627,527480749
628,527480228
629,11651816
630,527473090
631,11650575
632,527468734
633,527461004
634,527460180
635,11796195
636,527459756
637,527459627
638,527459577
639,11648158
640,527459065
641,11648037
642,527458714
643,527458583
644,527458401
645,527457988
646,527457795
647,527457477
648,527457094
649,527456962
650,527456861
651,527456698
652,527456285
653,527455801
654,11645760
655,11793138
656,11645243
657,11788400
658,11788210
659,11639884
660,1835259
661,11638496
662,527422263
663,527421318
664,11785364
665,527418502
666,527417948
667,11637041
668,11783579
669,11783413
670,11635619
671,11783098
672,527407126
673,527401500
674,527400654
675,527400620
676,527400041
677,527398689
678,527397568
679,527396923
680,11777531
681,11629976
682,11777135
683,11776941
684,527380067
685,527379544
686,527379044
687,527378476
688,11622262
689,11769296
690,1832866
691,11768906
692,527359248
693,527356040
694,527353970
695,527352911
696,527352294
697,527351909
698,527351511
699,527350538
700,11759601
701,11612699
702,11759080
703,11612262
704,11758528
705,11611617
706,11611534
707,11757897
708,11611317
709,11756228
710,11755969
711,11608351
712,11754516
713,11607812
714,11607722
715,11607642
716,11607530
717,11607448
718,1830566
719,11604675
720,11750683
721,11604343
722,11593643
723,11593399
724,11592958
725,11738154
726,11590691
727,11735773
728,11735438
729,11590113
730,527193770
731,527190750
732,527188584
733,527187452
734,527186010
735,11718360
736,11574148
737,11717932
738,11717560
739,526085715
740,526084888
741,526082084
742,526081599
743,526075123
744,526074787
745,1779203
746,526074071
747,526073470
748,526072915
749,526072844
750,526072490
751,526072247
752,526069467
753,526069041
754,526057468
755,526053819
756,526052829
757,526051876
758,1778344
759,11235509
760,11366404
761,11366235
762,11229943
763,11365890
764,11227985
765,11363842
766,11227853
767,11363748
768,11363595
769,11227581
770,11363241
771,11362883
772,526012617
773,526011808
774,526011154
775,526010619
776,526001183
777,11358320
778,11358186
779,11222640
780,11357945
781,11353309
782,11353163
783,525972954
784,525971682
785,525970428
786,525969612
787,11215274
788,11215055
789,11349869
790,11214586
791,11349502
792,11214381
793,11349203
794,11349032
795,525947587
796,525947169
797,525946552
798,11208381
799,525936817
800,525936396
801,1774453
802,11200752
803,11200590
804,11333784
805,11197023
806,525892411
807,525891085
808,525890206
809,525888976
810,11327516
811,11194697
812,11194551
813,11326945
814,11193935
815,11326316
816,11326100
817,11193344
818,525872290
819,525871645
820,525870745
821,525869811
822,525869257
823,525868736
824,525867281
825,525865379
826,525863218
827,525862350
828,525858897
829,525858440
830,525858083
831,525857399
832,11186750
833,11186559
834,11186547
835,11186420
836,11318370
837,11318289
838,11186076
839,11185999
840,11185787
841,525842209
842,525841615
843,11182961
844,525841290
845,525841050
846,525840413
847,525840014
848,11182590
849,525840005
850,525839880
851,525839456
852,525839159
853,525838872
854,525836082
855,525835655
856,525835441
857,525834972
858,11181079
859,11180942
860,525829529
861,525829025
862,11311204
863,525828626
864,11311045
865,525828218
866,11310954
867,11310864
868,525819931
869,525819523
870,525818970
871,525818750
872,525818434
873,525817702
874,525817605
875,525817360
876,525816857
877,525816584
878,11175768
879,11306620
880,11306146
881,11174839
882,525789662
883,525789107
884,525788421
885,525787658
886,525744356
887,525743754
888,525743092
889,525742343
890,525735528
891,525734991
892,525734323
893,525733359
894,525732783
895,11277119
896,11276814
897,11276512
898,11147595
899,11143617
900,11143495
901,11143319
902,11271364
903,11142933
904,11271061
905,11270592
906,11142387
907,11142298
908,1765780
909,11270226
910,11270180
911,11270016
912,525657414
913,525656851
914,11254201
915,525621418
916,11127070
917,11126557
918,11253086
919,525540467
920,525539939
921,525539471
922,525538713
923,525286508
924,525285903
925,525284744
926,525282634
927,524784837
928,524783815
929,524782839
930,524781464
931,10975263
932,1725652
933,10974512
934,10974285
935,10843763
936,10957893
937,10841879
938,10955995
939,10948421
940,10948041
941,10832750
942,10947581
943,10832318
944,10947337
945,524681631
946,10832093
947,10946747
948,10830298
949,10830147
950,10829973
951,10944718
952,10941115
953,10940403
954,10824031
955,10823742
956,10920231
957,10806660
958,10919889
959,10806313
960,10917893
961,10804148
962,1717901
963,10803540
964,10907576
965,524533340
966,524532605
967,10905437
968,1716391
969,10904802
970,10904614
971,524528358
972,1715912
973,10901010
974,10900811
975,10900452
976,524510603
977,524506494
978,10785460
979,10897130
980,524493854
981,524493240
982,524492384
983,524491759
984,524490829
985,524489688
986,524488535
987,524482112
988,524481632
989,524481045
990,524480366
991,10891655
992,1714674
993,524359022
994,524358475
995,524357358
996,10745714
997,10853392
998,10745408
999,10745228
1000,524325683
1001,524310634
1002,524310164
1003,524309787
1004,524309369
1005,10842516
1006,1708546
1007,10841885
1008,524286532
1009,10730374
1010,10729521
1011,10836131
1012,1707755
1013,10835762
1014,10834550
1015,10834355
1016,10834163
1017,10834022
1018,524254745
1019,524253397
1020,10830114
1021,10829864
1022,524252397
1023,10829632
1024,1706808
1025,10828844
1026,10722268
1027,10828481
1028,10828080
1029,10721604
1030,10721568
1031,10721442
1032,1706640
1033,10827542
1034,10721075
1035,10827168
1036,524230872
1037,524229662
1038,524225462
1039,524224656
1040,10715376
1041,10821226
1042,10715028
1043,10714901
1044,524219504
1045,524218906
1046,524218323
1047,524218271
1048,524217663
1049,524216295
1050,524215479
1051,524197357
1052,524196849
1053,524196222
1054,524195727
1055,10808858
1056,10703361
1057,524178611
1058,524177973
1059,10703054
1060,10808173
1061,524175157
1062,524174354
1063,524174328
1064,524173558
1065,524172709
1066,524172060
1067,524170413
1068,10700362
1069,10697924
1070,10696652
1071,10801423
1072,10801215
1073,10801078
1074,524133806
1075,524132138
1076,524132080
1077,524131380
1078,524130673
1079,524129823
1080,524128154
1081,524127436
1082,524090472
1083,524088853
1084,524087011
1085,524085857
1086,10666212
1087,10769396
1088,10769239
1089,10665770
1090,10767206
1091,524029698
1092,10663574
1093,10663490
1094,524005284
1095,524003990
1096,523869076
1097,523866737
1098,523866092
1099,523865041
1100,523864453
1101,523863718
1102,523526469
1103,523526098
1104,523525662
1105,10384970
1106,10384566
1107,1645803
1108,10286237
1109,10322681
1110,10322145
1111,10226806
1112,10226660
1113,522518536
1114,522517908
1115,522517101
1116,522509758
Total Records Reject 262 
