Total Records Added 821 
#.,ID
0,1715912
1,10901010
2,10900811
3,10900452
4,524510603
5,524506494
6,10785460
7,10897130
8,524493854
9,524493240
10,524492384
11,524491759
12,524490829
13,524489688
14,524488535
15,524482112
16,524481632
17,524481045
18,524480366
19,10891655
20,1714674
21,524359022
22,524358475
23,524357358
24,10745714
25,10853392
26,10745408
27,10745228
28,524325683
29,524310634
30,524310164
31,524309787
32,524309369
33,10842516
34,1708546
35,10841885
36,524286532
37,10730374
38,10729521
39,10836131
40,1707755
41,10835762
42,10834550
43,10834355
44,10834163
45,10834022
46,524254745
47,524253397
48,10830114
49,10829864
50,524252397
51,10829632
52,1706808
53,10828844
54,10722268
55,10828481
56,10828080
57,10721604
58,10721568
59,10721442
60,1706640
61,10827542
62,10721075
63,10827168
64,524230872
65,524229662
66,524225462
67,524224656
68,10715376
69,10821226
70,10715028
71,10714901
72,524219504
73,524218906
74,524218323
75,524218271
76,524217663
77,524216295
78,524215479
79,524197357
80,524196849
81,524196222
82,524195727
83,10808858
84,10703361
85,524178611
86,524177973
87,10703054
88,10808173
89,524175157
90,524174354
91,524174328
92,524173558
93,524172709
94,524172060
95,524170413
96,10700362
97,10697924
98,10696652
99,10801423
100,10801215
101,10801078
102,524133806
103,524132138
104,524132080
105,524131380
106,524130673
107,524129823
108,524128154
109,524127436
110,524090472
111,524088853
112,524087011
113,524085857
114,10666212
115,10769396
116,10769239
117,10665770
118,10767206
119,524029698
120,10663574
121,10663490
122,524005284
123,524003990
124,523869076
125,523866737
126,523866092
127,523865041
128,523864453
129,523863718
130,523526469
131,523526098
132,523525662
133,10384970
134,10384566
135,1645803
136,10286237
137,10322681
138,10322145
139,10226806
140,10226660
141,522518536
142,522517908
143,522517101
144,522509758
145,8930569
146,8838096
147,8837753
148,1438711
149,8836857
150,8830054
151,1437470
152,8826811
153,8826632
154,8826096
155,8853568
156,517823537
157,517822711
158,8852958
159,8793940
160,8851925
161,8850695
162,8850480
163,1432022
164,8790821
165,517749295
166,517572048
167,517571373
168,517570797
169,517570243
170,8732365
171,8787276
172,8787064
173,8786742
174,8728699
175,8782586
176,8727612
177,8715217
178,8715030
179,517486784
180,8714769
181,8768684
182,8714578
183,517485364
184,8714471
185,8714312
186,517484362
187,8714048
188,517483130
189,517482117
190,8766767
191,8712873
192,8712640
193,8712460
194,517470015
195,8710368
196,8710279
197,8763868
198,517467649
199,517467431
200,517466044
201,517465853
202,517464602
203,517463425
204,517463121
205,517462385
206,517461143
207,517458703
208,8761495
209,517458238
210,517455855
211,8707187
212,8706631
213,8706512
214,517445501
215,517442931
216,517441056
217,8755748
218,517435232
219,517434894
220,517433885
221,517433121
222,8695841
223,1418334
224,517405254
225,8747878
226,517404515
227,8694893
228,517367444
229,517366997
230,517366471
231,517365975
232,8734537
233,8682654
234,8682541
235,8682411
236,517334747
237,517333600
238,517332889
239,517332317
240,517323089
241,517321612
242,517320766
243,517318776
244,517317968
245,517317193
246,517316388
247,8722503
248,8671142
249,8715030
250,8666355
251,8666216
252,8716948
253,8716796
254,517295737
255,517295225
256,517294658
257,8715680
258,8664710
259,1414016
260,8714970
261,8664173
262,8714725
263,1413946
264,8663551
265,1413874
266,1413853
267,8713655
268,8713495
269,517284958
270,517284238
271,517282926
272,517282132
273,517260890
274,517259678
275,517259088
276,517258524
277,517191311
278,8637787
279,8637629
280,8637488
281,8632284
282,8680469
283,8672598
284,8672420
285,8672280
286,8672129
287,517126816
288,517125982
289,517125145
290,517123083
291,8663904
292,8616875
293,8663393
294,8663186
295,517084670
296,517083995
297,517083344
298,517082446
299,517079192
300,8601993
301,8601906
302,517044849
303,1405650
304,8646917
305,517043657
306,517042569
307,517040745
308,516811088
309,516810179
310,516809220
311,516808282
312,515875351
313,8269232
314,8228275
315,8268631
316,1354761
317,8267834
318,515783488
319,515782820
320,515781319
321,515780541
322,8232316
323,8193495
324,8192482
325,8191585
326,515725327
327,8229860
328,515724102
329,515722936
330,8229247
331,515720790
332,8189757
333,8228097
334,8189460
335,8227751
336,515706166
337,515705394
338,8184350
339,8222430
340,8183961
341,8183883
342,8221941
343,8221793
344,8183398
345,515688982
346,515687976
347,515687331
348,515686747
349,8181470
350,515684660
351,515684003
352,515682806
353,515682005
354,8176572
355,8174005
356,8211509
357,515656078
358,8173365
359,515654200
360,515651016
361,1345755
362,8163572
363,8200236
364,8199856
365,8162472
366,8162182
367,515610854
368,515610019
369,515609278
370,8198484
371,515606814
372,8195731
373,8195564
374,1344985
375,8195208
376,515549284
377,515548334
378,8145544
379,515547108
380,8181077
381,8180903
382,8145067
383,515545709
384,515541854
385,515541390
386,515540953
387,515540336
388,515539137
389,8143206
390,515536263
391,8177684
392,515504198
393,515503704
394,515503298
395,515502783
396,515499571
397,515498145
398,515497332
399,515496610
400,515470159
401,515469635
402,515469110
403,515468666
404,8153863
405,8119674
406,1339534
407,8153207
408,515447670
409,8118040
410,515445640
411,8117821
412,515444605
413,8151514
414,515443942
415,8117407
416,515443285
417,8150837
418,515442135
419,8116918
420,515441653
421,8116796
422,515441168
423,515429506
424,515428826
425,515427410
426,515426753
427,8110438
428,8143624
429,8143499
430,515416645
431,515415728
432,8109740
433,515415092
434,1338103
435,515414425
436,8109009
437,8142280
438,8141931
439,8137822
440,1337406
441,8104338
442,8104192
443,8137372
444,8136946
445,8136663
446,8135818
447,515388968
448,515388326
449,8135246
450,8134951
451,8134748
452,8101402
453,8134307
454,8101186
455,8134202
456,8134110
457,8133994
458,515365815
459,515365278
460,515364824
461,515364356
462,515352725
463,515351651
464,8085806
465,515324387
466,1334768
467,8111278
468,1334083
469,8110860
470,8110734
471,515299207
472,515297289
473,515296529
474,515295276
475,515292740
476,515291695
477,515290797
478,515289959
479,8068157
480,8068036
481,1332570
482,8098680
483,8097200
484,8097004
485,8065970
486,8096594
487,1332277
488,8065604
489,8096143
490,8096009
491,515142498
492,515141592
493,515140164
494,515139097
495,515068252
496,515067065
497,515066116
498,515065216
499,1326154
500,514907050
501,514764682
502,514763719
503,514762958
504,514761924
505,514314772
506,514313884
507,514312652
508,7694102
509,7679492
510,513826782
511,513826156
512,513825258
513,513824534
514,513823686
515,513822651
516,513809718
517,513808383
518,513807615
519,513806726
520,7649575
521,7662060
522,7652427
523,7652024
524,7639530
525,7651304
526,7651055
527,1272431
528,7650038
529,513736946
530,513735824
531,513730943
532,513730235
533,513729483
534,513728638
535,513718777
536,513718172
537,513717609
538,513717033
539,7637936
540,7626449
541,7637694
542,7636400
543,7636162
544,7635982
545,7633552
546,7633426
547,7622002
548,7621844
549,7621169
550,7620838
551,513675156
552,7630934
553,513674632
554,7619964
555,7630797
556,513674112
557,513673533
558,7630563
559,513669976
560,7629440
561,513669234
562,513668609
563,7618432
564,7618247
565,513667789
566,7617957
567,7617330
568,7627889
569,7627685
570,7616813
571,7615792
572,7626277
573,513649525
574,513647893
575,513646467
576,513645515
577,1268860
578,7622251
579,513641754
580,513641256
581,513640780
582,513640294
583,7620340
584,7620039
585,7619425
586,513632961
587,513632517
588,513632053
589,513631531
590,7608171
591,7605499
592,7615517
593,7615397
594,7605145
595,7603734
596,7603648
597,1267692
598,7613660
599,7603478
600,7603451
601,7613497
602,7603340
603,7603170
604,513609409
605,7612798
606,7612593
607,7601557
608,7601371
609,1267385
610,7601108
611,7601016
612,7600920
613,7600815
614,1267300
615,7600475
616,7606710
617,513581468
618,513580745
619,7595230
620,513580031
621,7594998
622,7604034
623,513578377
624,7594541
625,513569580
626,513568805
627,513564839
628,513561922
629,7589218
630,7598067
631,513556955
632,1265664
633,1265630
634,513552886
635,513552094
636,513551349
637,513550589
638,7581209
639,513528574
640,7580843
641,7589186
642,1264604
643,7588952
644,7580463
645,7588754
646,7580304
647,7580174
648,513525119
649,7588533
650,7580008
651,7579964
652,513524278
653,7579771
654,7579622
655,7579439
656,513520447
657,513519910
658,513513752
659,513512931
660,513512237
661,513511366
662,513510375
663,513509775
664,7584044
665,513509033
666,7575744
667,513508285
668,7575547
669,7575075
670,7574900
671,7569393
672,7577201
673,7577100
674,7576808
675,1263028
676,7568745
677,7568398
678,7568156
679,7567909
680,1259521
681,7548105
682,7547949
683,7542178
684,513352696
685,513351429
686,513351005
687,7540779
688,513198515
689,513197539
690,513195864
691,513194794
692,513144631
693,513143587
694,513142635
695,513141403
696,512925225
697,512923588
698,512922763
699,512922037
700,512921199
701,512605835
702,512605589
703,512605252
704,512605024
705,511943751
706,511942930
707,511941761
708,511940689
709,7103603
710,7103382
711,7102655
712,7102304
713,511853642
714,511852847
715,7099308
716,7099066
717,511851014
718,1196671
719,511850132
720,1196627
721,7096435
722,7092614
723,7091793
724,7091538
725,7093823
726,7090104
727,7089953
728,7093416
729,7092956
730,7092845
731,7092740
732,7092540
733,7088272
734,511776985
735,511776250
736,7076263
737,7079883
738,7075633
739,7079016
740,511752187
741,511727352
742,511726844
743,511726345
744,511725799
745,511703615
746,511702797
747,7062929
748,511702548
749,511702247
750,7058205
751,7058019
752,511701602
753,7062551
754,7050766
755,7055510
756,7055343
757,7055173
758,511670282
759,511669212
760,511668130
761,511667734
762,7014143
763,1185242
764,7013874
765,7020274
766,7012428
767,1185015
768,7018717
769,7018578
770,511529621
771,511528222
772,511525858
773,511521410
774,7009535
775,7016023
776,511511922
777,511510346
778,7003919
779,7003823
780,7003722
781,7003608
782,6545041
783,6544798
784,6544323
785,6563024
786,1118558
787,6553959
788,509935414
789,6547177
790,509934285
791,509933033
792,509931881
793,509931215
794,509930960
795,509930297
796,6526364
797,509930220
798,6526209
799,509929384
800,509929360
801,6545722
802,6545692
803,6525948
804,509928666
805,6545537
806,509928408
807,509928375
808,6525625
809,509898019
810,509896540
811,509895679
812,509895083
813,509735503
814,509734829
815,509733839
816,509733080
817,509480159
818,509479214
819,509478335
820,509476907
Total Records Reject 224 
