Total Records Added 1037 
#.,ID
0,514314772
1,514313884
2,514312652
3,7694102
4,7679492
5,513826782
6,513826156
7,513825258
8,513824534
9,513823686
10,513822651
11,513809718
12,513808383
13,513807615
14,513806726
15,7649575
16,7662060
17,7652427
18,7652024
19,7639530
20,7651304
21,7651055
22,1272431
23,7650038
24,513736946
25,513735824
26,513730943
27,513730235
28,513729483
29,513728638
30,513718777
31,513718172
32,513717609
33,513717033
34,7637936
35,7626449
36,7637694
37,7636400
38,7636162
39,7635982
40,7633552
41,7633426
42,7622002
43,7621844
44,7621169
45,7620838
46,513675156
47,7630934
48,513674632
49,7619964
50,7630797
51,513674112
52,513673533
53,7630563
54,513669976
55,7629440
56,513669234
57,513668609
58,7618432
59,7618247
60,513667789
61,7617957
62,7617330
63,7627889
64,7627685
65,7616813
66,7615792
67,7626277
68,513649525
69,513647893
70,513646467
71,513645515
72,1268860
73,7622251
74,513641754
75,513641256
76,513640780
77,513640294
78,7620340
79,7620039
80,7619425
81,513632961
82,513632517
83,513632053
84,513631531
85,7608171
86,7605499
87,7615517
88,7615397
89,7605145
90,7603734
91,7603648
92,1267692
93,7613660
94,7603478
95,7603451
96,7613497
97,7603340
98,7603170
99,513609409
100,7612798
101,7612593
102,7601557
103,7601371
104,1267385
105,7601108
106,7601016
107,7600920
108,7600815
109,1267300
110,7600475
111,7606710
112,513581468
113,513580745
114,7595230
115,513580031
116,7594998
117,7604034
118,513578377
119,7594541
120,513569580
121,513568805
122,513564839
123,513561922
124,7589218
125,7598067
126,513556955
127,1265664
128,1265630
129,513552886
130,513552094
131,513551349
132,513550589
133,7581209
134,513528574
135,7580843
136,7589186
137,1264604
138,7588952
139,7580463
140,7588754
141,7580304
142,7580174
143,513525119
144,7588533
145,7580008
146,7579964
147,513524278
148,7579771
149,7579622
150,7579439
151,513520447
152,513519910
153,513513752
154,513512931
155,513512237
156,513511366
157,513510375
158,513509775
159,7584044
160,513509033
161,7575744
162,513508285
163,7575547
164,7575075
165,7574900
166,7569393
167,7577201
168,7577100
169,7576808
170,1263028
171,7568745
172,7568398
173,7568156
174,7567909
175,1259521
176,7548105
177,7547949
178,7542178
179,513352696
180,513351429
181,513351005
182,7540779
183,513198515
184,513197539
185,513195864
186,513194794
187,513144631
188,513143587
189,513142635
190,513141403
191,512925225
192,512923588
193,512922763
194,512922037
195,512921199
196,512605835
197,512605589
198,512605252
199,512605024
200,511943751
201,511942930
202,511941761
203,511940689
204,7103603
205,7103382
206,7102655
207,7102304
208,511853642
209,511852847
210,7099308
211,7099066
212,511851014
213,1196671
214,511850132
215,1196627
216,7581209
217,7096435
218,7092614
219,7091793
220,7091538
221,7093823
222,7090104
223,7089953
224,7093416
225,7092956
226,7092845
227,7092740
228,7092540
229,7088272
230,511776985
231,511776250
232,7076263
233,7079883
234,7075633
235,7079016
236,511752187
237,511727352
238,511726844
239,511726345
240,511725799
241,511703615
242,511702797
243,7062929
244,511702548
245,511702247
246,7058205
247,7058019
248,511701602
249,7062551
250,7050766
251,7055510
252,7055343
253,7055173
254,511670282
255,511669212
256,511668130
257,511667734
258,7014143
259,1185242
260,7013874
261,7020274
262,7012428
263,1185015
264,7018717
265,7018578
266,511529621
267,511528222
268,511525858
269,511521410
270,7009535
271,7016023
272,511511922
273,511510346
274,7003919
275,7003823
276,7003722
277,7003608
278,6545041
279,6544798
280,6544323
281,6563024
282,1118558
283,6553959
284,509935414
285,6547177
286,509934285
287,509933033
288,509931881
289,509931215
290,509930960
291,509930297
292,6526364
293,509930220
294,6526209
295,509929384
296,509929360
297,6545722
298,6545692
299,6525948
300,509928666
301,6545537
302,509928408
303,509928375
304,6525625
305,509898019
306,509896540
307,509895679
308,509895083
309,509735503
310,509734829
311,509733839
312,509733080
313,509480159
314,509479214
315,509478335
316,509476907
317,899335
318,4971302
319,4893077
320,4870093
321,4949474
322,4868786
323,4868338
324,4948428
325,4867868
326,4948014
327,504478066
328,4866869
329,504477123
330,4866695
331,504475956
332,4866495
333,504474933
334,4946378
335,504472095
336,4865260
337,4865065
338,4864911
339,504469430
340,504468811
341,4945303
342,504468169
343,890558
344,4862872
345,4943361
346,4861870
347,890071
348,4940079
349,4939956
350,4858857
351,4939683
352,4939474
353,4939269
354,4939225
355,4938674
356,4855789
357,4855634
358,4936883
359,4855232
360,504415460
361,504371672
362,504369784
363,504367623
364,4922363
365,504365012
366,4917443
367,504338113
368,504337185
369,504337011
370,4912260
371,4827953
372,4827690
373,4911600
374,504318247
375,504314897
376,504312855
377,504311544
378,504310386
379,504309586
380,504308564
381,504307721
382,4895335
383,4809063
384,4894988
385,883760
386,4807477
387,4893594
388,4806912
389,4893025
390,504239680
391,504238423
392,504236873
393,504235610
394,504215317
395,504214074
396,504213034
397,4799148
398,504211793
399,4886080
400,4796343
401,4883460
402,4883302
403,4795724
404,504145806
405,504144708
406,504143622
407,4863746
408,4863429
409,4773626
410,4773441
411,4772272
412,4861823
413,4861703
414,504110321
415,4861526
416,504109126
417,504107775
418,504106733
419,504061423
420,504060535
421,504059165
422,504058022
423,504025195
424,504024384
425,504023712
426,504022888
427,504019135
428,4746813
429,4839625
430,4839508
431,503975778
432,503974917
433,503974094
434,503973220
435,4733453
436,4733218
437,4733014
438,4732760
439,873987
440,4726685
441,873930
442,4726170
443,503926590
444,503925629
445,503851762
446,503850569
447,503848955
448,503847326
449,503846142
450,503772388
451,503771670
452,503770991
453,503770169
454,503760693
455,4368224
456,4229370
457,4222061
458,4221899
459,4221775
460,4221642
461,4210394
462,502139084
463,502138157
464,502137197
465,502104730
466,502103754
467,4310805
468,802581
469,4310056
470,4164431
471,502023754
472,4309638
473,502022833
474,4164006
475,502021721
476,4309243
477,502020667
478,4162819
479,4162645
480,4162606
481,4307906
482,502010030
483,502009272
484,502008557
485,4306118
486,502007824
487,802016
488,4305840
489,4160031
490,4305719
491,501995263
492,501993219
493,501991988
494,4152984
495,4299214
496,4299052
497,501976488
498,4152357
499,501975382
500,501975077
501,501973417
502,501972117
503,501969792
504,4297127
505,4150166
506,4149959
507,4296597
508,4296230
509,4295994
510,4294728
511,800465
512,4146437
513,4141718
514,799840
515,4141274
516,4288680
517,501925699
518,501924848
519,799483
520,501924157
521,4138537
522,4286217
523,4286034
524,4285867
525,4137693
526,4137322
527,4285139
528,501911118
529,4133798
530,4133560
531,4133356
532,4133116
533,501900257
534,501899456
535,501898476
536,501896880
537,4277602
538,4277389
539,4277339
540,4128347
541,4128307
542,501885510
543,4128286
544,501885057
545,4277038
546,501884888
547,501884627
548,4127999
549,4276820
550,4127922
551,501884107
552,4276759
553,4276692
554,4127699
555,4276592
556,501874387
557,501873909
558,501873450
559,501872950
560,4270864
561,4121222
562,4121034
563,4120853
564,4269655
565,797130
566,4119645
567,4269187
568,4266150
569,4265957
570,4115853
571,4115664
572,4265693
573,4265445
574,4265273
575,796585
576,501834906
577,501834019
578,4113134
579,501832605
580,4112961
581,501831401
582,4263102
583,501830628
584,4112394
585,501829318
586,501826956
587,501825690
588,501823989
589,501823840
590,501823277
591,501823149
592,501822582
593,501822448
594,501821802
595,501821551
596,501820928
597,501820568
598,501742936
599,501741027
600,501740535
601,501739791
602,4083235
603,4083060
604,792840
605,4236656
606,501733205
607,501731823
608,501731046
609,4235533
610,501729191
611,4235404
612,4235271
613,4235157
614,4215194
615,4058327
616,4214575
617,4214367
618,501643827
619,501643159
620,501642564
621,501641892
622,501637711
623,501637028
624,4211473
625,501635375
626,501609058
627,501607958
628,501606800
629,501605893
630,501562174
631,501561492
632,501560681
633,501559634
634,501480468
635,501479996
636,501479493
637,501479033
638,501466342
639,501464889
640,501463413
641,501462520
642,501390944
643,501389891
644,501388998
645,501388165
646,4145870
647,4145691
648,4145421
649,4145239
650,501356286
651,500741145
652,500740564
653,500740008
654,500739464
655,500333074
656,500332395
657,500331691
658,500330723
659,3798176
660,3618171
661,3617844
662,3797264
663,3612110
664,3785998
665,3785874
666,3603290
667,3783608
668,3602306
669,500221212
670,3780781
671,3780627
672,728149
673,3780348
674,3779274
675,500209342
676,500208210
677,500207122
678,500203743
679,3594925
680,3776496
681,500167505
682,500167066
683,500166394
684,3580520
685,3580195
686,3579901
687,3762660
688,500143565
689,500143094
690,500142447
691,500141972
692,3576965
693,500135114
694,500131275
695,500129551
696,3574247
697,3757671
698,3757514
699,3757343
700,500111518
701,500110948
702,500110155
703,500104593
704,500103001
705,500102395
706,500096848
707,500095735
708,500095020
709,500094856
710,500094279
711,500092671
712,500091531
713,3562761
714,3562637
715,3562535
716,3562504
717,3747013
718,3746962
719,3562242
720,3562060
721,500073614
722,3558960
723,500072680
724,3743573
725,500072017
726,500071378
727,500071325
728,3743092
729,500071008
730,500070487
731,3742824
732,3742593
733,500068569
734,3742398
735,3557096
736,3742090
737,500066880
738,500066363
739,3556814
740,3741802
741,3741365
742,500062490
743,500061136
744,500060537
745,500059906
746,500059303
747,3740019
748,500051469
749,500044355
750,500042630
751,500038729
752,3734450
753,500037640
754,3548393
755,500036939
756,3734006
757,500036015
758,3733816
759,500015978
760,500015119
761,500013326
762,500012635
763,500007914
764,500007408
765,500006630
766,500006037
767,500005768
768,500005520
769,500005138
770,500004733
771,500001480
772,500000819
773,500000025
774,499999359
775,3535391
776,3535226
777,3722226
778,3534808
779,3532635
780,3532154
781,3719386
782,3718950
783,719335
784,3714937
785,3526475
786,3526237
787,3714048
788,718904
789,3523540
790,3523374
791,3523187
792,499939416
793,499938482
794,499937856
795,499937169
796,499902461
797,499901899
798,499901429
799,499900910
800,3507505
801,3697321
802,3697092
803,3696947
804,499841175
805,499840484
806,499839667
807,499838961
808,499793204
809,499792514
810,499791779
811,499791120
812,3668071
813,3474515
814,3667779
815,3474190
816,7589186
817,1264604
818,7580463
819,512923588
820,7103382
821,511511922
822,500004733
823,499700882
824,499699843
825,499698710
826,499697436
827,499435548
828,499434734
829,499433315
830,499432046
831,499431023
832,3184353
833,3184009
834,3183499
835,3394017
836,3363372
837,3150558
838,3150331
839,3150022
840,498589323
841,498431272
842,498430471
843,3075178
844,3293496
845,3074867
846,498408699
847,498408207
848,498407691
849,498407159
850,498383545
851,498382791
852,498382185
853,498381407
854,498376268
855,498375728
856,498375202
857,498374677
858,498373067
859,498371663
860,498369462
861,498367581
862,498366428
863,3279863
864,3279612
865,3279425
866,3279268
867,3054414
868,498333521
869,498332741
870,498331842
871,3052054
872,3272433
873,3051778
874,3051589
875,498315277
876,498314018
877,498313253
878,498312028
879,3048037
880,3268466
881,3047363
882,3267853
883,498301980
884,3266808
885,3266163
886,3266095
887,656055
888,498297941
889,3265957
890,3265831
891,3265785
892,3265029
893,655480
894,498281210
895,3040270
896,498280469
897,3040095
898,498279523
899,3261321
900,655380
901,3039550
902,3260876
903,3037090
904,498268635
905,498268129
906,498267511
907,498266840
908,3257226
909,3257114
910,654822
911,3256955
912,498262371
913,498261809
914,3256721
915,498260917
916,3034797
917,498260690
918,3034639
919,498259916
920,3256275
921,3256097
922,498258769
923,498256590
924,498256141
925,498251555
926,498251151
927,498250744
928,498250307
929,498245872
930,498245303
931,498244550
932,498243885
933,498239746
934,3025114
935,3247470
936,3024667
937,3024434
938,3023043
939,3022919
940,498216248
941,498215652
942,498214843
943,498212197
944,498208523
945,498207829
946,498206093
947,498205273
948,498203644
949,498203426
950,498203069
951,498202596
952,3241201
953,3241048
954,498197474
955,3015790
956,3015663
957,498190484
958,3238454
959,3238339
960,3014902
961,3014746
962,498189319
963,3014599
964,498188363
965,3012563
966,3235719
967,3235284
968,3010924
969,3010815
970,3010633
971,3010402
972,3234075
973,3233641
974,3233526
975,3233403
976,3009423
977,3005884
978,3005758
979,3005619
980,3229703
981,3001509
982,3001202
983,498137252
984,498136394
985,3221035
986,2996108
987,649817
988,2995831
989,498119055
990,498118542
991,498117795
992,498117041
993,498109997
994,498109422
995,498108788
996,498108235
997,498100514
998,498099132
999,498098452
1000,498083624
1001,498082893
1002,498082246
1003,498081582
1004,3208755
1005,2982412
1006,3208468
1007,3208348
1008,2974765
1009,3201585
1010,2974388
1011,3201181
1012,3196381
1013,3196237
1014,498027040
1015,498026391
1016,3195849
1017,498025713
1018,2967961
1019,498024986
1020,2966214
1021,3193877
1022,3193687
1023,2965649
1024,2961122
1025,645646
1026,3189254
1027,3188983
1028,2930921
1029,3162156
1030,3162046
1031,2930515
1032,497771286
1033,497770694
1034,497770002
1035,497769269
1036,2858128
Total Records Reject 234 
