Total Records Added 1362 
#.,ID
0,14575276
1,14400585
2,536958374
3,14573774
4,536957294
5,536957146
6,536956900
7,536956525
8,536956122
9,536956113
10,14572570
11,14398977
12,14572319
13,536947345
14,536947260
15,536945746
16,14397389
17,536945061
18,14397030
19,14570329
20,14396764
21,2332321
22,14568997
23,14568436
24,14394846
25,14564464
26,14564319
27,14564183
28,2331120
29,14388131
30,14388029
31,14561394
32,14387836
33,2329418
34,14383568
35,14556774
36,14556643
37,14383212
38,14556423
39,14383002
40,14382902
41,14382821
42,14556077
43,2329180
44,14555850
45,14382452
46,14381105
47,14552725
48,2327644
49,14549479
50,14376207
51,14548846
52,14375509
53,14375148
54,2327273
55,14374110
56,14547157
57,14373884
58,14373740
59,14546635
60,14546487
61,14546294
62,536847871
63,536846184
64,536845324
65,14540392
66,14367024
67,14540039
68,2325303
69,536823395
70,536822973
71,536822143
72,536821565
73,2325038
74,2325009
75,14365288
76,14365246
77,14538221
78,2324935
79,536820080
80,14365017
81,536814687
82,536814073
83,536813545
84,14363035
85,536812225
86,536811693
87,14362793
88,536811435
89,14362738
90,14362640
91,14362616
92,536810707
93,536810412
94,14535289
95,536809779
96,14535210
97,14535195
98,536809701
99,14362205
100,536809129
101,14534998
102,14534990
103,536808906
104,14362057
105,14534863
106,14534713
107,14361838
108,14534692
109,14534548
110,14534129
111,536805534
112,14361125
113,536805001
114,536804452
115,536803634
116,536803078
117,536802624
118,536802135
119,536801177
120,14359854
121,14532701
122,536800725
123,14532617
124,14532539
125,536800071
126,536799368
127,536799195
128,536798486
129,536797955
130,536797409
131,536793929
132,536793545
133,536793271
134,536793128
135,536792750
136,536792740
137,536792294
138,536791783
139,14356760
140,14356644
141,14356539
142,536786223
143,536785747
144,14352965
145,14525310
146,14352656
147,14352544
148,14524334
149,14351794
150,536761000
151,536759562
152,536758269
153,536756024
154,536752526
155,536752106
156,536751425
157,536748218
158,536747605
159,14517629
160,14345088
161,536747137
162,14345005
163,536746535
164,14517354
165,536739457
166,536738796
167,536738758
168,536738622
169,536738353
170,536738171
171,536738027
172,536737981
173,536737689
174,536737580
175,536737420
176,536737012
177,536736758
178,536736658
179,536735912
180,14339739
181,14511671
182,14339279
183,14339125
184,536703823
185,536703137
186,536702489
187,536701614
188,14499081
189,2315967
190,14327219
191,14498696
192,14494863
193,14494762
194,14494622
195,14494472
196,536659615
197,536659023
198,536658258
199,536657568
200,2314201
201,14491100
202,14490965
203,14490816
204,14481924
205,14310828
206,14247568
207,14247484
208,14247374
209,14247276
210,535903731
211,535902348
212,535901415
213,535900502
214,535899111
215,2232226
216,535514647
217,535513972
218,535513295
219,535512169
220,535455518
221,535455117
222,535454727
223,535454324
224,535432140
225,535431276
226,14124524
227,13955230
228,14123759
229,14123433
230,14107484
231,14107362
232,2219286
233,13938760
234,535367686
235,13938255
236,535359166
237,535358761
238,535358125
239,535357578
240,14104065
241,14103749
242,535345879
243,535340217
244,535339003
245,13929527
246,14097136
247,13928950
248,14096792
249,535332391
250,535331787
251,535330934
252,535330163
253,13926949
254,535326361
255,14094683
256,13926509
257,535325517
258,13926314
259,535324818
260,535324246
261,535319453
262,535318579
263,535317780
264,535316885
265,14091295
266,535313920
267,535313156
268,535312521
269,535311564
270,535310226
271,535309731
272,535309272
273,535308708
274,13921714
275,14088757
276,14088569
277,14088333
278,14087944
279,13919012
280,13918715
281,14085786
282,13917970
283,13917810
284,13917664
285,13917525
286,14084701
287,2214067
288,13916961
289,13916956
290,14084181
291,2213995
292,13916572
293,13916304
294,14082975
295,14082575
296,13914888
297,13914707
298,14082121
299,2213497
300,13914493
301,14081692
302,14081533
303,535278681
304,535278231
305,535278228
306,535277778
307,535277653
308,535277638
309,535277002
310,14079549
311,2212861
312,535275291
313,14079141
314,535273972
315,13911345
316,13909706
317,14076705
318,14076601
319,2212220
320,13909379
321,14076411
322,2212131
323,535265286
324,13909047
325,535264703
326,535264015
327,535263333
328,535259152
329,2211701
330,535258462
331,13907197
332,535257676
333,535256861
334,535256743
335,535256025
336,535255628
337,535254342
338,535253629
339,13905022
340,14071674
341,13901168
342,14067576
343,13900869
344,13900733
345,14065256
346,14065146
347,14065074
348,2209668
349,2209648
350,13898337
351,2209051
352,13895839
353,14061945
354,14061819
355,13895630
356,13895517
357,13895320
358,13895230
359,14059480
360,14059383
361,2208397
362,2208370
363,535207754
364,535207381
365,535206947
366,535206177
367,535190954
368,535190424
369,14053818
370,13887999
371,535176156
372,535175684
373,535175232
374,535174681
375,535159735
376,535159241
377,535158658
378,535158033
379,535134325
380,535132955
381,535131332
382,535128857
383,535127757
384,535126502
385,535124577
386,535123295
387,13868971
388,14033286
389,14033034
390,14032918
391,535090337
392,535089386
393,535088896
394,535088450
395,14025604
396,14025396
397,14010762
398,13847410
399,14010398
400,14010082
401,534896351
402,534895619
403,534894688
404,534894032
405,13728027
406,13563822
407,2126509
408,13561902
409,13561590
410,13725521
411,534127456
412,13561331
413,13561303
414,534126789
415,534125734
416,2126153
417,534124513
418,13540828
419,13704704
420,13690952
421,13690709
422,13682955
423,13519025
424,2116239
425,2116188
426,533834231
427,533833658
428,533833011
429,533832165
430,533815912
431,533815117
432,533814524
433,13648926
434,533813961
435,13648786
436,13485582
437,13485381
438,13479924
439,13642642
440,533783900
441,533783398
442,533782114
443,13640412
444,533781495
445,13477442
446,13477264
447,13477101
448,13474388
449,13474234
450,13473440
451,533762377
452,13635282
453,13635188
454,2105351
455,13472189
456,533760840
457,533760016
458,533758932
459,533754385
460,533753477
461,533744708
462,533744331
463,533743973
464,533743540
465,2104252
466,13630084
467,13467046
468,13466719
469,2104004
470,13628876
471,13465378
472,13465262
473,13627560
474,533733252
475,2103644
476,533732748
477,533731103
478,533730726
479,533730338
480,533729961
481,533724835
482,13623272
483,13460881
484,533701966
485,533701741
486,533701178
487,533700885
488,13456504
489,533700101
490,2101646
491,533699693
492,13456217
493,533699014
494,13456116
495,533698600
496,533697496
497,13615771
498,533689356
499,533689117
500,13453598
501,533688803
502,13615192
503,533688278
504,13614949
505,533687024
506,13614555
507,13452669
508,13614296
509,533684760
510,13452398
511,13451109
512,13450968
513,13450867
514,13450657
515,13611359
516,13449486
517,13449348
518,13610876
519,2099682
520,13448072
521,13447971
522,13447860
523,2099240
524,13608050
525,13607930
526,2099157
527,13443347
528,2098460
529,13604500
530,13604418
531,533643920
532,533642943
533,533642434
534,533641914
535,533619995
536,533619499
537,533618985
538,533618416
539,533611766
540,533611306
541,533610495
542,533609947
543,533586752
544,533585610
545,13426874
546,13587383
547,13426674
548,533583696
549,2094516
550,533579014
551,533574037
552,533573559
553,13584422
554,2093850
555,13583457
556,13583367
557,13583303
558,2093605
559,13412913
560,13412666
561,13412560
562,13412410
563,13572119
564,13571994
565,2091011
566,13571731
567,533492557
568,533491630
569,533490971
570,533490185
571,533411614
572,533411076
573,533410334
574,533409768
575,533322349
576,533321866
577,533321300
578,533320591
579,13323496
580,13323410
581,13323344
582,13477855
583,531138215
584,531137265
585,531136507
586,531135589
587,530273560
588,12484183
589,12483949
590,12388751
591,12219567
592,12387976
593,12387796
594,12387629
595,529530376
596,529529658
597,529528964
598,529527700
599,12349835
600,12349674
601,12182024
602,12181826
603,12348813
604,12181118
605,12348307
606,12348125
607,12347909
608,12347710
609,12180261
610,12347493
611,12175922
612,12175690
613,12342815
614,12175366
615,12339888
616,12172561
617,12172444
618,12172160
619,12337594
620,12170221
621,12169907
622,12158678
623,12325223
624,12325141
625,12158428
626,12156511
627,12321382
628,12320471
629,529317939
630,529317360
631,1907856
632,529316865
633,529316242
634,529264551
635,529264079
636,529263530
637,529263019
638,529260280
639,529259447
640,529258672
641,12138994
642,12303156
643,12137716
644,12302842
645,12302721
646,12136640
647,12301620
648,529245989
649,529245196
650,529243564
651,529243078
652,529242475
653,529241760
654,529232416
655,529231663
656,529231055
657,1904864
658,529230048
659,12132598
660,12132351
661,12296859
662,529208574
663,529207678
664,529205994
665,529204759
666,529194360
667,529193824
668,12123554
669,12120266
670,12120000
671,12283739
672,12283389
673,12118645
674,529173995
675,529173255
676,529172655
677,529172459
678,12118180
679,12118162
680,529171997
681,529171976
682,12118008
683,529171191
684,529170667
685,12281647
686,12281498
687,12281485
688,12281210
689,12117270
690,12116772
691,12280540
692,12116199
693,12116047
694,12279839
695,12278833
696,529159353
697,12114744
698,529158625
699,529157835
700,529156791
701,12277112
702,12276985
703,1901468
704,12272219
705,12108586
706,12271913
707,12271904
708,12271770
709,12108040
710,12107907
711,529092682
712,12260262
713,529091360
714,12259862
715,12259614
716,12096728
717,12096518
718,1899715
719,12258719
720,12258578
721,529085108
722,12255598
723,12255466
724,12092988
725,12254963
726,529066135
727,529065488
728,529064780
729,529063650
730,12250123
731,12087425
732,12086868
733,12083788
734,12245433
735,12083374
736,12244944
737,529028269
738,529027724
739,529027192
740,529026567
741,529005912
742,529004041
743,529002461
744,528997283
745,528994121
746,528993569
747,528992915
748,528989374
749,528987552
750,528987024
751,528986558
752,528985852
753,528982392
754,528981634
755,528981154
756,528980614
757,12066043
758,1895485
759,12226347
760,12065529
761,12065512
762,1895398
763,12225616
764,12225391
765,12221986
766,1894870
767,1894856
768,1894846
769,528932373
770,528931593
771,528931039
772,528930347
773,528929354
774,12051428
775,12051254
776,12210434
777,12050828
778,12049496
779,12049181
780,12049097
781,12208336
782,528875212
783,528684466
784,528683736
785,528683211
786,528682622
787,11872896
788,11721694
789,11843574
790,11693547
791,527638942
792,527638750
793,11692023
794,527637827
795,11681446
796,11681276
797,11681148
798,11830136
799,527585860
800,527585143
801,11678699
802,11827679
803,11826934
804,11826836
805,527577752
806,11677643
807,11677634
808,11826588
809,11677504
810,11677235
811,11676905
812,527573159
813,1840195
814,11824478
815,11675233
816,11823881
817,11674860
818,1839968
819,11674334
820,11674119
821,11822886
822,11822824
823,11822807
824,11822761
825,11822642
826,11673793
827,11673721
828,11673508
829,11822151
830,11821283
831,527554947
832,527554552
833,527554177
834,527553685
835,11818837
836,11818539
837,527542958
838,527540965
839,527540600
840,527540263
841,11668555
842,11814844
843,11666231
844,527524495
845,527523503
846,527513662
847,527513192
848,11810127
849,527512771
850,527512342
851,527512316
852,11661207
853,11661019
854,11809140
855,11660668
856,11806687
857,11658236
858,11657194
859,11657064
860,11656950
861,11656767
862,527492067
863,527490269
864,527489167
865,527487989
866,527482502
867,527481256
868,527480749
869,527480228
870,11651816
871,527473090
872,11650575
873,527468734
874,527461004
875,527460180
876,11796195
877,527459756
878,527459627
879,527459577
880,11648158
881,527459065
882,11648037
883,527458714
884,527458583
885,527458401
886,527457988
887,527457795
888,527457477
889,527457094
890,527456962
891,527456861
892,527456698
893,527456285
894,527455801
895,11645760
896,11793138
897,11645243
898,11788400
899,11788210
900,11639884
901,1835259
902,11638496
903,527422263
904,527421318
905,11785364
906,527418502
907,527417948
908,11637041
909,11783579
910,11783413
911,11635619
912,11783098
913,527407126
914,527401500
915,527400654
916,527400620
917,527400041
918,527398689
919,527397568
920,527396923
921,11777531
922,11629976
923,11777135
924,11776941
925,527380067
926,527379544
927,527379044
928,527378476
929,11622262
930,11769296
931,1832866
932,11768906
933,527359248
934,527356040
935,527353970
936,527352911
937,527352294
938,527351909
939,527351511
940,527350538
941,11759601
942,11612699
943,11759080
944,11612262
945,11758528
946,11611617
947,11611534
948,11757897
949,11611317
950,11756228
951,11755969
952,11608351
953,11754516
954,11607812
955,11607722
956,11607642
957,11607530
958,11607448
959,1830566
960,11604675
961,11750683
962,11604343
963,11593643
964,11593399
965,11592958
966,11738154
967,11590691
968,11735773
969,11735438
970,11590113
971,527193770
972,527190750
973,527188584
974,527187452
975,527186010
976,11718360
977,11574148
978,11717932
979,14525310
980,14499081
981,535454727
982,11757897
983,11717560
984,526085715
985,526084888
986,526082084
987,526081599
988,526075123
989,526074787
990,1779203
991,526074071
992,526073470
993,526072915
994,526072844
995,526072490
996,526072247
997,526069467
998,526069041
999,526057468
1000,526053819
1001,526052829
1002,526051876
1003,1778344
1004,11235509
1005,11366404
1006,11366235
1007,11229943
1008,11365890
1009,11227985
1010,11363842
1011,11227853
1012,11363748
1013,11363595
1014,11227581
1015,11363241
1016,11362883
1017,526012617
1018,526011808
1019,526011154
1020,526010619
1021,526001183
1022,11358320
1023,11358186
1024,11222640
1025,11357945
1026,11353309
1027,11353163
1028,525972954
1029,525971682
1030,525970428
1031,525969612
1032,11215274
1033,11215055
1034,11349869
1035,11214586
1036,11349502
1037,11214381
1038,11349203
1039,11349032
1040,525947587
1041,525947169
1042,525946552
1043,11208381
1044,525936817
1045,525936396
1046,1774453
1047,11200752
1048,11200590
1049,11333784
1050,11197023
1051,525892411
1052,525891085
1053,525890206
1054,525888976
1055,11327516
1056,11194697
1057,11194551
1058,11326945
1059,11193935
1060,11326316
1061,11326100
1062,11193344
1063,525872290
1064,525871645
1065,525870745
1066,525869811
1067,525869257
1068,525868736
1069,525867281
1070,525865379
1071,525863218
1072,525862350
1073,525858897
1074,525858440
1075,525858083
1076,525857399
1077,11186750
1078,11186559
1079,11186547
1080,11186420
1081,11318370
1082,11318289
1083,11186076
1084,11185999
1085,11185787
1086,525842209
1087,525841615
1088,11182961
1089,525841290
1090,525841050
1091,525840413
1092,525840014
1093,11182590
1094,525840005
1095,525839880
1096,525839456
1097,525839159
1098,525838872
1099,525836082
1100,525835655
1101,525835441
1102,525834972
1103,11181079
1104,11180942
1105,525829529
1106,525829025
1107,11311204
1108,525828626
1109,11311045
1110,525828218
1111,11310954
1112,11310864
1113,525819931
1114,525819523
1115,525818970
1116,525818750
1117,525818434
1118,525817702
1119,525817605
1120,525817360
1121,525816857
1122,525816584
1123,11175768
1124,11306620
1125,11306146
1126,11174839
1127,525789662
1128,525789107
1129,525788421
1130,525787658
1131,525744356
1132,525743754
1133,525743092
1134,525742343
1135,525735528
1136,525734991
1137,525734323
1138,525733359
1139,525732783
1140,11277119
1141,11276814
1142,11276512
1143,11147595
1144,11143617
1145,11143495
1146,11143319
1147,11271364
1148,11142933
1149,11271061
1150,11270592
1151,11142387
1152,11142298
1153,1765780
1154,11270226
1155,11270180
1156,11270016
1157,525657414
1158,525656851
1159,11254201
1160,525621418
1161,11127070
1162,11126557
1163,11253086
1164,525540467
1165,525539939
1166,525539471
1167,525538713
1168,525286508
1169,525285903
1170,525284744
1171,525282634
1172,524784837
1173,524783815
1174,524782839
1175,524781464
1176,10975263
1177,1725652
1178,10974512
1179,10974285
1180,10843763
1181,10957893
1182,10841879
1183,10955995
1184,10948421
1185,10948041
1186,10832750
1187,10947581
1188,10832318
1189,10947337
1190,524681631
1191,10832093
1192,10946747
1193,10830298
1194,10830147
1195,10829973
1196,10944718
1197,10941115
1198,10940403
1199,10824031
1200,10823742
1201,10920231
1202,10806660
1203,10919889
1204,10806313
1205,10917893
1206,10804148
1207,1717901
1208,10803540
1209,10907576
1210,524533340
1211,524532605
1212,10905437
1213,1716391
1214,10904802
1215,10904614
1216,524528358
1217,1715912
1218,10901010
1219,10900811
1220,10900452
1221,524510603
1222,524506494
1223,10785460
1224,10897130
1225,524493854
1226,524493240
1227,524492384
1228,524491759
1229,524490829
1230,524489688
1231,524488535
1232,524482112
1233,524481632
1234,524481045
1235,524480366
1236,10891655
1237,1714674
1238,524359022
1239,524358475
1240,524357358
1241,10745714
1242,10853392
1243,10745408
1244,10745228
1245,524325683
1246,524310634
1247,524310164
1248,524309787
1249,524309369
1250,10842516
1251,1708546
1252,10841885
1253,524286532
1254,10730374
1255,10729521
1256,10836131
1257,1707755
1258,10835762
1259,10834550
1260,10834355
1261,10834163
1262,10834022
1263,524254745
1264,524253397
1265,10830114
1266,10829864
1267,524252397
1268,10829632
1269,1706808
1270,10828844
1271,10722268
1272,10828481
1273,10828080
1274,10721604
1275,10721568
1276,10721442
1277,1706640
1278,10827542
1279,10721075
1280,10827168
1281,524230872
1282,524229662
1283,524225462
1284,524224656
1285,10715376
1286,10821226
1287,10715028
1288,10714901
1289,524219504
1290,524218906
1291,524218323
1292,524218271
1293,524217663
1294,524216295
1295,524215479
1296,524197357
1297,524196849
1298,524196222
1299,524195727
1300,10808858
1301,10703361
1302,524178611
1303,524177973
1304,10703054
1305,10808173
1306,524175157
1307,524174354
1308,524174328
1309,524173558
1310,524172709
1311,524172060
1312,524170413
1313,10700362
1314,10697924
1315,10696652
1316,10801423
1317,10801215
1318,10801078
1319,524133806
1320,524132138
1321,524132080
1322,524131380
1323,524130673
1324,524129823
1325,524128154
1326,524127436
1327,524090472
1328,524088853
1329,524087011
1330,524085857
1331,10666212
1332,10769396
1333,10769239
1334,10665770
1335,10767206
1336,524029698
1337,10663574
1338,10663490
1339,524005284
1340,524003990
1341,523869076
1342,523866737
1343,523866092
1344,523865041
1345,523864453
1346,523863718
1347,523526469
1348,523526098
1349,523525662
1350,10384970
1351,10384566
1352,1645803
1353,10286237
1354,10322681
1355,10322145
1356,10226806
1357,10226660
1358,522518536
1359,522517908
1360,522517101
1361,522509758
Total Records Reject 388 
