Total Records Added 1136 
#.,ID
0,530273560
1,12484183
2,12483949
3,12388751
4,12219567
5,12387976
6,12387796
7,12387629
8,529530376
9,529529658
10,529528964
11,529527700
12,12349835
13,12349674
14,12182024
15,12181826
16,12348813
17,12181118
18,12348307
19,12348125
20,12347909
21,12347710
22,12180261
23,12347493
24,12175922
25,12175690
26,12342815
27,12175366
28,12339888
29,12172561
30,12172444
31,12172160
32,12337594
33,12170221
34,12169907
35,12158678
36,12325223
37,12325141
38,12158428
39,12156511
40,12321382
41,12320471
42,529317939
43,529317360
44,1907856
45,529316865
46,529316242
47,529264551
48,529264079
49,529263530
50,529263019
51,529260280
52,529259447
53,529258672
54,12138994
55,12303156
56,12137716
57,12302842
58,12302721
59,12136640
60,12301620
61,529245989
62,529245196
63,529243564
64,529243078
65,529242475
66,529241760
67,529232416
68,529231663
69,529231055
70,1904864
71,529230048
72,12132598
73,12132351
74,12296859
75,529208574
76,529207678
77,529205994
78,529204759
79,529194360
80,529193824
81,12123554
82,12120266
83,12120000
84,12283739
85,12283389
86,12118645
87,529173995
88,529173255
89,529172655
90,529172459
91,12118180
92,12118162
93,529171997
94,529171976
95,12118008
96,529171191
97,529170667
98,12281647
99,12281498
100,12281485
101,12281210
102,12117270
103,12116772
104,12280540
105,12116199
106,12116047
107,12279839
108,12278833
109,529159353
110,12114744
111,529158625
112,529157835
113,529156791
114,12277112
115,12276985
116,1901468
117,12272219
118,12108586
119,12271913
120,12271904
121,12271770
122,12108040
123,12107907
124,529092682
125,12260262
126,529091360
127,12259862
128,12259614
129,12096728
130,12096518
131,1899715
132,12258719
133,12258578
134,529085108
135,12255598
136,12255466
137,12092988
138,12254963
139,529066135
140,529065488
141,529064780
142,529063650
143,12250123
144,12087425
145,12086868
146,12083788
147,12245433
148,12083374
149,12244944
150,529028269
151,529027724
152,529027192
153,529026567
154,529005912
155,529004041
156,529002461
157,528997283
158,528994121
159,528993569
160,528992915
161,528989374
162,528987552
163,528987024
164,528986558
165,528985852
166,528982392
167,528981634
168,528981154
169,528980614
170,12066043
171,1895485
172,12226347
173,12065529
174,12065512
175,1895398
176,12225616
177,12225391
178,12221986
179,1894870
180,1894856
181,1894846
182,528932373
183,528931593
184,528931039
185,528930347
186,528929354
187,12051428
188,12051254
189,12210434
190,12050828
191,12049496
192,12049181
193,12049097
194,12208336
195,528875212
196,528684466
197,528683736
198,528683211
199,528682622
200,11872896
201,11721694
202,11843574
203,11693547
204,527638942
205,527638750
206,11692023
207,527637827
208,11681446
209,11681276
210,11681148
211,11830136
212,527585860
213,527585143
214,11678699
215,11827679
216,11826934
217,11826836
218,529065488
219,529064780
220,527577752
221,12250123
222,11677643
223,11677634
224,528992915
225,11826588
226,11677504
227,11677235
228,11676905
229,527573159
230,1840195
231,11824478
232,11675233
233,11823881
234,11674860
235,1839968
236,11674334
237,11674119
238,11822886
239,11822824
240,11822807
241,11822761
242,11822642
243,528931593
244,11673793
245,11673721
246,11673508
247,11822151
248,11821283
249,527554947
250,527554552
251,527554177
252,527553685
253,11818837
254,11818539
255,527542958
256,527540965
257,527540600
258,527540263
259,11668555
260,11814844
261,11666231
262,527524495
263,527523503
264,527513662
265,527513192
266,11810127
267,12050828
268,527512771
269,527512342
270,527512316
271,11661207
272,11661019
273,11809140
274,11660668
275,11806687
276,11658236
277,11657194
278,11657064
279,11656950
280,11656767
281,527492067
282,527490269
283,527489167
284,527487989
285,527482502
286,527481256
287,527480749
288,527480228
289,11651816
290,527473090
291,11650575
292,527468734
293,527461004
294,527460180
295,11796195
296,527459756
297,527459627
298,527459577
299,11648158
300,527459065
301,11648037
302,527458714
303,527458583
304,527458401
305,527457988
306,527457795
307,527457477
308,527457094
309,527456962
310,527456861
311,527456698
312,527456285
313,527455801
314,11645760
315,11793138
316,11645243
317,11788400
318,11788210
319,11639884
320,1835259
321,11638496
322,527422263
323,527421318
324,11785364
325,527418502
326,527417948
327,11637041
328,11783579
329,11783413
330,11635619
331,11783098
332,527407126
333,527401500
334,527400654
335,527400620
336,527400041
337,527398689
338,527397568
339,527396923
340,11777531
341,11629976
342,11777135
343,11776941
344,527380067
345,527379544
346,527379044
347,527378476
348,11622262
349,11769296
350,1832866
351,11768906
352,527359248
353,527356040
354,527353970
355,527352911
356,527352294
357,527351909
358,527351511
359,527350538
360,11759601
361,11612699
362,11759080
363,11612262
364,11758528
365,11611617
366,11611534
367,11757897
368,11611317
369,11756228
370,11755969
371,11608351
372,11754516
373,11607812
374,11607722
375,11607642
376,11607530
377,11607448
378,1830566
379,11604675
380,11750683
381,11604343
382,11593643
383,11593399
384,11592958
385,11738154
386,11590691
387,11735773
388,11735438
389,11590113
390,527193770
391,527190750
392,527188584
393,527187452
394,527186010
395,11718360
396,11574148
397,11717932
398,11717560
399,526085715
400,526084888
401,526082084
402,526081599
403,526075123
404,526074787
405,1779203
406,526074071
407,526073470
408,526072915
409,526072844
410,526072490
411,526072247
412,526069467
413,526069041
414,526057468
415,526053819
416,526052829
417,526051876
418,1778344
419,11235509
420,11366404
421,11366235
422,11229943
423,11365890
424,11227985
425,11363842
426,11227853
427,11363748
428,11363595
429,11227581
430,11363241
431,11362883
432,526012617
433,526011808
434,526011154
435,526010619
436,526001183
437,11358320
438,11358186
439,11222640
440,11357945
441,11353309
442,11353163
443,525972954
444,525971682
445,525970428
446,525969612
447,11215274
448,11215055
449,11349869
450,11214586
451,11349502
452,11214381
453,11349203
454,11349032
455,525947587
456,525947169
457,525946552
458,11208381
459,525936817
460,525936396
461,1774453
462,11200752
463,11200590
464,11333784
465,11197023
466,525892411
467,525891085
468,525890206
469,525888976
470,11327516
471,11194697
472,11194551
473,11326945
474,11193935
475,11326316
476,11326100
477,11193344
478,525872290
479,525871645
480,525870745
481,525869811
482,525869257
483,525868736
484,525867281
485,525865379
486,525863218
487,525862350
488,525858897
489,525858440
490,525858083
491,525857399
492,11186750
493,11186559
494,11186547
495,11186420
496,11318370
497,11318289
498,11186076
499,11185999
500,11185787
501,525842209
502,525841615
503,11182961
504,525841290
505,525841050
506,525840413
507,525840014
508,11182590
509,525840005
510,525839880
511,525839456
512,525839159
513,525838872
514,525836082
515,525835655
516,525835441
517,525834972
518,11181079
519,11180942
520,525829529
521,525829025
522,11311204
523,525828626
524,11311045
525,525828218
526,11310954
527,11310864
528,525819931
529,525819523
530,525818970
531,525818750
532,525818434
533,525817702
534,525817605
535,525817360
536,525816857
537,525816584
538,11175768
539,11306620
540,11306146
541,11174839
542,525789662
543,525789107
544,525788421
545,525787658
546,525744356
547,525743754
548,525743092
549,525742343
550,525735528
551,525734991
552,525734323
553,525733359
554,525732783
555,11277119
556,11276814
557,11276512
558,11147595
559,11143617
560,11143495
561,11143319
562,11271364
563,11142933
564,11271061
565,11270592
566,11142387
567,11142298
568,1765780
569,11270226
570,11270180
571,11270016
572,525657414
573,525656851
574,11254201
575,525621418
576,11127070
577,11126557
578,11253086
579,525540467
580,525539939
581,525539471
582,525538713
583,525286508
584,525285903
585,525284744
586,525282634
587,524784837
588,524783815
589,524782839
590,524781464
591,10975263
592,1725652
593,10974512
594,10974285
595,10843763
596,10957893
597,10841879
598,10955995
599,10948421
600,10948041
601,10832750
602,10947581
603,10832318
604,10947337
605,524681631
606,10832093
607,10946747
608,10830298
609,10830147
610,10829973
611,10944718
612,10941115
613,10940403
614,10824031
615,10823742
616,10920231
617,10806660
618,10919889
619,10806313
620,10917893
621,10804148
622,1717901
623,10803540
624,10907576
625,524533340
626,524532605
627,10905437
628,1716391
629,10904802
630,10904614
631,524528358
632,1715912
633,10901010
634,10900811
635,10900452
636,524510603
637,524506494
638,10785460
639,10897130
640,524493854
641,524493240
642,524492384
643,524491759
644,524490829
645,524489688
646,524488535
647,524482112
648,524481632
649,524481045
650,524480366
651,10891655
652,1714674
653,524359022
654,524358475
655,524357358
656,10745714
657,10853392
658,10745408
659,10745228
660,524325683
661,524310634
662,524310164
663,524309787
664,524309369
665,10842516
666,1708546
667,10841885
668,524286532
669,10730374
670,10729521
671,10836131
672,1707755
673,10835762
674,10834550
675,10834355
676,10834163
677,10834022
678,524254745
679,524253397
680,10830114
681,10829864
682,524252397
683,10829632
684,1706808
685,10828844
686,10722268
687,10828481
688,10828080
689,10721604
690,10721568
691,10721442
692,1706640
693,10827542
694,10721075
695,10827168
696,524230872
697,524229662
698,524225462
699,524224656
700,10715376
701,10821226
702,10715028
703,10714901
704,524219504
705,524218906
706,524218323
707,524218271
708,524217663
709,524216295
710,524215479
711,524197357
712,524196849
713,524196222
714,524195727
715,10808858
716,10703361
717,524178611
718,524177973
719,10703054
720,10808173
721,524175157
722,524174354
723,524174328
724,524173558
725,524172709
726,524172060
727,524170413
728,10700362
729,10697924
730,10696652
731,10801423
732,10801215
733,10801078
734,524133806
735,524132138
736,524132080
737,524131380
738,524130673
739,524129823
740,524128154
741,524127436
742,524090472
743,524088853
744,524087011
745,524085857
746,10666212
747,10769396
748,10769239
749,10665770
750,10767206
751,524029698
752,10663574
753,10663490
754,524005284
755,524003990
756,523869076
757,523866737
758,523866092
759,523865041
760,523864453
761,523863718
762,523526469
763,523526098
764,523525662
765,10384970
766,10384566
767,1645803
768,10286237
769,10322681
770,10322145
771,10226806
772,10226660
773,522518536
774,522517908
775,522517101
776,522509758
777,8930569
778,8838096
779,8837753
780,1438711
781,8836857
782,8830054
783,1437470
784,8826811
785,8826632
786,8826096
787,8853568
788,517823537
789,517822711
790,8852958
791,8793940
792,8851925
793,8850695
794,8850480
795,1432022
796,8790821
797,517749295
798,517572048
799,517571373
800,517570797
801,517570243
802,8732365
803,8787276
804,8787064
805,8786742
806,8728699
807,8782586
808,8727612
809,8715217
810,8715030
811,517486784
812,8714769
813,8768684
814,8714578
815,517485364
816,8714471
817,8714312
818,517484362
819,8714048
820,517483130
821,517482117
822,8766767
823,8712873
824,8712640
825,8712460
826,517470015
827,8710368
828,8710279
829,8763868
830,517467649
831,517467431
832,517466044
833,517465853
834,517464602
835,517463425
836,517463121
837,517462385
838,517461143
839,517458703
840,8761495
841,517458238
842,517455855
843,8707187
844,8706631
845,8706512
846,517445501
847,517442931
848,517441056
849,8755748
850,517435232
851,517434894
852,517433885
853,517433121
854,8695841
855,1418334
856,517405254
857,8747878
858,517404515
859,8694893
860,517367444
861,517366997
862,517366471
863,517365975
864,8734537
865,8682654
866,8682541
867,8682411
868,517334747
869,517333600
870,517332889
871,517332317
872,517323089
873,517321612
874,517320766
875,517318776
876,517317968
877,517317193
878,517316388
879,8722503
880,8671142
881,8666355
882,8666216
883,8716948
884,8716796
885,517295737
886,517295225
887,517294658
888,8715680
889,8664710
890,1414016
891,8714970
892,8664173
893,8714725
894,1413946
895,8663551
896,1413874
897,1413853
898,8713655
899,8713495
900,517284958
901,517284238
902,517282926
903,517282132
904,517260890
905,517259678
906,517259088
907,517258524
908,517191311
909,8637787
910,8637629
911,8637488
912,8632284
913,8680469
914,8672598
915,8672420
916,8672280
917,8672129
918,517126816
919,517125982
920,517125145
921,517123083
922,8663904
923,8616875
924,8663393
925,8663186
926,517084670
927,517083995
928,517083344
929,517082446
930,517079192
931,8601993
932,8601906
933,517044849
934,1405650
935,8646917
936,517043657
937,517042569
938,517040745
939,516811088
940,516810179
941,516809220
942,516808282
943,515875351
944,8269232
945,8228275
946,8268631
947,1354761
948,8267834
949,515783488
950,515782820
951,515781319
952,515780541
953,8232316
954,8193495
955,8192482
956,8191585
957,515725327
958,8229860
959,515724102
960,515722936
961,8229247
962,515720790
963,8189757
964,8228097
965,8189460
966,8227751
967,515706166
968,515705394
969,8184350
970,8222430
971,8183961
972,8183883
973,8221941
974,8221793
975,8183398
976,515688982
977,515687976
978,515687331
979,515686747
980,8181470
981,515684660
982,515684003
983,515682806
984,515682005
985,8176572
986,8174005
987,8211509
988,515656078
989,8173365
990,515654200
991,515651016
992,1345755
993,8163572
994,8200236
995,8199856
996,8162472
997,8162182
998,515610854
999,515610019
1000,515609278
1001,8198484
1002,515606814
1003,8195731
1004,8195564
1005,1344985
1006,8195208
1007,515549284
1008,515548334
1009,8145544
1010,515547108
1011,8181077
1012,8180903
1013,8145067
1014,515545709
1015,515541854
1016,515541390
1017,515540953
1018,515540336
1019,515539137
1020,8143206
1021,515536263
1022,8177684
1023,515504198
1024,515503704
1025,515503298
1026,515502783
1027,515499571
1028,515498145
1029,515497332
1030,515496610
1031,515470159
1032,515469635
1033,515469110
1034,515468666
1035,8153863
1036,8119674
1037,1339534
1038,8153207
1039,515447670
1040,8118040
1041,515445640
1042,8117821
1043,515444605
1044,8151514
1045,515443942
1046,8117407
1047,515443285
1048,8150837
1049,515442135
1050,8116918
1051,515441653
1052,8116796
1053,515441168
1054,515429506
1055,515428826
1056,515427410
1057,515426753
1058,8110438
1059,8143624
1060,8143499
1061,515416645
1062,515415728
1063,8109740
1064,515415092
1065,1338103
1066,515414425
1067,8109009
1068,8142280
1069,8141931
1070,8137822
1071,1337406
1072,8104338
1073,8104192
1074,8137372
1075,8136946
1076,8136663
1077,8135818
1078,515388968
1079,515388326
1080,8135246
1081,8134951
1082,8134748
1083,8101402
1084,8134307
1085,8101186
1086,8134202
1087,8134110
1088,8133994
1089,515365815
1090,515365278
1091,515364824
1092,515364356
1093,515352725
1094,515351651
1095,8085806
1096,515324387
1097,1334768
1098,8111278
1099,1334083
1100,8110860
1101,8110734
1102,515299207
1103,515297289
1104,515296529
1105,515295276
1106,515292740
1107,515291695
1108,515290797
1109,515289959
1110,8068157
1111,8068036
1112,1332570
1113,8098680
1114,8097200
1115,8097004
1116,8065970
1117,8096594
1118,1332277
1119,8065604
1120,8096143
1121,8096009
1122,515142498
1123,515141592
1124,515140164
1125,515139097
1126,515068252
1127,515067065
1128,515066116
1129,515065216
1130,1326154
1131,514907050
1132,514764682
1133,514763719
1134,514762958
1135,514761924
Total Records Reject 268 
