Total Records Added 3575 
#.,ID
0,173706
1,173627
2,173524
3,167032
4,80764
5,166813
6,173187
7,166618
8,171996
9,165466
10,171621
11,165072
12,164866
13,171052
14,163882
15,163749
16,169031
17,168044
18,488176335
19,488175760
20,488175108
21,488174520
22,488164146
23,488163662
24,488163153
25,488162596
26,162388
27,156042
28,155852
29,77492
30,161940
31,161680
32,160855
33,154096
34,153841
35,159889
36,158717
37,152135
38,158305
39,76406
40,151628
41,157769
42,488137141
43,488135224
44,488134397
45,488133966
46,488133237
47,488132250
48,488130969
49,488129021
50,153318
51,152952
52,147151
53,146907
54,74382
55,146468
56,488118170
57,488117663
58,488117161
59,488116627
60,488107786
61,488107152
62,488106544
63,488105901
64,488104242
65,488103756
66,488103232
67,488102778
68,72374
69,145705
70,145681
71,141497
72,72234
73,141348
74,141339
75,145216
76,140355
77,140201
78,143691
79,143505
80,71496
81,143262
82,488089834
83,139265
84,488084047
85,488083425
86,488082569
87,488081905
88,139702
89,139395
90,139139
91,138817
92,69973
93,137303
94,488070178
95,488069644
96,488068152
97,488067278
98,488064557
99,488063941
100,488063115
101,488062450
102,488057127
103,488056467
104,488055823
105,488054692
106,488047902
107,488047449
108,488047025
109,488046250
110,488044372
111,488043756
112,488043729
113,488043159
114,488042541
115,488042438
116,488041603
117,488040725
118,488023378
119,488022775
120,488022027
121,488021675
122,488021283
123,488020542
124,488020325
125,488019772
126,488018589
127,488018507
128,488018091
129,488017584
130,488016977
131,487987205
132,487986549
133,113130
134,115615
135,487985859
136,487985062
137,112569
138,112403
139,104512
140,104485
141,59115
142,487953810
143,59076
144,487953343
145,104192
146,58975
147,103289
148,107451
149,102990
150,58583
151,100877
152,100772
153,55909
154,55768
155,91379
156,91224
157,83400
158,90848
159,73510
160,82093
161,81716
162,71399
163,51588
164,51356
165,51094
166,50741
167,283293
168,364948
169,364647
170,364373
171,171507
172,171403
173,170966
174,170822
175,214192
176,152659
177,486578446
178,486577551
179,486576653
180,486529882
181,486526696
182,192686
183,192253
184,192097
185,486507654
186,486506981
187,486506250
188,486504912
189,185109
190,125926
191,486487308
192,125507
193,129610
194,129489
195,129401
196,183581
197,486480012
198,486467330
199,486466703
200,486428563
201,486427847
202,486426979
203,486426202
204,114665
205,166670
206,166521
207,114013
208,486407026
209,486397010
210,486393357
211,110133
212,110058
213,159861
214,111181
215,486374638
216,486373662
217,93592
218,96070
219,137029
220,136598
221,136364
222,136325
223,136108
224,91954
225,486315688
226,486580041
227,486315111
228,486314261
229,486313615
230,133963
231,90462
232,133446
233,486310029
234,133075
235,486309229
236,133006
237,132789
238,132577
239,486307676
240,132320
241,486306170
242,486300273
243,486299739
244,486299269
245,486298846
246,85507
247,85302
248,126624
249,486286679
250,125291
251,486286129
252,486285692
253,486285187
254,83328
255,486283154
256,83028
257,486282464
258,486282385
259,123610
260,486281794
261,87659
262,486281038
263,82526
264,87506
265,87434
266,486257189
267,486256589
268,486255988
269,486255057
270,486247664
271,486246531
272,80482
273,486245791
274,486245542
275,486245267
276,486244841
277,486244731
278,486244300
279,110924
280,486243644
281,79922
282,486243101
283,486233943
284,486232852
285,486232234
286,70213
287,77243
288,486231308
289,70028
290,486230638
291,77042
292,106156
293,105665
294,76187
295,104298
296,68226
297,67994
298,486221891
299,486221483
300,486221023
301,486220624
302,73466
303,72980
304,486204635
305,486204255
306,97114
307,486203857
308,96939
309,486203322
310,62695
311,71029
312,93423
313,93168
314,92960
315,92707
316,486179189
317,486177772
318,486176796
319,486175643
320,56670
321,65056
322,86916
323,86800
324,64934
325,56354
326,64847
327,86501
328,64655
329,55951
330,85881
331,85647
332,64200
333,85503
334,55519
335,85258
336,80547
337,80422
338,52489
339,60600
340,77608
341,50807
342,58734
343,76743
344,58421
345,486125994
346,486125319
347,486124673
348,486124030
349,70381
350,54065
351,46430
352,46367
353,486087798
354,486076585
355,486076089
356,486075662
357,486075123
358,486055585
359,486054730
360,486054142
361,486053142
362,486005784
363,486005120
364,486004442
365,486003808
366,26386
367,25957
368,485162259
369,485160918
370,10727686
371,11571704
372,10727397
373,11571079
374,11566343
375,10723190
376,9836003
377,11565163
378,11563709
379,9834036
380,484658230
381,484657570
382,10714128
383,484656057
384,10714022
385,11554262
386,10713882
387,10713764
388,484654436
389,11553869
390,11548333
391,11548077
392,9824755
393,10709069
394,10708676
395,11546934
396,10708328
397,9824040
398,9823974
399,11546529
400,9823870
401,484623971
402,10707962
403,484621015
404,484620165
405,11543784
406,10705879
407,10703677
408,11538239
409,11538010
410,10701419
411,484590504
412,10701321
413,10698462
414,10698164
415,9815118
416,9814995
417,10697376
418,11532211
419,11531927
420,10696203
421,11530977
422,10695949
423,10695796
424,11529099
425,484543970
426,484543356
427,484542759
428,10691341
429,10691287
430,11524474
431,11524025
432,9809209
433,11522759
434,484530314
435,11521130
436,11520977
437,10688385
438,11520861
439,11520734
440,10688229
441,10688145
442,484521684
443,484521218
444,484520848
445,484520470
446,11518896
447,11518750
448,11518524
449,11518294
450,484516340
451,484515514
452,484514804
453,484514097
454,484512455
455,484511627
456,484509603
457,484509192
458,484508718
459,484508282
460,10684104
461,10683961
462,9803313
463,10682558
464,11514078
465,10682359
466,9802014
467,10682216
468,10682136
469,9801720
470,11513335
471,11512935
472,10680624
473,9800332
474,484490321
475,484489968
476,484489852
477,484489399
478,9800063
479,484489369
480,484488911
481,484488796
482,484488317
483,484484962
484,484484623
485,484484204
486,484483697
487,484483553
488,10678104
489,11509183
490,10677614
491,484478773
492,484478014
493,484477310
494,484476651
495,11507703
496,11507586
497,10676161
498,10676020
499,10675903
500,484468023
501,484467492
502,484466942
503,484466354
504,10674172
505,11505242
506,9794922
507,10673850
508,484459934
509,11504161
510,9794044
511,11503938
512,10672738
513,9792198
514,9791953
515,9791768
516,484446295
517,11500747
518,484444924
519,484444179
520,484440964
521,484440337
522,484439571
523,484438721
524,484435136
525,11498097
526,484434573
527,484434101
528,484433557
529,10666967
530,10666869
531,10666766
532,484423419
533,484422587
534,484421918
535,484421026
536,484406040
537,484405575
538,484405194
539,484404663
540,11488558
541,11488423
542,11488301
543,11488162
544,9777528
545,9777452
546,10653128
547,9776192
548,484324246
549,484322322
550,484321401
551,484320408
552,484319488
553,10631612
554,10631504
555,10631418
556,10631306
557,484239748
558,484239037
559,484238179
560,484237217
561,10617181
562,9745793
563,484181970
564,484181197
565,484180366
566,484179676
567,10669505
568,480849117
569,9533754
570,10350972
571,9531735
572,10349215
573,8719879
574,8719624
575,10320674
576,8696036
577,9504368
578,10320195
579,479750536
580,479749905
581,479749044
582,479707566
583,8672945
584,8672905
585,8672771
586,10291771
587,10291620
588,9477680
589,10291173
590,479657228
591,479656858
592,479656477
593,479656125
594,8665704
595,8665593
596,9469622
597,10282921
598,479646094
599,10279027
600,9465643
601,9465325
602,9464672
603,9464410
604,9464279
605,479630856
606,8660770
607,9463962
608,10277011
609,8660351
610,479618728
611,479616013
612,10271327
613,9458063
614,9458060
615,10271030
616,8655610
617,8655415
618,10270508
619,9457412
620,9457289
621,9456688
622,9456530
623,10268994
624,479589744
625,479589222
626,479588753
627,479588315
628,9451944
629,9451857
630,9451773
631,9451682
632,479573902
633,479573426
634,479572903
635,479572330
636,8648588
637,10262168
638,8648206
639,479567659
640,8647923
641,479567628
642,479567012
643,479566601
644,479566361
645,10261184
646,9448581
647,479565277
648,479563686
649,8647066
650,9447804
651,479561051
652,8646650
653,479560310
654,479559638
655,479558971
656,10258114
657,8644963
658,9445585
659,10257884
660,10257731
661,10257527
662,8642938
663,9443173
664,9443055
665,10255022
666,9439605
667,10251447
668,8639276
669,10250877
670,8638956
671,8638200
672,8638060
673,8637907
674,10249340
675,9436306
676,9436062
677,9435703
678,9435444
679,479493302
680,479492601
681,479492402
682,479492023
683,479491764
684,479491533
685,479490985
686,479489816
687,8631334
688,8631244
689,10241243
690,10241129
691,8629247
692,10238720
693,10238606
694,8628909
695,479471000
696,479470143
697,479467144
698,479466642
699,479466228
700,10235762
701,8626501
702,8626412
703,8626340
704,9424283
705,8626226
706,9424151
707,10234994
708,10231819
709,10231483
710,10231359
711,10231002
712,9420061
713,479444102
714,479443423
715,479442402
716,479441824
717,8619452
718,10226786
719,9416089
720,479426442
721,10226584
722,10226500
723,479421662
724,479421010
725,479420714
726,479419902
727,479419638
728,479418457
729,479415335
730,479413815
731,479413395
732,479413017
733,479412629
734,10209417
735,10209253
736,8604886
737,10208941
738,479348134
739,479347211
740,479345776
741,479332366
742,479330474
743,479329495
744,479316605
745,479315951
746,479315268
747,479314578
748,9391242
749,10200038
750,10199914
751,10199778
752,479309295
753,479308561
754,479308016
755,479307523
756,479226222
757,479225491
758,479224027
759,479222695
760,479032101
761,479031425
762,479030162
763,479029548
764,9896828
765,9083305
766,477995332
767,9060452
768,9855343
769,8301267
770,9060083
771,8300455
772,477936619
773,9852840
774,477935964
775,477935257
776,9852486
777,477934222
778,9057599
779,9054790
780,9053554
781,9847876
782,9845199
783,8292834
784,9050586
785,8292546
786,8292368
787,9050127
788,8292235
789,9844119
790,9049868
791,9049538
792,9843553
793,8291445
794,477879531
795,477878725
796,477877359
797,477866707
798,9040690
799,9833803
800,477852620
801,9040173
802,8283002
803,8282005
804,8281796
805,8281650
806,9831532
807,477842928
808,477842279
809,9036203
810,8279530
811,8279447
812,8279314
813,9827676
814,8278210
815,9827225
816,9827213
817,9034094
818,9826820
819,9826651
820,8277249
821,9826226
822,8277065
823,477819712
824,477819091
825,477819000
826,9032977
827,477818596
828,477818537
829,477818180
830,8276710
831,477818077
832,477817628
833,8276535
834,9825386
835,9032286
836,8275919
837,9824381
838,9823107
839,8274463
840,8274331
841,9822684
842,9822193
843,9029086
844,9028773
845,8272776
846,477789690
847,9026460
848,477788994
849,9026315
850,477787873
851,477787811
852,9818333
853,477787559
854,9025948
855,477787099
856,9818141
857,477786665
858,9025815
859,9025796
860,8270180
861,9817898
862,9025527
863,8270074
864,477784828
865,477784620
866,477784009
867,477783898
868,9817266
869,477783239
870,9817093
871,477782394
872,9816937
873,8269294
874,9816754
875,8269215
876,8269095
877,9816575
878,8269010
879,9024301
880,477779616
881,477779016
882,477778519
883,477778066
884,8266713
885,9021774
886,9813616
887,9021531
888,477766990
889,477766421
890,477765754
891,9020773
892,9812519
893,9020554
894,477758824
895,477757302
896,477756916
897,477756189
898,477756060
899,477755656
900,477754972
901,477748588
902,477747706
903,477747105
904,477746635
905,477737421
906,8260279
907,477736737
908,9806111
909,477736435
910,477736184
911,9014536
912,9806000
913,477735726
914,477735624
915,9805920
916,9014350
917,8259824
918,477734597
919,8259731
920,8259641
921,8259628
922,9805434
923,477733144
924,9013944
925,9805284
926,8259482
927,477732585
928,8259422
929,477731964
930,9012204
931,9012105
932,9803153
933,8257702
934,477721456
935,477698659
936,477698002
937,477697333
938,9006296
939,477696666
940,8252483
941,9005967
942,477690248
943,477689247
944,477688403
945,477687815
946,477687150
947,477686871
948,477686428
949,477685538
950,477685052
951,9001147
952,9791264
953,8248077
954,8247987
955,477654086
956,477653485
957,477652746
958,477652246
959,477652079
960,477651303
961,477651073
962,477650430
963,477649366
964,477648768
965,9770022
966,9769937
967,9769813
968,477398996
969,477398470
970,477397850
971,477397192
972,477355153
973,477354622
974,477354091
975,477353490
976,476446345
977,476444613
978,476443643
979,476442705
980,9475308
981,9475197
982,9475100
983,8694932
984,7961258
985,9448756
986,8669699
987,9448410
988,9437264
989,476202051
990,476201400
991,476201123
992,476200520
993,476199400
994,476180449
995,476179688
996,476178578
997,476177316
998,476174471
999,476174065
1000,476173630
1001,476172661
1002,9429244
1003,7943082
1004,9417950
1005,8640927
1006,9417091
1007,9416821
1008,476092663
1009,476092225
1010,476091686
1011,8628262
1012,9403638
1013,9402690
1014,9402571
1015,8626834
1016,476047133
1017,8626746
1018,7929827
1019,8625333
1020,9400400
1021,9400108
1022,7928276
1023,476033541
1024,476025057
1025,7925923
1026,9396251
1027,476020339
1028,476019168
1029,476018121
1030,476013315
1031,476005449
1032,476004954
1033,476004519
1034,476003954
1035,9390498
1036,9390241
1037,7921607
1038,475994333
1039,8614966
1040,475993441
1041,9388034
1042,8613373
1043,7920101
1044,9387441
1045,9385989
1046,8611509
1047,8609661
1048,7915905
1049,475958310
1050,8606208
1051,475957802
1052,7915757
1053,475957242
1054,7915618
1055,475956315
1056,475954939
1057,475954709
1058,475954240
1059,475954237
1060,475953623
1061,475953613
1062,475952962
1063,475952847
1064,475951950
1065,9375987
1066,9375786
1067,475945415
1068,9375331
1069,475944888
1070,475944859
1071,7913703
1072,8602841
1073,8602825
1074,475944340
1075,8602790
1076,475944214
1077,7913571
1078,475943855
1079,8602605
1080,8602549
1081,475943292
1082,475943207
1083,475942666
1084,8602362
1085,475942110
1086,9374392
1087,9374272
1088,475941517
1089,9374103
1090,8601831
1091,9373773
1092,8601576
1093,475938155
1094,475937581
1095,475937013
1096,475936410
1097,475928440
1098,475927178
1099,7910537
1100,9369365
1101,7910422
1102,7910354
1103,475919952
1104,8596602
1105,7909602
1106,9367747
1107,475919071
1108,7909500
1109,475918438
1110,8596153
1111,8596143
1112,475917804
1113,9367219
1114,9367187
1115,7908959
1116,475913383
1117,475912282
1118,475911670
1119,9362899
1120,7906743
1121,475901110
1122,475900494
1123,7906590
1124,475899800
1125,8591602
1126,475899059
1127,7905584
1128,9360034
1129,9359721
1130,7905150
1131,9359492
1132,9359230
1133,8588917
1134,9358556
1135,9349581
1136,8580878
1137,9349275
1138,8580571
1139,475849356
1140,475848728
1141,475848159
1142,475847533
1143,7897976
1144,9346175
1145,8577938
1146,8577802
1147,7897648
1148,8577587
1149,8577481
1150,9345371
1151,475838301
1152,475837785
1153,7893327
1154,8570513
1155,8570386
1156,8570238
1157,475808117
1158,475807473
1159,475806632
1160,475805829
1161,475767818
1162,475767612
1163,475766899
1164,475766469
1165,9325304
1166,475765672
1167,475764780
1168,475764610
1169,8547888
1170,8547784
1171,9311558
1172,7877097
1173,9303313
1174,7871330
1175,9302989
1176,8539464
1177,475638494
1178,475637827
1179,475637253
1180,475636621
1181,7866866
1182,8533808
1183,8533656
1184,7866606
1185,7866520
1186,8517065
1187,475548879
1188,475548213
1189,475547576
1190,475547062
1191,475491825
1192,475491005
1193,475490323
1194,475489460
1195,474924939
1196,474924287
1197,474923630
1198,474922472
1199,8996614
1200,7645815
1201,474357102
1202,474356046
1203,7607823
1204,8942115
1205,8188275
1206,8188114
1207,8184276
1208,8183909
1209,8183746
1210,8936811
1211,7598979
1212,8929091
1213,8175924
1214,8175221
1215,474237803
1216,474237222
1217,474236389
1218,474235454
1219,474234594
1220,474234091
1221,474233616
1222,474232999
1223,8925357
1224,8925242
1225,8925111
1226,8172260
1227,8924959
1228,7595613
1229,8924567
1230,8924424
1231,8171555
1232,8171350
1233,7595010
1234,8923090
1235,8170014
1236,8169893
1237,8169612
1238,7593635
1239,7593505
1240,8169174
1241,7593007
1242,7592836
1243,8920440
1244,7592282
1245,474212347
1246,474211781
1247,474210771
1248,474210062
1249,8164161
1250,8164031
1251,8915359
1252,8915270
1253,7588513
1254,8162639
1255,8162445
1256,8914674
1257,8914417
1258,8152444
1259,8904213
1260,474164282
1261,474163619
1262,474163104
1263,474162915
1264,474162818
1265,474162586
1266,474162267
1267,474161609
1268,474160706
1269,8149840
1270,8149684
1271,8901353
1272,8900995
1273,8148839
1274,474154839
1275,474149556
1276,474148862
1277,8146283
1278,474148168
1279,8898031
1280,474147486
1281,474147448
1282,474145277
1283,474144822
1284,7574922
1285,474144224
1286,474143987
1287,474143254
1288,474142569
1289,474141912
1290,7573703
1291,7573607
1292,8143069
1293,474138843
1294,8142926
1295,474138078
1296,474137306
1297,474136560
1298,7572754
1299,8893664
1300,7572555
1301,7572303
1302,474133376
1303,8141274
1304,8141193
1305,8141159
1306,474132750
1307,7571886
1308,8892488
1309,8140959
1310,474132000
1311,8892244
1312,7571434
1313,8139402
1314,8139233
1315,7570465
1316,7570346
1317,8139043
1318,7570200
1319,8890204
1320,8138575
1321,8887778
1322,8887339
1323,8135829
1324,7567683
1325,8135562
1326,8886785
1327,8135333
1328,8886184
1329,7565335
1330,474107580
1331,8883611
1332,7565112
1333,8132158
1334,8132018
1335,8131534
1336,7564357
1337,8882329
1338,474103957
1339,7564265
1340,474103371
1341,8130985
1342,474102850
1343,7564067
1344,474102338
1345,474100370
1346,474099841
1347,474099769
1348,474099450
1349,474099266
1350,8129628
1351,474098866
1352,8880575
1353,474098669
1354,474097984
1355,8877757
1356,474090248
1357,474089761
1358,474089273
1359,7557898
1360,7557612
1361,7557498
1362,8122251
1363,8122128
1364,8120496
1365,8120335
1366,8119969
1367,8119621
1368,7553449
1369,7553272
1370,8116418
1371,474058969
1372,7552779
1373,474058342
1374,474057837
1375,474057327
1376,474056835
1377,474038527
1378,474037896
1379,474037379
1380,474036770
1381,474016606
1382,474015932
1383,474015154
1384,474014207
1385,474001064
1386,8846451
1387,7538000
1388,7537865
1389,8845709
1390,8845575
1391,8845265
1392,473994664
1393,7537350
1394,473993360
1395,473992706
1396,473991864
1397,473956460
1398,473955640
1399,473953207
1400,8831530
1401,473952525
1402,8831344
1403,473952085
1404,8082496
1405,8831010
1406,473950721
1407,473949396
1408,473948001
1409,473939771
1410,473938879
1411,473925413
1412,473884252
1413,473883605
1414,473883035
1415,473881814
1416,473873964
1417,473873399
1418,473872803
1419,473870810
1420,8431933
1421,8431792
1422,8431652
1423,7237518
1424,6276162
1425,6275893
1426,467339789
1427,467338646
1428,467337763
1429,467337070
1430,5982429
1431,465841203
1432,465840600
1433,465838050
1434,465837011
1435,465836356
1436,6530177
1437,5858343
1438,5964423
1439,5858165
1440,463833232
1441,463832622
1442,6024499
1443,6024355
1444,461697198
1445,461696784
1446,461696157
1447,461695566
1448,459912734
1449,459912235
1450,459911654
1451,459911119
1452,455284245
1453,453283250
1454,453281617
1455,453280432
1456,453278491
1457,451610337
1458,451609783
1459,451609357
1460,451608865
1461,449941104
1462,449940403
1463,449939396
1464,449938437
1465,448138174
1466,448137727
1467,448137020
1468,448136594
1469,443710258
1470,443709764
1471,443709279
1472,443708782
1473,441858552
1474,441858076
1475,441857634
1476,441857187
1477,440245927
1478,440245462
1479,440244931
1480,440243877
1481,438711083
1482,438704232
1483,438703299
1484,438693496
1485,437174451
1486,437173571
1487,437172752
1488,437172049
1489,437171261
1490,429373394
1491,429372836
1492,429372337
1493,429371444
1494,427749215
1495,427748438
1496,427747822
1497,427747107
1498,426119480
1499,426118975
1500,426118430
1501,426117074
1502,421347845
1503,421345112
1504,421344542
1505,421343748
1506,418663543
1507,418662586
1508,418661157
1509,418660266
1510,860998
1511,416550178
1512,27483499
1513,416548319
1514,413708564
1515,413707794
1516,413706628
1517,413704536
1518,410989872
1519,410988947
1520,410988094
1521,410987291
1522,403350707
1523,403348482
1524,403347425
1525,403346253
1526,400693542
1527,400692677
1528,400691904
1529,400690917
1530,395701487
1531,395700517
1532,395699878
1533,395699016
1534,393311878
1535,393311155
1536,393310202
1537,393309245
1538,385707522
1539,385705648
1540,385704600
1541,385703771
1542,383189086
1543,383187265
1544,383186145
1545,383185278
1546,381395621
1547,381394471
1548,381393323
1549,381390768
1550,378615356
1551,378614751
1552,378614044
1553,378612528
1554,376185995
1555,376184077
1556,376183293
1557,376181860
1558,366198493
1559,366172535
1560,366171757
1561,366170832
1562,366168894
1563,363944129
1564,363943442
1565,363941283
1566,363939561
1567,5879585
1568,361526962
1569,361525418
1570,361524011
1571,359204313
1572,359203695
1573,359202720
1574,359202037
1575,351917235
1576,351915404
1577,351913373
1578,351911943
1579,351910682
1580,351903590
1581,351901352
1582,346815919
1583,346814863
1584,346813993
1585,346813219
1586,344234597
1587,344233704
1588,344232868
1589,344232096
1590,341513352
1591,341512585
1592,341511794
1593,341511071
1594,333815687
1595,333814766
1596,333813881
1597,333811134
1598,330964596
1599,330963718
1600,330961467
1601,330960361
1602,325561861
1603,325561169
1604,325559854
1605,325557669
1606,323119147
1607,323117879
1608,323116442
1609,323115605
1610,315072495
1611,315070051
1612,315069117
1613,315068031
1614,312406271
1615,312404261
1616,312402186
1617,312399959
1618,312398785
1619,309598104
1620,309596921
1621,309595605
1622,309594860
1623,307533426
1624,307532337
1625,307531273
1626,307530451
1627,305147800
1628,305146275
1629,305144769
1630,305142530
1631,297984467
1632,297983763
1633,297982965
1634,297982281
1635,295457479
1636,295456462
1637,295455640
1638,295454720
1639,294819035
1640,294818847
1641,294818611
1642,294818372
1643,294329061
1644,294328568
1645,294328461
1646,294328184
1647,293876741
1648,293876529
1649,293876022
1650,293875764
1651,293875396
1652,289735072
1653,289734485
1654,289734009
1655,287908419
1656,287907859
1657,287907238
1658,287906578
1659,287906016
1660,581332786
1661,581331866
1662,581330697
1663,581329915
1664,286364685
1665,286364151
1666,286363704
1667,286362890
1668,284941578
1669,284941048
1670,284940308
1671,284939783
1672,280447372
1673,280446771
1674,280444900
1675,280444150
1676,278933404
1677,278932272
1678,278931720
1679,278931186
1680,277481541
1681,277480804
1682,277480049
1683,277176951
1684,275717289
1685,275715156
1686,275713596
1687,275712369
1688,274060760
1689,274060357
1690,274059867
1691,274059455
1692,79466
1693,69772
1694,79043
1695,78959
1696,78760
1697,268141371
1698,268140947
1699,268140193
1700,268139746
1701,266946883
1702,266946167
1703,266945045
1704,266944437
1705,263711893
1706,263711229
1707,263710342
1708,263709428
1709,257909083
1710,257908225
1711,257906626
1712,257906103
1713,256301654
1714,256300273
1715,256299352
1716,256298520
1717,254802448
1718,254801848
1719,254801251
1720,254800506
1721,253378638
1722,253377998
1723,253377513
1724,253376857
1725,249131623
1726,249130825
1727,249130211
1728,249129642
1729,247453430
1730,247452735
1731,247452174
1732,247450810
1733,245878291
1734,245877842
1735,245877298
1736,245876864
1737,244597641
1738,244597080
1739,244596441
1740,244586081
1741,243019047
1742,243018561
1743,243018116
1744,243017629
1745,238564061
1746,238563486
1747,238562736
1748,238562163
1749,236898330
1750,236897487
1751,236891526
1752,236890677
1753,235386224
1754,235385840
1755,235385516
1756,235384981
1757,233774042
1758,233773598
1759,233772711
1760,233772308
1761,232268253
1762,232267562
1763,232266557
1764,232266044
1765,227637712
1766,227637160
1767,227636636
1768,227635916
1769,226186522
1770,226186036
1771,226185548
1772,226184810
1773,223362038
1774,223361527
1775,223360665
1776,223360155
1777,221898475
1778,221897884
1779,221896754
1780,221896359
1781,217861060
1782,217860336
1783,217859918
1784,217859500
1785,215060554
1786,215060169
1787,215059255
1788,215058822
1789,213545414
1790,213544937
1791,213543734
1792,213543173
1793,211759123
1794,211758512
1795,211757598
1796,211756969
1797,210374658
1798,210374458
1799,210374281
1800,210374125
1801,209893631
1802,209893507
1803,209893379
1804,209893276
1805,209443819
1806,209443717
1807,209443576
1808,209443429
1809,209033813
1810,209033636
1811,209033491
1812,209033225
1813,209033018
1814,208632187
1815,208631919
1816,208631694
1817,208631423
1818,206592508
1819,206592395
1820,206592269
1821,206592142
1822,206146845
1823,206146556
1824,206146389
1825,206146159
1826,206145927
1827,205255422
1828,205255164
1829,205254983
1830,205254803
1831,203918008
1832,203917654
1833,203917435
1834,203917162
1835,203527017
1836,203526789
1837,203521703
1838,203521463
1839,202892661
1840,202892427
1841,202892228
1842,202891904
1843,202415263
1844,202415077
1845,202414641
1846,2478531
1847,201905179
1848,201904905
1849,201904707
1850,201904452
1851,200469733
1852,200469497
1853,200469292
1854,200469054
1855,200010524
1856,200010344
1857,200010171
1858,200009998
1859,199554242
1860,199554108
1861,199553966
1862,199553783
1863,199151837
1864,199151694
1865,199151520
1866,199145861
1867,198749982
1868,198749737
1869,198749521
1870,198749362
1871,197490788
1872,197490618
1873,197490425
1874,197490286
1875,2357475
1876,2393649
1877,2357267
1878,1869806
1879,1545323
1880,1925092
1881,1924970
1882,1979817
1883,196255015
1884,196254880
1885,196254766
1886,196254642
1887,195694239
1888,195694041
1889,195693820
1890,195693623
1891,193825176
1892,193824989
1893,193824744
1894,193824562
1895,193311787
1896,193311602
1897,193311473
1898,193306623
1899,192857345
1900,192857052
1901,192856922
1902,192856731
1903,192411404
1904,192411237
1905,192411042
1906,192410795
1907,190544006
1908,190543853
1909,190543693
1910,190543405
1911,190038915
1912,190038750
1913,190038457
1914,190038305
1915,189508652
1916,189508284
1917,189508089
1918,189507910
1919,189507680
1920,187388504
1921,187387837
1922,187386370
1923,187317702
1924,181061871
1925,181060805
1926,181059863
1927,181059048
1928,178986879
1929,178984241
1930,178982139
1931,178981139
1932,176876641
1933,176876027
1934,176875327
1935,176874640
1936,174701166
1937,174700312
1938,174696757
1939,174695493
1940,172545909
1941,172545235
1942,172544477
1943,172543778
1944,166677471
1945,166675836
1946,166674564
1947,166673050
1948,163734005
1949,163732265
1950,163731506
1951,163730064
1952,163729070
1953,161514497
1954,161513815
1955,161512700
1956,161512076
1957,159354442
1958,159352643
1959,159350661
1960,159349224
1961,147396670
1962,147395293
1963,147393237
1964,147391954
1965,147390937
1966,145308635
1967,145307182
1968,145305097
1969,145303797
1970,143141055
1971,143136505
1972,143135128
1973,143134110
1974,143133420
1975,140572522
1976,140571720
1977,140570807
1978,140569850
1979,134309568
1980,134308307
1981,134305755
1982,134304166
1983,131625649
1984,131624162
1985,131623216
1986,131622099
1987,131620182
1988,129641987
1989,129640740
1990,129639806
1991,126976537
1992,126975920
1993,126975271
1994,126974527
1995,118331903
1996,118331226
1997,118330516
1998,118329801
1999,115954728
2000,115953668
2001,115952748
2002,115951918
2003,115950991
2004,113405956
2005,113405154
2006,113404453
2007,113402727
2008,111382912
2009,111382035
2010,111380995
2011,111379717
2012,109003055
2013,109001721
2014,109000170
2015,108999293
2016,102176415
2017,102175384
2018,102174109
2019,102172822
2020,99669319
2021,99668446
2022,99666810
2023,99665838
2024,97497913
2025,97496990
2026,97496074
2027,97495220
2028,95109885
2029,95109086
2030,95107739
2031,95106759
2032,92963842
2033,92963143
2034,92962427
2035,92961714
2036,87016194
2037,87015268
2038,87014247
2039,87013147
2040,84653757
2041,84652730
2042,84651942
2043,84651049
2044,82988668
2045,82987578
2046,82986853
2047,82985874
2048,80480862
2049,80479752
2050,80478686
2051,80477577
2052,78587649
2053,78587023
2054,78586206
2055,78571890
2056,78570691
2057,78324646
2058,72478191
2059,70115328
2060,4681407
2061,13306242
2062,3843856
2063,3638737
2064,13071752
2065,4431253
2066,4431029
2067,68025627
2068,1156697
2069,9824494
2070,9824384
2071,9824254
2072,9464787
2073,9464670
2074,1031842
2075,1031768
2076,67024
2077,8315785
2078,8315678
2079,65588
2080,7561013
2081,2131726
2082,7560854
2083,9982966
2084,7224717
2085,1934676
2086,1934629
2087,7224456
2088,1750440
2089,6913292
2090,6913190
2091,1750272
2092,9289417
2093,1105763
2094,8137178
2095,1105534
2096,8136898
2097,5033165
2098,745625
2099,5032966
2100,7321019
2101,4608068
2102,6875132
2103,547604
2104,547571
2105,967134
2106,3026803
2107,4996064
2108,3026636
2109,346353087
2110,346352901
2111,346352676
2112,346352423
2113,345519951
2114,345519304
2115,345519005
2116,345518749
2117,3821887
2118,110778
2119,110773
2120,110761
2121,343487978
2122,343487545
2123,343487328
2124,343486907
2125,340668301
2126,340667995
2127,340667784
2128,340667488
2129,339704065
2130,339703845
2131,339703628
2132,339703387
2133,337556116
2134,337554339
2135,337554064
2136,337553785
2137,336641381
2138,336640592
2139,336640140
2140,336639713
2141,3067960
2142,3067869
2143,129781
2144,3067408
2145,104772
2146,104767
2147,104764
2148,2645236
2149,330732150
2150,330731857
2151,330731668
2152,330731485
2153,1495346
2154,2869557
2155,1495179
2156,57614
2157,947199
2158,489760
2159,946947
2160,19129
2161,6661
2162,159752
2163,310640
2164,159566
2165,4408020
2166,5525427
2167,5525020
2168,4408001
2169,5104168
2170,5104003
2171,4099376
2172,4099297
2173,4523945
2174,4724822
2175,3721518
2176,3721438
2177,4523387
2178,3812962
2179,2953918
2180,3812778
2181,3812683
2182,2620551
2183,2620496
2184,3223351
2185,3223291
2186,3018819
2187,2852240
2188,3018673
2189,3018492
2190,2685952
2191,2685828
2192,2685755
2193,2050754
2194,2368184
2195,14081971
2196,14081132
2197,14079364
2198,14078738
2199,314845926
2200,314768060
2201,314767762
2202,314767511
2203,314767272
2204,313437098
2205,313436814
2206,798586
2207,546506
2208,312187809
2209,312187432
2210,312187023
2211,312186758
2212,311050955
2213,311050644
2214,311050264
2215,311049979
2216,309826529
2217,309826292
2218,309826080
2219,309825651
2220,306433951
2221,306433718
2222,306433460
2223,306433161
2224,305289537
2225,305289074
2226,305288765
2227,305288476
2228,304429530
2229,304429051
2230,304428642
2231,304428135
2232,302902573
2233,302902368
2234,302902106
2235,302901885
2236,302076669
2237,302076323
2238,302050697
2239,302050246
2240,299083385
2241,299083133
2242,299082938
2243,299082670
2244,297996855
2245,297996537
2246,297996257
2247,297995891
2248,297105894
2249,297105642
2250,297105308
2251,297104977
2252,295060286
2253,295059883
2254,295059430
2255,295059136
2256,295058835
2257,290748411
2258,290723526
2259,290723180
2260,78591
2261,9675071
2262,9674972
2263,9674872
2264,9674774
2265,9383429
2266,9352026
2267,9351895
2268,9351808
2269,9383113
2270,9034561
2271,9067488
2272,9067355
2273,9032861
2274,7958094
2275,7957949
2276,7957830
2277,7957741
2278,7598586
2279,7598497
2280,7598281
2281,7597690
2282,7274984
2283,7274466
2284,7274332
2285,7311856
2286,6957787
2287,6920705
2288,6920636
2289,6920557
2290,5226952
2291,5188474
2292,5188360
2293,5226580
2294,4731240
2295,4770057
2296,4770000
2297,4769938
2298,4769873
2299,4448789
2300,4448707
2301,4409757
2302,4448559
2303,2623600
2304,2661867
2305,2661759
2306,2623307
2307,262351669
2308,262351072
2309,262350703
2310,262350253
2311,133306
2312,133164
2313,161340
2314,132930
2315,18445103
2316,18151562
2317,18151490
2318,18151405
2319,17873874
2320,17873802
2321,17873734
2322,18158396
2323,250991793
2324,17601098
2325,250991159
2326,250990878
2327,249246092
2328,249244040
2329,249243613
2330,249242914
2331,245480234
2332,245480001
2333,245479659
2334,245479371
2335,16543105
2336,16266050
2337,243996611
2338,243994342
2339,243993735
2340,243992198
2341,243504837
2342,243504461
2343,243504072
2344,243503578
2345,242012192
2346,242011818
2347,242011427
2348,242010692
2349,240459573
2350,240459198
2351,240458884
2352,240458558
2353,236358861
2354,236358471
2355,236357970
2356,236357288
2357,234953272
2358,234953016
2359,234952762
2360,234952465
2361,234952111
2362,233560775
2363,233560286
2364,233559783
2365,233559314
2366,231907385
2367,231906677
2368,231906059
2369,231903185
2370,231902839
2371,230854811
2372,230854050
2373,13652387
2374,13652318
2375,13652247
2376,230500693
2377,226637414
2378,226636752
2379,226636053
2380,226635404
2381,225032484
2382,225032144
2383,225031747
2384,225031147
2385,223655818
2386,223655404
2387,223654953
2388,223654487
2389,221828585
2390,221827740
2391,221827257
2392,221826943
2393,221826644
2394,220797314
2395,220796969
2396,220796523
2397,220795987
2398,217147438
2399,217125715
2400,217125448
2401,217125111
2402,217124634
2403,215890448
2404,215890210
2405,215889896
2406,215889414
2407,215888969
2408,214450745
2409,214450447
2410,214450042
2411,214449562
2412,213350571
2413,213350307
2414,213350028
2415,213349722
2416,212130346
2417,212130101
2418,212129836
2419,212129553
2420,207959087
2421,207958589
2422,207958290
2423,207957896
2424,207055600
2425,206757372
2426,206757111
2427,206756826
2428,206657070
2429,205454393
2430,205454024
2431,205453731
2432,205453416
2433,204189585
2434,204189307
2435,204189065
2436,204188693
2437,202953213
2438,202952951
2439,7820337
2440,202951636
2441,199166039
2442,6891185
2443,199044845
2444,199044443
2445,199044041
2446,199043636
2447,6606818
2448,6606742
2449,6606648
2450,197895597
2451,196661265
2452,196660946
2453,196660633
2454,196660275
2455,195185962
2456,195185677
2457,195185314
2458,195184885
2459,194023522
2460,194016261
2461,194014935
2462,194014498
2463,194014196
2464,190398848
2465,190398431
2466,190398161
2467,190397446
2468,188952223
2469,188951943
2470,188951674
2471,188951390
2472,186524424
2473,186524097
2474,186523673
2475,186523278
2476,185394139
2477,185393766
2478,185393107
2479,185392555
2480,181461736
2481,181461326
2482,181461003
2483,181460689
2484,180207512
2485,180207135
2486,180206740
2487,180206325
2488,179083965
2489,179083707
2490,179083250
2491,179082893
2492,177828259
2493,177827950
2494,177827645
2495,177827348
2496,176622122
2497,176621642
2498,176619885
2499,176619313
2500,172898242
2501,172898002
2502,172897639
2503,172897307
2504,170410440
2505,170410224
2506,170409975
2507,170409605
2508,1678175
2509,1678115
2510,1678042
2511,1677960
2512,1677877
2513,1324043
2514,1323950
2515,1323842
2516,1322516
2517,164710356
2518,164709858
2519,164709456
2520,164708970
2521,163193324
2522,163193068
2523,163192818
2524,163192538
2525,161670433
2526,161670046
2527,161669563
2528,161669105
2529,5108311
2530,5108262
2531,5108099
2532,5107961
2533,5107892
2534,4931693
2535,4931617
2536,4931560
2537,4931502
2538,4255264
2539,4255230
2540,4255187
2541,4255130
2542,4015059
2543,4015014
2544,4014972
2545,4014931
2546,3505169
2547,3505119
2548,3505081
2549,3505016
2550,3270667
2551,3270617
2552,3270561
2553,3270483
2554,2549916
2555,2549857
2556,2549768
2557,2517328
2558,2245699
2559,2133398
2560,2133243
2561,2133197
2562,2133140
2563,2133076
2564,1617056
2565,1616963
2566,1616800
2567,1616644
2568,1616359
2569,142087828
2570,1325201
2571,1325049
2572,1324815
2573,1324736
2574,1070296
2575,1070240
2576,1070178
2577,1070134
2578,327761
2579,327700
2580,327628
2581,327561
2582,40709
2583,1211481
2584,1211422
2585,1209411
2586,1209321
2587,782106
2588,782010
2589,781930
2590,781830
2591,366033
2592,365961
2593,365830
2594,365735
2595,365664
2596,365589
2597,365457
2598,131123900
2599,131123848
2600,131123793
2601,131123739
2602,201458
2603,200556
2604,200429
2605,200251
2606,200110
2607,199908
2608,11427744
2609,11427652
2610,11427537
2611,11427423
2612,10954733
2613,10949163
2614,10949039
2615,10948926
2616,10948792
2617,10460095
2618,10459989
2619,10459884
2620,10459749
2621,10000679
2622,10000279
2623,10000165
2624,10000068
2625,9999105
2626,8549125
2627,8549010
2628,8548913
2629,8548775
2630,8063278
2631,8063194
2632,8063068
2633,8062900
2634,7526429
2635,7526304
2636,7526136
2637,7526011
2638,6569126
2639,6568978
2640,6568878
2641,6568764
2642,5114895
2643,5114744
2644,5114450
2645,5114158
2646,4499929
2647,4415172
2648,4375746
2649,4375652
2650,4375539
2651,4375397
2652,3993889
2653,3993747
2654,3993613
2655,3993445
2656,3499251
2657,3499103
2658,3499006
2659,3498878
2660,3071751
2661,3071649
2662,3071551
2663,3042149
2664,3040322
2665,1155408
2666,1145388
2667,671841
2668,671550
2669,671251
2670,670917
2671,299079
2672,298922
2673,298542
2674,298368
2675,261831
2676,2468053
2677,2467823
2678,2467656
2679,2458634
2680,1950183
2681,1950099
2682,1950012
2683,1949897
2684,1665216
2685,1665109
2686,1665014
2687,1664909
2688,99312521
2689,99312170
2690,99311809
2691,99311467
2692,98065883
2693,98065455
2694,98065110
2695,98064737
2696,97474658
2697,97474327
2698,97473946
2699,97473629
2700,95529944
2701,95529521
2702,92700597
2703,92700340
2704,92700064
2705,92699694
2706,91757206
2707,91756899
2708,91756598
2709,91755918
2710,90804151
2711,90803420
2712,89849154
2713,2213442
2714,2213299
2715,1491347
2716,1491144
2717,235502
2718,235201
2719,235421
2720,234849
2721,2708277
2722,2696727
2723,3429086
2724,2696430
2725,3428871
2726,1296179
2727,1296022
2728,1295839
2729,1295680
2730,885289
2731,885133
2732,1689575
2733,884758
2734,1328202
2735,469099
2736,1327763
2737,1327576
2738,44948
2739,1008710
2740,44396
2741,44312
2742,44040
2743,75471
2744,622839
2745,75323
2746,622616
2747,74403260
2748,74402934
2749,74402494
2750,74401790
2751,73523553
2752,73523018
2753,73522706
2754,73522361
2755,72671892
2756,72671574
2757,72671305
2758,72665681
2759,72665345
2760,71684869
2761,71684285
2762,71683741
2763,71682185
2764,68340713
2765,68340345
2766,68339891
2767,68339052
2768,67511614
2769,67511064
2770,67510775
2771,67510255
2772,62983374
2773,62982907
2774,62982632
2775,62982230
2776,62054433
2777,62053730
2778,62052947
2779,62052672
2780,61012116
2781,61011785
2782,61011470
2783,61011056
2784,60125969
2785,60125651
2786,60125314
2787,60124983
2788,59260547
2789,59260038
2790,59259480
2791,59258617
2792,56719431
2793,56719105
2794,56718829
2795,56718450
2796,55885863
2797,55885353
2798,55885088
2799,55884742
2800,285435
2801,393905
2802,285434
2803,285431
2804,391494
2805,391493
2806,391492
2807,391491
2808,50465871
2809,50465576
2810,50465203
2811,50464877
2812,49659054
2813,49658438
2814,49658127
2815,49657871
2816,48847865
2817,48847165
2818,48846870
2819,48846291
2820,48182041
2821,48181542
2822,48181129
2823,48180678
2824,375407
2825,270604
2826,375389
2827,270596
2828,47158389
2829,47157900
2830,47157543
2831,47157286
2832,43566078
2833,43565505
2834,43564940
2835,43564501
2836,42575682
2837,42575165
2838,42574483
2839,42564260
2840,40869233
2841,40868352
2842,40867818
2843,40867394
2844,347563
2845,249361
2846,249360
2847,249359
2848,37858824
2849,37858168
2850,37857579
2851,37856895
2852,35996476
2853,35995617
2854,35994200
2855,35993624
2856,35993058
2857,35038748
2858,35037380
2859,35036567
2860,35034089
2861,35025602
2862,234289
2863,326452
2864,32026181
2865,32025599
2866,31234679
2867,31233580
2868,31231472
2869,31230975
2870,30277919
2871,30277508
2872,30277089
2873,30276652
2874,26501702
2875,26501210
2876,26500739
2877,26500355
2878,25729337
2879,25728728
2880,25727992
2881,25727306
2882,25726534
2883,25725196
2884,25724794
2885,24220217
2886,24219608
2887,24218607
2888,24217547
2889,24216979
2890,24216109
2891,23485304
2892,23483520
2893,23482532
2894,23481869
2895,23481304
2896,23480701
2897,21304423
2898,21303873
2899,21303381
2900,21302889
2901,19690945
2902,19690209
2903,19689866
2904,19689337
2905,18898009
2906,18897578
2907,18897020
2908,18896252
2909,18733338
2910,18733309
2911,18733293
2912,18733269
2913,18634603
2914,18634571
2915,18634556
2916,18634539
2917,191521
2918,191519
2919,191517
2920,191514
2921,18573106
2922,18573080
2923,18573061
2924,18573034
2925,18539325
2926,18539307
2927,18539285
2928,18539269
2929,18501885
2930,18501856
2931,18501824
2932,18501795
2933,18325419
2934,18325374
2935,18325336
2936,18325310
2937,18260818
2938,18260784
2939,18260733
2940,18259595
2941,18204395
2942,18204360
2943,18204316
2944,18204272
2945,17929947
2946,17929893
2947,17929847
2948,17929796
2949,17872977
2950,17872935
2951,17872817
2952,17872792
2953,17832399
2954,17832370
2955,17832341
2956,17832325
2957,17800470
2958,17800451
2959,17800424
2960,17800405
2961,17701361
2962,17701330
2963,17701295
2964,17701237
2965,17656155
2966,17656127
2967,17656093
2968,17656056
2969,147492
2970,147490
2971,208518
2972,208517
2973,17578721
2974,17578676
2975,17578655
2976,17578633
2977,17431907
2978,17431847
2979,17431819
2980,17431741
2981,17393318
2982,17393296
2983,17393273
2984,17393235
2985,17393203
2986,17358650
2987,17358637
2988,17358609
2989,17358579
2990,17358551
2991,17324405
2992,17324308
2993,17324274
2994,17324255
2995,182408
2996,127330
2997,182407
2998,182405
2999,125130
3000,179445
3001,125127
3002,125126
3003,17115066
3004,17115009
3005,17114946
3006,17114905
3007,17056931
3008,17056878
3009,17056836
3010,17056759
3011,16990507
3012,16990414
3013,16990377
3014,16990346
3015,16784234
3016,16784192
3017,16784122
3018,16784082
3019,16732847
3020,16732772
3021,16732751
3022,16732718
3023,16678260
3024,16678237
3025,16678211
3026,16678085
3027,153257
3028,107525
3029,153256
3030,16639390
3031,16639349
3032,16606276
3033,16606256
3034,16606233
3035,16606218
3036,16519026
3037,16518991
3038,16518969
3039,16518947
3040,16459983
3041,16459967
3042,16459947
3043,16459927
3044,16430269
3045,16430250
3046,16430230
3047,16430197
3048,16400150
3049,16400121
3050,16400099
3051,16400063
3052,16306416
3053,16306388
3054,16306357
3055,16306333
3056,16274588
3057,16274548
3058,16274478
3059,16274458
3060,16242747
3061,16242700
3062,16242674
3063,16242650
3064,16204302
3065,16204286
3066,16204206
3067,16204184
3068,86163
3069,124184
3070,124183
3071,86157
3072,16084661
3073,16084635
3074,16084606
3075,16084587
3076,16043276
3077,16043258
3078,16043232
3079,16043210
3080,16006553
3081,16006519
3082,16006484
3083,16006361
3084,16006330
3085,15910348
3086,15910307
3087,15910218
3088,15910166
3089,15716712
3090,15716664
3091,15716620
3092,15716577
3093,15642573
3094,15642491
3095,15642449
3096,15642404
3097,15584275
3098,15584243
3099,15584219
3100,15584196
3101,15535242
3102,15535193
3103,15535118
3104,15535072
3105,15487867
3106,15487836
3107,15487805
3108,15487774
3109,15406139
3110,15406098
3111,15406075
3112,15406046
3113,15406021
3114,15376554
3115,15376530
3116,15376487
3117,15376451
3118,15345727
3119,15345704
3120,15287566
3121,15287506
3122,15287467
3123,15287431
3124,15201811
3125,15201790
3126,15201751
3127,15201729
3128,15144170
3129,15144077
3130,15144059
3131,15144028
3132,15144011
3133,15115801
3134,15115769
3135,15115751
3136,15115721
3137,15115700
3138,15087202
3139,15087173
3140,15087151
3141,15087110
3142,14886342
3143,14886318
3144,14886276
3145,14886256
3146,14886227
3147,14616780
3148,14616724
3149,14616676
3150,14616627
3151,14497098
3152,14497059
3153,14497022
3154,14496969
3155,14452030
3156,14451995
3157,14451967
3158,14451946
3159,14338485
3160,14338463
3161,14338425
3162,14338398
3163,14304948
3164,14304922
3165,14300138
3166,14300114
3167,14300090
3168,14300073
3169,14266119
3170,14266084
3171,14266064
3172,14266054
3173,14231237
3174,14231205
3175,14231154
3176,14231140
3177,14203928
3178,14203898
3179,14203252
3180,14203216
3181,14117369
3182,14117011
3183,14116977
3184,14116953
3185,14116929
3186,14085124
3187,14084997
3188,14084979
3189,14084960
3190,14084923
3191,14030722
3192,14030694
3193,14030671
3194,14030639
3195,14002045
3196,14002023
3197,14002012
3198,14001994
3199,14001962
3200,13923001
3201,13922985
3202,13922968
3203,13922943
3204,13837130
3205,13837102
3206,13837086
3207,13837067
3208,13805261
3209,13805227
3210,13805201
3211,13805183
3212,13720923
3213,13720906
3214,13720885
3215,13720867
3216,13691703
3217,13691678
3218,13691650
3219,13691632
3220,13613377
3221,13613349
3222,13613322
3223,13613293
3224,13564500
3225,13564459
3226,13564413
3227,13564374
3228,13338291
3229,13338152
3230,13338050
3231,13337934
3232,13255170
3233,13255110
3234,13255074
3235,13255039
3236,13141094
3237,13141065
3238,13141019
3239,13140991
3240,13088715
3241,13088690
3242,13088645
3243,13088556
3244,13088538
3245,13088520
3246,13058224
3247,13058189
3248,13058109
3249,13058072
3250,13030122
3251,13030105
3252,13030092
3253,13030072
3254,12915096
3255,12915080
3256,12915059
3257,12915035
3258,12891204
3259,12891179
3260,12891158
3261,12891138
3262,12891123
3263,12861841
3264,12861824
3265,12861806
3266,12861780
3267,12830068
3268,12830050
3269,12830036
3270,12830023
3271,12789821
3272,12789800
3273,12789782
3274,12789760
3275,12594166
3276,12594105
3277,12594068
3278,12594042
3279,12521831
3280,12521791
3281,12521748
3282,12521686
3283,12501873
3284,12501868
3285,12501862
3286,12501856
3287,133972
3288,133956
3289,9342
3290,133943
3291,8864
3292,126030
3293,126024
3294,126015
3295,2015
3296,21050
3297,21045
3298,1275
3299,1094
3300,1843656
3301,1843590
3302,1843513
3303,834372
3304,834133
3305,481035
3306,8712208
3307,8712167
3308,8711747
3309,8410665
3310,8410615
3311,8410536
3312,8605737
3313,8605546
3314,8261102
3315,8474088
3316,8135269
3317,8120320
3318,7696409
3319,8018908
3320,8018750
3321,7739746
3322,7739718
3323,7739577
3324,7130914
3325,7130856
3326,7425921
3327,6644769
3328,6381824
3329,6642611
3330,6218887
3331,6469501
3332,6218774
3333,63743673
3334,63742500
3335,63741237
3336,63740529
3337,59984293
3338,59983397
3339,59982199
3340,59980941
3341,59913767
3342,58157199
3343,58156316
3344,58155569
3345,58154040
3346,52236347
3347,52235357
3348,52234035
3349,52233120
3350,50210038
3351,50208609
3352,50207747
3353,50206892
3354,46383327
3355,46382106
3356,46381359
3357,46380376
3358,44471402
3359,44470406
3360,44469668
3361,44468853
3362,38553989
3363,38552789
3364,38550449
3365,38549518
3366,36352631
3367,36351451
3368,36350558
3369,36349576
3370,34504830
3371,34503697
3372,34502772
3373,34501765
3374,30511857
3375,30510965
3376,30510040
3377,22701214
3378,22700234
3379,22699213
3380,22698274
3381,20570584
3382,20562170
3383,20532158
3384,20531216
3385,18461019
3386,18460022
3387,18458884
3388,18457837
3389,16239011
3390,16237812
3391,16236380
3392,16235338
3393,10021800
3394,9987425
3395,9986466
3396,9985202
3397,7932058
3398,7930976
3399,7929611
3400,7928748
3401,5897680
3402,5896079
3403,5894301
3404,5893380
3405,3917176
3406,3916378
3407,3915412
3408,3914485
3409,1908339
3410,1905414
3411,1904096
3412,1903088
3413,121565561
3414,121564539
3415,121563506
3416,121562475
3417,119594541
3418,119593602
3419,119592572
3420,119591400
3421,117531700
3422,117530826
3423,117529529
3424,117528710
3425,115268160
3426,115266097
3427,115265027
3428,115264003
3429,113238369
3430,113237246
3431,113236022
3432,113234539
3433,453393537
3434,453393402
3435,453393313
3436,453393208
3437,453239466
3438,453239383
3439,453239302
3440,453239202
3441,453072605
3442,453072429
3443,453072331
3444,453068268
3445,452923491
3446,452923234
3447,452923129
3448,452923001
3449,452773446
3450,452773352
3451,452773222
3452,452773134
3453,452146261
3454,452146101
3455,452145973
3456,452145864
3457,451974059
3458,451973951
3459,451973819
3460,451973706
3461,451754980
3462,451754867
3463,451754773
3464,451754646
3465,451524974
3466,451524819
3467,451524674
3468,451524354
3469,450872941
3470,450872809
3471,450872696
3472,450872534
3473,450621320
3474,450621173
3475,450620869
3476,450620473
3477,450619892
3478,450336928
3479,450336743
3480,450336527
3481,450336358
3482,450007190
3483,450004451
3484,450004254
3485,450003970
3486,449623451
3487,449623276
3488,449623095
3489,3968177
3490,449047907
3491,449047726
3492,449047550
3493,449047388
3494,448851277
3495,448851181
3496,448851073
3497,448645413
3498,448645203
3499,448645069
3500,448644891
3501,448508679
3502,448508582
3503,448508511
3504,448508414
3505,448361169
3506,448361068
3507,448360976
3508,448045538
3509,448045465
3510,448045355
3511,448045272
3512,447880757
3513,447880660
3514,447880588
3515,447880496
3516,447743244
3517,447743161
3518,447743062
3519,447742993
3520,447742827
3521,447598566
3522,447598426
3523,447598344
3524,447598269
3525,447454897
3526,447454752
3527,447454659
3528,447454574
3529,447454514
3530,447019302
3531,447019203
3532,447019104
3533,447019024
3534,446827945
3535,446827785
3536,446827626
3537,446827509
3538,446592799
3539,446592614
3540,446592464
3541,446592357
3542,446409048
3543,446408940
3544,446408845
3545,445859442
3546,445859332
3547,445859199
3548,445686893
3549,445686417
3550,445686292
3551,445686192
3552,445686087
3553,445136843
3554,445136579
3555,445136199
3556,445135886
3557,444808873
3558,444808708
3559,444808572
3560,444808361
3561,442608594
3562,442608493
3563,442608400
3564,442327570
3565,442327440
3566,442327302
3567,442327227
3568,442317056
3569,442316975
3570,442189934
3571,442189833
3572,442189711
3573,442189172
3574,442189050
Total Records Reject 518 
