Total Records Added 1544 
#.,ID
0,15045360
1,15044956
2,15044951
3,15044763
4,15044762
5,14866559
6,15044241
7,2447054
8,14865421
9,2446649
10,15042129
11,15040257
12,14862180
13,14861940
14,15039264
15,538572265
16,538571572
17,538558550
18,538557597
19,538556788
20,2444248
21,15031677
22,15031564
23,15031446
24,15025624
25,15025410
26,14847699
27,15024799
28,15024327
29,14843551
30,15020737
31,14842852
32,15018744
33,2441240
34,2441211
35,14840944
36,15013072
37,15012977
38,15012842
39,15012835
40,2439785
41,14835322
42,538470036
43,538468678
44,15010985
45,538468011
46,538458411
47,538458027
48,538457475
49,538456773
50,14826473
51,15003529
52,15003376
53,15003229
54,538413627
55,538412778
56,538412077
57,538411207
58,14817676
59,14817467
60,14817337
61,14994039
62,14816484
63,14816350
64,14993166
65,14993031
66,14816189
67,14992923
68,14992758
69,538397828
70,2435145
71,538396907
72,538395817
73,538395805
74,538395349
75,538394853
76,538394211
77,14986441
78,14809450
79,14986029
80,14809169
81,14985827
82,14808989
83,14985615
84,14985445
85,14808485
86,14808343
87,14808076
88,14807285
89,14807045
90,14978606
91,14978481
92,538331736
93,538330600
94,538329901
95,14797826
96,2430843
97,14973694
98,14797419
99,538326092
100,538325597
101,538325087
102,538323296
103,538322847
104,538322424
105,538322046
106,538321984
107,14795728
108,2430368
109,14971478
110,14971316
111,538317435
112,14970261
113,538315963
114,538314462
115,538313803
116,538313043
117,14791749
118,14966492
119,14966399
120,14966286
121,14790336
122,538293865
123,14788456
124,538293218
125,538292728
126,14964058
127,14963895
128,14963505
129,538285829
130,538285373
131,538284841
132,538284179
133,14955883
134,14955781
135,14955552
136,14955400
137,538256808
138,538256414
139,538255868
140,538249820
141,538249040
142,538248229
143,538247178
144,14950578
145,14950476
146,14950356
147,14774485
148,14774366
149,538238002
150,538237575
151,538237019
152,538236407
153,538231010
154,538230490
155,538230043
156,538228922
157,14770152
158,14770064
159,14945567
160,2424422
161,14769281
162,14769172
163,14944711
164,14769021
165,14769018
166,14768864
167,14768735
168,14768340
169,538196386
170,538195763
171,538195129
172,538192421
173,14759779
174,14759665
175,14934576
176,14934460
177,538170209
178,538169552
179,538169010
180,538168437
181,538144398
182,538143714
183,538142924
184,538141994
185,538079091
186,538078664
187,538078244
188,538077857
189,537720206
190,537719735
191,537719326
192,537718979
193,14799679
194,14575276
195,14400585
196,536958374
197,14573774
198,536957294
199,536957146
200,536956900
201,536956525
202,536956122
203,536956113
204,14572570
205,14398977
206,14572319
207,536947345
208,536947260
209,536945746
210,14397389
211,536945061
212,14397030
213,14570329
214,14396764
215,2332321
216,14568997
217,14568436
218,538230043
219,14394846
220,14564464
221,14564319
222,14564183
223,2331120
224,14388131
225,14388029
226,14561394
227,14387836
228,2329418
229,14383568
230,14556774
231,14556643
232,14383212
233,14556423
234,14383002
235,14382902
236,14382821
237,14556077
238,2329180
239,14555850
240,14382452
241,537719326
242,14381105
243,14552725
244,536947345
245,2327644
246,14549479
247,14376207
248,14548846
249,14375509
250,14375148
251,2327273
252,14374110
253,14547157
254,14373884
255,14373740
256,14546635
257,14546487
258,14546294
259,536847871
260,536846184
261,536845324
262,14540392
263,14367024
264,14540039
265,2325303
266,536823395
267,536822973
268,536822143
269,14555850
270,536821565
271,2325038
272,2325009
273,14365288
274,14365246
275,14538221
276,2324935
277,536820080
278,14365017
279,536814687
280,536814073
281,536813545
282,14363035
283,536812225
284,536811693
285,14362793
286,536811435
287,14362738
288,14362640
289,14362616
290,536810707
291,536810412
292,14535289
293,536809779
294,14535210
295,14535195
296,536809701
297,14362205
298,536809129
299,14534998
300,14534990
301,536808906
302,14362057
303,14534863
304,14534713
305,14361838
306,14534692
307,14534548
308,14534129
309,536805534
310,14361125
311,536805001
312,536804452
313,536803634
314,536803078
315,536802624
316,536802135
317,536801177
318,14359854
319,14532701
320,536800725
321,14532617
322,14532539
323,536800071
324,536799368
325,536799195
326,536798486
327,536797955
328,536797409
329,536793929
330,536793545
331,536793271
332,536793128
333,536792750
334,536792740
335,536792294
336,536791783
337,14356760
338,14356644
339,14356539
340,536786223
341,536785747
342,14352965
343,14525310
344,14352656
345,14352544
346,14524334
347,14351794
348,536761000
349,536759562
350,536758269
351,536756024
352,536752526
353,536752106
354,536751425
355,536748218
356,536747605
357,14517629
358,14345088
359,536747137
360,14345005
361,536746535
362,14517354
363,536739457
364,536738796
365,536738758
366,536738622
367,536738353
368,536738171
369,536738027
370,536737981
371,536737689
372,536737580
373,536737420
374,536737012
375,536736758
376,536736658
377,536735912
378,14339739
379,14511671
380,14339279
381,14339125
382,536703823
383,536703137
384,536702489
385,536701614
386,14499081
387,2315967
388,14327219
389,14498696
390,14494863
391,14494762
392,14494622
393,14494472
394,536659615
395,536659023
396,536658258
397,536657568
398,2314201
399,14491100
400,14490965
401,14490816
402,14481924
403,14310828
404,14247568
405,14247484
406,14247374
407,14247276
408,535903731
409,535902348
410,535901415
411,535900502
412,535899111
413,2232226
414,535514647
415,535513972
416,535513295
417,535512169
418,535455518
419,535455117
420,535454727
421,535454324
422,535432140
423,535431276
424,14124524
425,13955230
426,14123759
427,14123433
428,14107484
429,14107362
430,2219286
431,13938760
432,535367686
433,13938255
434,535359166
435,535358761
436,535358125
437,535357578
438,14104065
439,14103749
440,535345879
441,535340217
442,535339003
443,13929527
444,14097136
445,13928950
446,14096792
447,535332391
448,535331787
449,535330934
450,535330163
451,13926949
452,535326361
453,14094683
454,13926509
455,535325517
456,13926314
457,535324818
458,535324246
459,535319453
460,535318579
461,535317780
462,535316885
463,14091295
464,535313920
465,535313156
466,535312521
467,535311564
468,535310226
469,535309731
470,535309272
471,535308708
472,13921714
473,14088757
474,14088569
475,14088333
476,14087944
477,13919012
478,13918715
479,14085786
480,13917970
481,13917810
482,13917664
483,13917525
484,14084701
485,2214067
486,13916961
487,13916956
488,14084181
489,2213995
490,13916572
491,13916304
492,14082975
493,14082575
494,13914888
495,13914707
496,14082121
497,2213497
498,13914493
499,14081692
500,14081533
501,535278681
502,535278231
503,535278228
504,535277778
505,535277653
506,535277638
507,535277002
508,14079549
509,2212861
510,535275291
511,14079141
512,535273972
513,13911345
514,13909706
515,14076705
516,14076601
517,2212220
518,13909379
519,14076411
520,2212131
521,535265286
522,13909047
523,535264703
524,535264015
525,535263333
526,535259152
527,2211701
528,535258462
529,13907197
530,535257676
531,535256861
532,535256743
533,535256025
534,535255628
535,535254342
536,535253629
537,13905022
538,14071674
539,13901168
540,14067576
541,13900869
542,13900733
543,14065256
544,14065146
545,14065074
546,2209668
547,2209648
548,13898337
549,2209051
550,13895839
551,14061945
552,14061819
553,13895630
554,13895517
555,13895320
556,13895230
557,14059480
558,14059383
559,2208397
560,2208370
561,535207754
562,535207381
563,535206947
564,535206177
565,535190954
566,535190424
567,14053818
568,13887999
569,535176156
570,535175684
571,535175232
572,535174681
573,535159735
574,535159241
575,535158658
576,535158033
577,535134325
578,535132955
579,535131332
580,535128857
581,535127757
582,535126502
583,535124577
584,535123295
585,13868971
586,14033286
587,14033034
588,14032918
589,535090337
590,535089386
591,535088896
592,535088450
593,14025604
594,14025396
595,14010762
596,13847410
597,14010398
598,14010082
599,534896351
600,534895619
601,534894688
602,534894032
603,13728027
604,13563822
605,2126509
606,13561902
607,13561590
608,13725521
609,534127456
610,13561331
611,13561303
612,534126789
613,534125734
614,2126153
615,534124513
616,13540828
617,13704704
618,13690952
619,13690709
620,13682955
621,13519025
622,2116239
623,2116188
624,533834231
625,533833658
626,533833011
627,533832165
628,533815912
629,533815117
630,533814524
631,13648926
632,533813961
633,13648786
634,13485582
635,13485381
636,13479924
637,13642642
638,533783900
639,533783398
640,533782114
641,13640412
642,533781495
643,13477442
644,13477264
645,13477101
646,13474388
647,13474234
648,13473440
649,533762377
650,13635282
651,13635188
652,2105351
653,13472189
654,533760840
655,533760016
656,533758932
657,533754385
658,533753477
659,533744708
660,533744331
661,533743973
662,533743540
663,2104252
664,13630084
665,13467046
666,13466719
667,2104004
668,13628876
669,13465378
670,13465262
671,13627560
672,533733252
673,2103644
674,533732748
675,533731103
676,533730726
677,533730338
678,533729961
679,533724835
680,13623272
681,13460881
682,533701966
683,533701741
684,533701178
685,533700885
686,13456504
687,533700101
688,2101646
689,533699693
690,13456217
691,533699014
692,13456116
693,533698600
694,533697496
695,13615771
696,533689356
697,533689117
698,13453598
699,533688803
700,13615192
701,533688278
702,13614949
703,533687024
704,13614555
705,13452669
706,13614296
707,533684760
708,13452398
709,13451109
710,13450968
711,13450867
712,13450657
713,13611359
714,13449486
715,13449348
716,13610876
717,2099682
718,13448072
719,13447971
720,13447860
721,2099240
722,13608050
723,13607930
724,2099157
725,13443347
726,2098460
727,13604500
728,13604418
729,533643920
730,533642943
731,533642434
732,533641914
733,533619995
734,533619499
735,533618985
736,533618416
737,533611766
738,533611306
739,533610495
740,533609947
741,533586752
742,533585610
743,13426874
744,13587383
745,13426674
746,533583696
747,2094516
748,533579014
749,533574037
750,533573559
751,13584422
752,2093850
753,13583457
754,13583367
755,13583303
756,2093605
757,13412913
758,13412666
759,13412560
760,13412410
761,13572119
762,13571994
763,2091011
764,13571731
765,533492557
766,533491630
767,533490971
768,533490185
769,533411614
770,533411076
771,533410334
772,533409768
773,533322349
774,533321866
775,533321300
776,533320591
777,13323496
778,13323410
779,13323344
780,13477855
781,531138215
782,531137265
783,531136507
784,531135589
785,530273560
786,12484183
787,12483949
788,12388751
789,12219567
790,12387976
791,12387796
792,12387629
793,529530376
794,529529658
795,529528964
796,529527700
797,12349835
798,12349674
799,12182024
800,12181826
801,12348813
802,12181118
803,12348307
804,12348125
805,12347909
806,12347710
807,12180261
808,12347493
809,12175922
810,12175690
811,12342815
812,12175366
813,12339888
814,12172561
815,12172444
816,12172160
817,12337594
818,12170221
819,12169907
820,12158678
821,12325223
822,12325141
823,12158428
824,12156511
825,12321382
826,12320471
827,529317939
828,529317360
829,1907856
830,529316865
831,529316242
832,529264551
833,529264079
834,529263530
835,529263019
836,529260280
837,529259447
838,529258672
839,12138994
840,12303156
841,12137716
842,12302842
843,12302721
844,12136640
845,12301620
846,529245989
847,529245196
848,529243564
849,529243078
850,529242475
851,529241760
852,529232416
853,529231663
854,529231055
855,1904864
856,529230048
857,12132598
858,12132351
859,12296859
860,529208574
861,529207678
862,529205994
863,529204759
864,529194360
865,529193824
866,12123554
867,12120266
868,12120000
869,12283739
870,12283389
871,12118645
872,529173995
873,529173255
874,529172655
875,529172459
876,12118180
877,12118162
878,529171997
879,529171976
880,12118008
881,529171191
882,529170667
883,12281647
884,12281498
885,12281485
886,12281210
887,12117270
888,12116772
889,12280540
890,12116199
891,12116047
892,12279839
893,12278833
894,529159353
895,12114744
896,529158625
897,529157835
898,529156791
899,12277112
900,12276985
901,1901468
902,12272219
903,12108586
904,12271913
905,12271904
906,12271770
907,12108040
908,12107907
909,529092682
910,12260262
911,529091360
912,12259862
913,12259614
914,12096728
915,12096518
916,1899715
917,12258719
918,12258578
919,529085108
920,12255598
921,12255466
922,12092988
923,12254963
924,529066135
925,529065488
926,529064780
927,529063650
928,12250123
929,12087425
930,12086868
931,12083788
932,12245433
933,12083374
934,12244944
935,529028269
936,529027724
937,529027192
938,529026567
939,529005912
940,529004041
941,529002461
942,528997283
943,528994121
944,528993569
945,528992915
946,528989374
947,528987552
948,528987024
949,528986558
950,528985852
951,528982392
952,528981634
953,528981154
954,528980614
955,12066043
956,1895485
957,12226347
958,12065529
959,12065512
960,1895398
961,12225616
962,12225391
963,12221986
964,1894870
965,1894856
966,1894846
967,528932373
968,528931593
969,528931039
970,528930347
971,528929354
972,12051428
973,12051254
974,12210434
975,12050828
976,12049496
977,12049181
978,12049097
979,12208336
980,528875212
981,528684466
982,528683736
983,528683211
984,528682622
985,11872896
986,11721694
987,11843574
988,11693547
989,527638942
990,527638750
991,11692023
992,527637827
993,11681446
994,11681276
995,11681148
996,11830136
997,527585860
998,527585143
999,11678699
1000,11827679
1001,11826934
1002,11826836
1003,527577752
1004,11677643
1005,11677634
1006,11826588
1007,11677504
1008,11677235
1009,11676905
1010,527573159
1011,1840195
1012,11824478
1013,11675233
1014,11823881
1015,11674860
1016,1839968
1017,11674334
1018,11674119
1019,11822886
1020,11822824
1021,11822807
1022,11822761
1023,11822642
1024,11673793
1025,11673721
1026,11673508
1027,11822151
1028,11821283
1029,527554947
1030,527554552
1031,527554177
1032,527553685
1033,11818837
1034,11818539
1035,527542958
1036,527540965
1037,527540600
1038,527540263
1039,11668555
1040,11814844
1041,11666231
1042,527524495
1043,527523503
1044,527513662
1045,527513192
1046,11810127
1047,527512771
1048,527512342
1049,527512316
1050,11661207
1051,11661019
1052,11809140
1053,11660668
1054,11806687
1055,11658236
1056,11657194
1057,11657064
1058,11656950
1059,11656767
1060,527492067
1061,527490269
1062,527489167
1063,527487989
1064,527482502
1065,527481256
1066,527480749
1067,527480228
1068,11651816
1069,527473090
1070,11650575
1071,527468734
1072,527461004
1073,527460180
1074,11796195
1075,527459756
1076,527459627
1077,527459577
1078,11648158
1079,527459065
1080,11648037
1081,527458714
1082,527458583
1083,527458401
1084,527457988
1085,527457795
1086,527457477
1087,527457094
1088,527456962
1089,527456861
1090,527456698
1091,527456285
1092,527455801
1093,11645760
1094,11793138
1095,11645243
1096,11788400
1097,11788210
1098,11639884
1099,1835259
1100,11638496
1101,527422263
1102,527421318
1103,11785364
1104,527418502
1105,527417948
1106,11637041
1107,11783579
1108,11783413
1109,11635619
1110,11783098
1111,527407126
1112,527401500
1113,527400654
1114,527400620
1115,527400041
1116,527398689
1117,527397568
1118,527396923
1119,11777531
1120,11629976
1121,11777135
1122,11776941
1123,527380067
1124,527379544
1125,527379044
1126,527378476
1127,11622262
1128,11769296
1129,1832866
1130,11768906
1131,527359248
1132,527356040
1133,527353970
1134,527352911
1135,527352294
1136,527351909
1137,527351511
1138,527350538
1139,11759601
1140,11612699
1141,11759080
1142,11612262
1143,11758528
1144,11611617
1145,11611534
1146,11757897
1147,11611317
1148,11756228
1149,11755969
1150,11608351
1151,11754516
1152,11607812
1153,11607722
1154,11607642
1155,11607530
1156,11607448
1157,1830566
1158,11604675
1159,11750683
1160,11604343
1161,11593643
1162,11593399
1163,11592958
1164,11738154
1165,11590691
1166,11735773
1167,11735438
1168,11590113
1169,527193770
1170,527190750
1171,527188584
1172,527187452
1173,527186010
1174,11718360
1175,11574148
1176,11717932
1177,11717560
1178,526085715
1179,526084888
1180,526082084
1181,526081599
1182,526075123
1183,526074787
1184,1779203
1185,526074071
1186,526073470
1187,526072915
1188,526072844
1189,526072490
1190,526072247
1191,526069467
1192,526069041
1193,526057468
1194,526053819
1195,526052829
1196,526051876
1197,1778344
1198,11235509
1199,11366404
1200,11366235
1201,11229943
1202,11365890
1203,11227985
1204,11363842
1205,11227853
1206,11363748
1207,11363595
1208,11227581
1209,11363241
1210,11362883
1211,526012617
1212,526011808
1213,526011154
1214,526010619
1215,526001183
1216,11358320
1217,11358186
1218,11222640
1219,11357945
1220,11353309
1221,11353163
1222,525972954
1223,525971682
1224,525970428
1225,525969612
1226,11215274
1227,11215055
1228,11349869
1229,11214586
1230,11349502
1231,11214381
1232,11349203
1233,11349032
1234,525947587
1235,525947169
1236,525946552
1237,11208381
1238,525936817
1239,525936396
1240,1774453
1241,11200752
1242,11200590
1243,11333784
1244,11197023
1245,525892411
1246,525891085
1247,525890206
1248,525888976
1249,11327516
1250,11194697
1251,11194551
1252,11326945
1253,11193935
1254,11326316
1255,11326100
1256,11193344
1257,525872290
1258,525871645
1259,525870745
1260,525869811
1261,525869257
1262,525868736
1263,525867281
1264,525865379
1265,525863218
1266,525862350
1267,525858897
1268,525858440
1269,525858083
1270,525857399
1271,11186750
1272,11186559
1273,11186547
1274,11186420
1275,11318370
1276,11318289
1277,11186076
1278,11185999
1279,11185787
1280,525842209
1281,525841615
1282,11182961
1283,525841290
1284,525841050
1285,525840413
1286,525840014
1287,11182590
1288,525840005
1289,525839880
1290,525839456
1291,525839159
1292,525838872
1293,525836082
1294,525835655
1295,525835441
1296,525834972
1297,11181079
1298,11180942
1299,525829529
1300,525829025
1301,11311204
1302,525828626
1303,11311045
1304,525828218
1305,11310954
1306,11310864
1307,525819931
1308,525819523
1309,525818970
1310,525818750
1311,525818434
1312,525817702
1313,525817605
1314,525817360
1315,525816857
1316,525816584
1317,11175768
1318,11306620
1319,11306146
1320,11174839
1321,525789662
1322,525789107
1323,525788421
1324,525787658
1325,525744356
1326,525743754
1327,525743092
1328,525742343
1329,525735528
1330,525734991
1331,525734323
1332,525733359
1333,525732783
1334,11277119
1335,11276814
1336,11276512
1337,11147595
1338,11143617
1339,11143495
1340,11143319
1341,11271364
1342,11142933
1343,11271061
1344,11270592
1345,11142387
1346,11142298
1347,1765780
1348,11270226
1349,11270180
1350,11270016
1351,525657414
1352,525656851
1353,11254201
1354,525621418
1355,11127070
1356,11126557
1357,11253086
1358,525540467
1359,525539939
1360,525539471
1361,525538713
1362,525286508
1363,525285903
1364,525284744
1365,525282634
1366,524784837
1367,524783815
1368,524782839
1369,524781464
1370,10975263
1371,1725652
1372,10974512
1373,10974285
1374,10843763
1375,10957893
1376,10841879
1377,10955995
1378,10948421
1379,10948041
1380,10832750
1381,10947581
1382,10832318
1383,10947337
1384,524681631
1385,10832093
1386,10946747
1387,10830298
1388,10830147
1389,10829973
1390,10944718
1391,10941115
1392,10940403
1393,10824031
1394,10823742
1395,10920231
1396,10806660
1397,10919889
1398,10806313
1399,10917893
1400,10804148
1401,1717901
1402,10803540
1403,10907576
1404,524533340
1405,524532605
1406,10905437
1407,1716391
1408,10904802
1409,10904614
1410,524528358
1411,1715912
1412,10901010
1413,10900811
1414,10900452
1415,524510603
1416,524506494
1417,10785460
1418,10897130
1419,524493854
1420,524493240
1421,524492384
1422,524491759
1423,524490829
1424,524489688
1425,524488535
1426,524482112
1427,524481632
1428,524481045
1429,524480366
1430,10891655
1431,1714674
1432,524359022
1433,524358475
1434,524357358
1435,10745714
1436,10853392
1437,10745408
1438,10745228
1439,524325683
1440,524310634
1441,524310164
1442,524309787
1443,524309369
1444,10842516
1445,1708546
1446,10841885
1447,524286532
1448,10730374
1449,10729521
1450,10836131
1451,1707755
1452,10835762
1453,10834550
1454,10834355
1455,10834163
1456,10834022
1457,524254745
1458,524253397
1459,10830114
1460,10829864
1461,524252397
1462,10829632
1463,1706808
1464,10828844
1465,10722268
1466,10828481
1467,10828080
1468,10721604
1469,10721568
1470,10721442
1471,1706640
1472,10827542
1473,10721075
1474,10827168
1475,524230872
1476,524229662
1477,524225462
1478,524224656
1479,10715376
1480,10821226
1481,10715028
1482,10714901
1483,524219504
1484,524218906
1485,524218323
1486,524218271
1487,524217663
1488,524216295
1489,524215479
1490,524197357
1491,524196849
1492,524196222
1493,524195727
1494,10808858
1495,10703361
1496,524178611
1497,524177973
1498,10703054
1499,10808173
1500,524175157
1501,524174354
1502,524174328
1503,524173558
1504,524172709
1505,524172060
1506,524170413
1507,10700362
1508,10697924
1509,10696652
1510,10801423
1511,10801215
1512,10801078
1513,524133806
1514,524132138
1515,524132080
1516,524131380
1517,524130673
1518,524129823
1519,524128154
1520,524127436
1521,524090472
1522,524088853
1523,524087011
1524,524085857
1525,10666212
1526,10769396
1527,10769239
1528,10665770
1529,10767206
1530,524029698
1531,10663574
1532,10663490
1533,524005284
1534,524003990
1535,523869076
1536,523866737
1537,523866092
1538,523865041
1539,523864453
1540,523863718
1541,523526469
1542,523526098
1543,523525662
Total Records Reject 468 
