Total Records Added 1491 
#.,ID
0,14826473
1,15003529
2,15003376
3,15003229
4,538413627
5,538412778
6,538412077
7,538411207
8,14817676
9,14817467
10,14817337
11,14994039
12,14816484
13,14816350
14,14993166
15,14993031
16,14816189
17,14992923
18,14992758
19,538397828
20,2435145
21,538396907
22,538395817
23,538395805
24,538395349
25,538394853
26,538394211
27,14986441
28,14809450
29,14986029
30,14809169
31,14985827
32,14808989
33,14985615
34,14985445
35,14808485
36,14808343
37,14808076
38,14807285
39,14807045
40,14978606
41,14978481
42,538331736
43,538330600
44,538329901
45,14797826
46,2430843
47,14973694
48,14797419
49,538326092
50,538325597
51,538325087
52,538323296
53,538322847
54,538322424
55,538322046
56,538321984
57,14795728
58,2430368
59,14971478
60,14971316
61,538317435
62,14970261
63,538315963
64,538314462
65,538313803
66,538313043
67,14791749
68,14966492
69,14966399
70,14966286
71,14790336
72,538293865
73,14788456
74,538293218
75,538292728
76,14964058
77,14963895
78,14963505
79,538285829
80,538285373
81,538284841
82,538284179
83,14955883
84,14955781
85,14955552
86,14955400
87,538256808
88,538256414
89,538255868
90,538249820
91,538249040
92,538248229
93,538247178
94,14950578
95,14950476
96,14950356
97,14774485
98,14774366
99,538238002
100,538237575
101,538237019
102,538236407
103,538231010
104,538230490
105,538230043
106,538228922
107,14770152
108,14770064
109,14945567
110,2424422
111,14769281
112,14769172
113,14944711
114,14769021
115,14769018
116,14768864
117,14768735
118,14768340
119,538196386
120,538195763
121,538195129
122,538192421
123,14759779
124,14759665
125,14934576
126,14934460
127,538170209
128,538169552
129,538169010
130,538168437
131,538144398
132,538143714
133,538142924
134,538141994
135,538079091
136,538078664
137,538078244
138,538077857
139,537720206
140,537719735
141,537719326
142,537718979
143,14799679
144,14575276
145,14400585
146,536958374
147,14573774
148,536957294
149,536957146
150,536956900
151,536956525
152,536956122
153,536956113
154,14572570
155,14398977
156,14572319
157,536947345
158,536947260
159,536945746
160,14397389
161,536945061
162,14397030
163,14570329
164,14396764
165,2332321
166,14568997
167,14568436
168,14394846
169,14564464
170,14564319
171,14564183
172,14388131
173,14388029
174,14561394
175,14387836
176,2329418
177,14383568
178,14556774
179,14556643
180,14383212
181,14556423
182,14383002
183,14382902
184,14382821
185,14556077
186,2329180
187,14555850
188,14382452
189,14381105
190,14552725
191,2327644
192,14549479
193,14376207
194,14548846
195,14375509
196,14375148
197,2327273
198,14374110
199,14547157
200,14373884
201,14373740
202,14546635
203,14546487
204,14546294
205,536847871
206,536846184
207,536845324
208,2331120
209,14540392
210,14367024
211,14540039
212,2325303
213,536823395
214,536822973
215,536822143
216,14555850
217,536821565
218,2325038
219,2325009
220,14365288
221,14365246
222,14538221
223,2324935
224,536820080
225,14365017
226,536814687
227,536814073
228,536813545
229,14363035
230,536812225
231,536811693
232,14362793
233,536811435
234,14362738
235,14362640
236,14362616
237,536810707
238,536810412
239,14535289
240,536809779
241,14535210
242,14535195
243,536809701
244,14362205
245,536809129
246,14534998
247,14534990
248,536808906
249,14362057
250,14534863
251,14534713
252,14361838
253,14534692
254,14534548
255,14534129
256,536805534
257,14361125
258,536805001
259,536804452
260,536803634
261,536803078
262,536802624
263,536802135
264,536801177
265,14359854
266,14532701
267,536800725
268,14532617
269,14532539
270,536800071
271,536799368
272,536799195
273,536798486
274,536797955
275,536797409
276,536793929
277,536793545
278,536793271
279,536793128
280,536792750
281,536792740
282,536792294
283,536791783
284,14356760
285,14356644
286,14356539
287,536786223
288,536785747
289,14352965
290,14525310
291,14352656
292,14352544
293,14524334
294,14351794
295,536761000
296,536759562
297,536758269
298,536756024
299,536752526
300,536752106
301,536751425
302,536748218
303,536747605
304,14517629
305,14345088
306,536747137
307,14345005
308,536746535
309,14517354
310,536739457
311,536738796
312,536738758
313,536738622
314,536738353
315,536738171
316,536738027
317,536737981
318,536737689
319,536737580
320,536737420
321,536737012
322,536736758
323,536736658
324,536735912
325,14339739
326,14511671
327,14339279
328,14339125
329,536703823
330,536703137
331,536702489
332,536701614
333,14499081
334,2315967
335,14327219
336,14498696
337,14494863
338,14494762
339,14494622
340,14494472
341,536659615
342,536659023
343,536658258
344,536657568
345,2314201
346,14491100
347,14490965
348,14490816
349,14481924
350,14310828
351,14247568
352,14247484
353,14247374
354,14247276
355,535903731
356,535902348
357,535901415
358,535900502
359,535899111
360,2232226
361,535514647
362,535513972
363,535513295
364,535512169
365,535455518
366,535455117
367,535454727
368,535454324
369,535432140
370,535431276
371,14124524
372,13955230
373,14123759
374,14123433
375,14107484
376,14107362
377,2219286
378,13938760
379,535367686
380,13938255
381,535359166
382,535358761
383,535358125
384,535357578
385,14104065
386,14103749
387,535345879
388,535340217
389,535339003
390,13929527
391,14097136
392,13928950
393,14096792
394,535332391
395,535331787
396,535330934
397,535330163
398,13926949
399,535326361
400,14094683
401,13926509
402,535325517
403,13926314
404,535324818
405,535324246
406,535319453
407,535318579
408,535317780
409,535316885
410,14091295
411,535313920
412,535313156
413,535312521
414,535311564
415,535310226
416,535309731
417,535309272
418,535308708
419,13921714
420,14088757
421,14088569
422,14088333
423,14087944
424,13919012
425,13918715
426,14085786
427,13917970
428,13917810
429,13917664
430,13917525
431,14084701
432,2214067
433,13916961
434,13916956
435,14084181
436,2213995
437,13916572
438,13916304
439,14082975
440,14082575
441,13914888
442,13914707
443,14082121
444,2213497
445,13914493
446,14081692
447,14081533
448,535278681
449,535278231
450,535278228
451,535277778
452,535277653
453,535277638
454,535277002
455,14079549
456,2212861
457,535275291
458,14079141
459,535273972
460,13911345
461,13909706
462,14076705
463,14076601
464,2212220
465,13909379
466,14076411
467,2212131
468,535265286
469,13909047
470,535264703
471,535264015
472,535263333
473,535259152
474,2211701
475,535258462
476,13907197
477,535257676
478,535256861
479,535256743
480,535256025
481,535255628
482,535254342
483,535253629
484,13905022
485,14071674
486,13901168
487,14067576
488,13900869
489,13900733
490,14065256
491,14065146
492,14065074
493,2209668
494,2209648
495,13898337
496,2209051
497,13895839
498,14061945
499,14061819
500,13895630
501,13895517
502,13895320
503,13895230
504,14059480
505,14059383
506,2208397
507,2208370
508,535207754
509,535207381
510,535206947
511,535206177
512,535190954
513,535190424
514,14053818
515,13887999
516,535176156
517,535175684
518,535175232
519,535174681
520,535159735
521,535159241
522,535158658
523,535158033
524,535134325
525,535132955
526,535131332
527,535128857
528,535127757
529,535126502
530,535124577
531,535123295
532,13868971
533,14033286
534,14033034
535,14032918
536,535090337
537,535089386
538,535088896
539,535088450
540,14025604
541,14025396
542,14010762
543,13847410
544,14010398
545,14010082
546,534896351
547,534895619
548,534894688
549,534894032
550,13728027
551,13563822
552,2126509
553,13561902
554,13561590
555,13725521
556,534127456
557,13561331
558,13561303
559,534126789
560,534125734
561,2126153
562,534124513
563,13540828
564,13704704
565,13690952
566,13690709
567,13682955
568,13519025
569,2116239
570,2116188
571,533834231
572,533833658
573,533833011
574,533832165
575,533815912
576,533815117
577,533814524
578,13648926
579,533813961
580,13648786
581,13485582
582,13485381
583,13479924
584,13642642
585,533783900
586,533783398
587,533782114
588,13640412
589,533781495
590,13477442
591,13477264
592,13477101
593,13474388
594,13474234
595,13473440
596,533762377
597,13635282
598,13635188
599,2105351
600,13472189
601,533760840
602,533760016
603,533758932
604,533754385
605,533753477
606,533744708
607,533744331
608,533743973
609,533743540
610,2104252
611,13630084
612,13467046
613,13466719
614,2104004
615,13628876
616,13465378
617,13465262
618,13627560
619,533733252
620,2103644
621,533732748
622,533731103
623,533730726
624,533730338
625,533729961
626,533724835
627,13623272
628,13460881
629,533701966
630,533701741
631,533701178
632,533700885
633,13456504
634,533700101
635,2101646
636,533699693
637,13456217
638,533699014
639,13456116
640,533698600
641,533697496
642,13615771
643,533689356
644,533689117
645,13453598
646,533688803
647,13615192
648,533688278
649,13614949
650,533687024
651,13614555
652,13452669
653,13614296
654,533684760
655,13452398
656,13451109
657,13450968
658,13450867
659,13450657
660,13611359
661,13449486
662,13449348
663,13610876
664,2099682
665,13448072
666,13447971
667,13447860
668,2099240
669,13608050
670,13607930
671,2099157
672,13443347
673,2098460
674,13604500
675,13604418
676,533643920
677,533642943
678,533642434
679,533641914
680,533619995
681,533619499
682,533618985
683,533618416
684,533611766
685,533611306
686,533610495
687,533609947
688,533586752
689,533585610
690,13426874
691,13587383
692,13426674
693,533583696
694,2094516
695,533579014
696,533574037
697,533573559
698,13584422
699,2093850
700,13583457
701,13583367
702,13583303
703,2093605
704,13412913
705,13412666
706,13412560
707,13412410
708,13572119
709,13571994
710,2091011
711,13571731
712,533492557
713,533491630
714,533490971
715,533490185
716,533411614
717,533411076
718,533410334
719,533409768
720,533322349
721,533321866
722,533321300
723,533320591
724,13323496
725,13323410
726,13323344
727,13477855
728,531138215
729,531137265
730,531136507
731,531135589
732,530273560
733,12484183
734,12483949
735,12388751
736,12219567
737,12387976
738,12387796
739,12387629
740,529530376
741,529529658
742,529528964
743,529527700
744,12349835
745,12349674
746,12182024
747,12181826
748,12348813
749,12181118
750,12348307
751,12348125
752,12347909
753,12347710
754,12180261
755,12347493
756,12175922
757,12175690
758,12342815
759,12175366
760,12339888
761,12172561
762,12172444
763,12172160
764,12337594
765,12170221
766,12169907
767,12158678
768,12325223
769,12325141
770,12158428
771,12156511
772,12321382
773,12320471
774,529317939
775,529317360
776,1907856
777,529316865
778,529316242
779,529264551
780,529264079
781,529263530
782,529263019
783,529260280
784,529259447
785,529258672
786,12138994
787,12303156
788,12137716
789,12302842
790,12302721
791,12136640
792,12301620
793,529245989
794,529245196
795,529243564
796,529243078
797,529242475
798,529241760
799,529232416
800,529231663
801,529231055
802,1904864
803,529230048
804,12132598
805,12132351
806,12296859
807,529208574
808,529207678
809,529205994
810,529204759
811,529194360
812,529193824
813,12123554
814,12120266
815,12120000
816,12283739
817,12283389
818,12118645
819,529173995
820,529173255
821,529172655
822,529172459
823,12118180
824,12118162
825,529171997
826,529171976
827,12118008
828,529171191
829,529170667
830,12281647
831,12281498
832,12281485
833,12281210
834,12117270
835,12116772
836,12280540
837,12116199
838,12116047
839,12279839
840,12278833
841,529159353
842,12114744
843,529158625
844,529157835
845,529156791
846,12277112
847,12276985
848,1901468
849,12272219
850,12108586
851,12271913
852,12271904
853,12271770
854,12108040
855,12107907
856,529092682
857,12260262
858,529091360
859,12259862
860,12259614
861,12096728
862,12096518
863,1899715
864,12258719
865,12258578
866,529085108
867,12255598
868,12255466
869,12092988
870,12254963
871,529066135
872,529065488
873,529064780
874,529063650
875,12250123
876,12087425
877,12086868
878,12083788
879,12245433
880,12083374
881,12244944
882,529028269
883,529027724
884,529027192
885,529026567
886,529005912
887,529004041
888,529002461
889,528997283
890,528994121
891,528993569
892,528992915
893,528989374
894,528987552
895,528987024
896,528986558
897,528985852
898,528982392
899,528981634
900,528981154
901,528980614
902,12066043
903,1895485
904,12226347
905,12065529
906,12065512
907,1895398
908,12225616
909,12225391
910,12221986
911,1894870
912,1894856
913,1894846
914,528932373
915,528931593
916,528931039
917,528930347
918,528929354
919,12051428
920,12051254
921,12210434
922,12050828
923,12049496
924,12049181
925,12049097
926,12208336
927,528875212
928,528684466
929,528683736
930,528683211
931,528682622
932,11872896
933,11721694
934,11843574
935,11693547
936,527638942
937,527638750
938,11692023
939,527637827
940,11681446
941,11681276
942,11681148
943,11830136
944,527585860
945,527585143
946,11678699
947,11827679
948,11826934
949,11826836
950,527577752
951,11677643
952,11677634
953,11826588
954,11677504
955,11677235
956,11676905
957,527573159
958,1840195
959,11824478
960,11675233
961,11823881
962,11674860
963,1839968
964,11674334
965,11674119
966,11822886
967,11822824
968,11822807
969,11822761
970,11822642
971,11673793
972,11673721
973,11673508
974,11822151
975,11821283
976,527554947
977,527554552
978,527554177
979,527553685
980,11818837
981,11818539
982,527542958
983,527540965
984,527540600
985,527540263
986,11668555
987,11814844
988,11666231
989,527524495
990,527523503
991,527513662
992,527513192
993,11810127
994,527512771
995,527512342
996,527512316
997,11661207
998,11661019
999,11809140
1000,11660668
1001,11806687
1002,11658236
1003,11657194
1004,11657064
1005,11656950
1006,11656767
1007,527492067
1008,527490269
1009,527489167
1010,527487989
1011,527482502
1012,527481256
1013,527480749
1014,527480228
1015,11651816
1016,527473090
1017,11650575
1018,527468734
1019,527461004
1020,527460180
1021,11796195
1022,527459756
1023,527459627
1024,527459577
1025,11648158
1026,527459065
1027,11648037
1028,527458714
1029,527458583
1030,527458401
1031,527457988
1032,527457795
1033,527457477
1034,527457094
1035,527456962
1036,527456861
1037,527456698
1038,527456285
1039,527455801
1040,11645760
1041,11793138
1042,11645243
1043,11788400
1044,11788210
1045,11639884
1046,1835259
1047,11638496
1048,527422263
1049,527421318
1050,11785364
1051,527418502
1052,527417948
1053,11637041
1054,11783579
1055,11783413
1056,11635619
1057,11783098
1058,527407126
1059,527401500
1060,527400654
1061,527400620
1062,527400041
1063,527398689
1064,527397568
1065,527396923
1066,11777531
1067,11629976
1068,11777135
1069,11776941
1070,527380067
1071,527379544
1072,527379044
1073,527378476
1074,11622262
1075,11769296
1076,1832866
1077,11768906
1078,527359248
1079,527356040
1080,527353970
1081,527352911
1082,527352294
1083,527351909
1084,527351511
1085,527350538
1086,11759601
1087,11612699
1088,11759080
1089,11612262
1090,11758528
1091,11611617
1092,11611534
1093,11757897
1094,11611317
1095,11756228
1096,11755969
1097,11608351
1098,11754516
1099,11607812
1100,11607722
1101,11607642
1102,11607530
1103,11607448
1104,1830566
1105,11604675
1106,11750683
1107,11604343
1108,11593643
1109,11593399
1110,11592958
1111,11738154
1112,11590691
1113,11735773
1114,11735438
1115,11590113
1116,527193770
1117,527190750
1118,527188584
1119,527187452
1120,527186010
1121,11718360
1122,11574148
1123,11717932
1124,11717560
1125,526085715
1126,526084888
1127,526082084
1128,526081599
1129,526075123
1130,526074787
1131,1779203
1132,526074071
1133,526073470
1134,526072915
1135,526072844
1136,526072490
1137,526072247
1138,526069467
1139,526069041
1140,526057468
1141,526053819
1142,526052829
1143,526051876
1144,1778344
1145,11235509
1146,11366404
1147,11366235
1148,11229943
1149,11365890
1150,11227985
1151,11363842
1152,11227853
1153,11363748
1154,11363595
1155,11227581
1156,11363241
1157,11362883
1158,526012617
1159,526011808
1160,526011154
1161,526010619
1162,526001183
1163,11358320
1164,11358186
1165,11222640
1166,11357945
1167,11353309
1168,11353163
1169,525972954
1170,525971682
1171,525970428
1172,525969612
1173,11215274
1174,11215055
1175,11349869
1176,11214586
1177,11349502
1178,11214381
1179,11349203
1180,11349032
1181,525947587
1182,525947169
1183,525946552
1184,11208381
1185,525936817
1186,525936396
1187,1774453
1188,11200752
1189,11200590
1190,11333784
1191,11197023
1192,525892411
1193,525891085
1194,525890206
1195,525888976
1196,11327516
1197,11194697
1198,11194551
1199,11326945
1200,11193935
1201,11326316
1202,11326100
1203,11193344
1204,525872290
1205,525871645
1206,525870745
1207,525869811
1208,525869257
1209,525868736
1210,525867281
1211,525865379
1212,525863218
1213,525862350
1214,525858897
1215,525858440
1216,525858083
1217,525857399
1218,11186750
1219,11186559
1220,11186547
1221,11186420
1222,11318370
1223,11318289
1224,11186076
1225,11185999
1226,11185787
1227,525842209
1228,525841615
1229,11182961
1230,525841290
1231,525841050
1232,525840413
1233,525840014
1234,11182590
1235,525840005
1236,525839880
1237,525839456
1238,525839159
1239,525838872
1240,525836082
1241,525835655
1242,525835441
1243,525834972
1244,11181079
1245,11180942
1246,525829529
1247,525829025
1248,11311204
1249,525828626
1250,11311045
1251,525828218
1252,11310954
1253,11310864
1254,525819931
1255,525819523
1256,525818970
1257,525818750
1258,525818434
1259,525817702
1260,525817605
1261,525817360
1262,525816857
1263,525816584
1264,11175768
1265,11306620
1266,11306146
1267,11174839
1268,525789662
1269,525789107
1270,525788421
1271,525787658
1272,525744356
1273,525743754
1274,525743092
1275,525742343
1276,525735528
1277,525734991
1278,525734323
1279,525733359
1280,525732783
1281,11277119
1282,11276814
1283,11276512
1284,11147595
1285,11143617
1286,11143495
1287,11143319
1288,11271364
1289,11142933
1290,11271061
1291,11270592
1292,11142387
1293,11142298
1294,1765780
1295,11270226
1296,11270180
1297,11270016
1298,525657414
1299,525656851
1300,11254201
1301,525621418
1302,11127070
1303,11126557
1304,11253086
1305,525540467
1306,525539939
1307,525539471
1308,525538713
1309,525286508
1310,525285903
1311,525284744
1312,525282634
1313,524784837
1314,524783815
1315,524782839
1316,524781464
1317,10975263
1318,1725652
1319,10974512
1320,10974285
1321,10843763
1322,10957893
1323,10841879
1324,10955995
1325,10948421
1326,10948041
1327,10832750
1328,10947581
1329,10832318
1330,10947337
1331,524681631
1332,10832093
1333,10946747
1334,10830298
1335,10830147
1336,10829973
1337,10944718
1338,10941115
1339,10940403
1340,10824031
1341,10823742
1342,10920231
1343,10806660
1344,10919889
1345,10806313
1346,10917893
1347,10804148
1348,1717901
1349,10803540
1350,10907576
1351,524533340
1352,524532605
1353,10905437
1354,1716391
1355,10904802
1356,10904614
1357,524528358
1358,1715912
1359,10901010
1360,10900811
1361,10900452
1362,524510603
1363,524506494
1364,10785460
1365,10897130
1366,524493854
1367,524493240
1368,524492384
1369,524491759
1370,524490829
1371,524489688
1372,524488535
1373,524482112
1374,524481632
1375,524481045
1376,524480366
1377,10891655
1378,1714674
1379,524359022
1380,524358475
1381,524357358
1382,10745714
1383,10853392
1384,10745408
1385,10745228
1386,524325683
1387,524310634
1388,524310164
1389,524309787
1390,524309369
1391,10842516
1392,1708546
1393,10841885
1394,524286532
1395,10730374
1396,10729521
1397,10836131
1398,1707755
1399,10835762
1400,10834550
1401,10834355
1402,10834163
1403,10834022
1404,524254745
1405,524253397
1406,10830114
1407,10829864
1408,524252397
1409,10829632
1410,1706808
1411,10828844
1412,10722268
1413,10828481
1414,10828080
1415,10721604
1416,10721568
1417,10721442
1418,1706640
1419,10827542
1420,10721075
1421,10827168
1422,524230872
1423,524229662
1424,524225462
1425,524224656
1426,10715376
1427,10821226
1428,10715028
1429,10714901
1430,524219504
1431,524218906
1432,524218323
1433,524218271
1434,524217663
1435,524216295
1436,524215479
1437,524197357
1438,524196849
1439,524196222
1440,524195727
1441,10808858
1442,10703361
1443,524178611
1444,524177973
1445,10703054
1446,10808173
1447,524175157
1448,524174354
1449,524174328
1450,524173558
1451,524172709
1452,524172060
1453,524170413
1454,10700362
1455,10697924
1456,10696652
1457,10801423
1458,10801215
1459,10801078
1460,524133806
1461,524132138
1462,524132080
1463,524131380
1464,524130673
1465,524129823
1466,524128154
1467,524127436
1468,524090472
1469,524088853
1470,524087011
1471,524085857
1472,10666212
1473,10769396
1474,10769239
1475,10665770
1476,10767206
1477,524029698
1478,10663574
1479,10663490
1480,524005284
1481,524003990
1482,523869076
1483,523866737
1484,523866092
1485,523865041
1486,523864453
1487,523863718
1488,523526469
1489,523526098
1490,523525662
Total Records Reject 412 
