Total Records Added 1228 
#.,ID
0,515875351.0
1,8269232.0
2,8228275.0
3,8268631.0
4,1354761.0
5,8267834.0
6,515783488.0
7,515782820.0
8,515781319.0
9,515780541.0
10,8232316.0
11,8193495.0
12,8192482.0
13,8191585.0
14,515725327.0
15,8229860.0
16,515724102.0
17,515722936.0
18,8229247.0
19,515720790.0
20,8189757.0
21,8228097.0
22,8189460.0
23,8227751.0
24,515706166.0
25,515705394.0
26,8184350.0
27,8222430.0
28,8183961.0
29,8183883.0
30,8221941.0
31,8221793.0
32,8183398.0
33,515688982.0
34,515687976.0
35,515687331.0
36,515686747.0
37,8181470.0
38,515684660.0
39,515684003.0
40,515682806.0
41,515682005.0
42,8176572.0
43,8174005.0
44,8211509.0
45,515656078.0
46,8173365.0
47,515654200.0
48,515651016.0
49,1345755.0
50,8163572.0
51,8200236.0
52,8199856.0
53,8162472.0
54,8162182.0
55,515610854.0
56,515610019.0
57,515609278.0
58,8198484.0
59,515606814.0
60,8195731.0
61,8195564.0
62,1344985.0
63,8195208.0
64,515549284.0
65,515548334.0
66,8145544.0
67,515547108.0
68,8181077.0
69,8180903.0
70,8145067.0
71,515545709.0
72,515541854.0
73,515541390.0
74,515540953.0
75,515540336.0
76,515539137.0
77,8143206.0
78,515536263.0
79,8177684.0
80,515504198.0
81,515503704.0
82,515503298.0
83,515502783.0
84,515499571.0
85,515498145.0
86,515497332.0
87,515496610.0
88,515470159.0
89,515469635.0
90,515469110.0
91,515468666.0
92,8153863.0
93,8119674.0
94,1339534.0
95,8153207.0
96,515447670.0
97,8118040.0
98,515445640.0
99,8117821.0
100,515444605.0
101,8151514.0
102,515443942.0
103,8117407.0
104,515443285.0
105,8150837.0
106,515442135.0
107,8116918.0
108,515441653.0
109,8116796.0
110,515441168.0
111,515429506.0
112,515428826.0
113,515427410.0
114,515426753.0
115,8110438.0
116,8143624.0
117,8143499.0
118,515416645.0
119,515415728.0
120,8109740.0
121,515415092.0
122,1338103.0
123,515414425.0
124,8109009.0
125,8142280.0
126,8141931.0
127,8137822.0
128,1337406.0
129,8104338.0
130,8104192.0
131,8137372.0
132,8136946.0
133,8136663.0
134,8135818.0
135,515388968.0
136,515388326.0
137,8135246.0
138,8134951.0
139,8134748.0
140,8101402.0
141,8134307.0
142,8101186.0
143,8134202.0
144,8134110.0
145,8133994.0
146,515365815.0
147,515365278.0
148,515364824.0
149,515364356.0
150,515352725.0
151,515351651.0
152,8085806.0
153,515324387.0
154,1334768.0
155,8111278.0
156,1334083.0
157,8110860.0
158,8110734.0
159,515299207.0
160,515297289.0
161,515296529.0
162,515295276.0
163,515292740.0
164,515291695.0
165,515290797.0
166,515289959.0
167,8068036.0
168,1332570.0
169,8098680.0
170,8097200.0
171,8097004.0
172,8065970.0
173,8096594.0
174,1332277.0
175,8065604.0
176,8096143.0
177,8096009.0
178,515142498.0
179,515141592.0
180,515140164.0
181,515139097.0
182,515068252.0
183,515067065.0
184,515066116.0
185,515065216.0
186,1326154.0
187,514907050.0
188,514764682.0
189,514763719.0
190,514762958.0
191,514761924.0
192,514314772.0
193,514313884.0
194,514312652.0
195,7694102.0
196,7679492.0
197,513826782.0
198,513826156.0
199,513825258.0
200,513824534.0
201,513823686.0
202,513822651.0
203,513809718.0
204,513808383.0
205,513807615.0
206,513806726.0
207,7649575.0
208,7662060.0
209,7652427.0
210,7652024.0
211,7639530.0
212,7651304.0
213,7651055.0
214,1272431.0
215,7650038.0
216,513736946.0
217,513735824.0
218,513730943.0
219,513730235.0
220,513729483.0
221,513728638.0
222,513718777.0
223,513718172.0
224,513717609.0
225,8068157.0
226,8096594.0
227,513717033.0
228,7637936.0
229,7626449.0
230,1332277.0
231,7637694.0
232,7636400.0
233,7636162.0
234,514313884.0
235,7635982.0
236,7633552.0
237,7633426.0
238,7622002.0
239,7621844.0
240,7621169.0
241,7620838.0
242,513675156.0
243,7630934.0
244,513674632.0
245,7652024.0
246,7619964.0
247,7630797.0
248,513674112.0
249,513673533.0
250,7630563.0
251,513669976.0
252,7629440.0
253,513669234.0
254,513668609.0
255,7618432.0
256,7618247.0
257,513667789.0
258,7617957.0
259,7617330.0
260,7627889.0
261,7627685.0
262,7616813.0
263,7615792.0
264,7626277.0
265,513649525.0
266,513647893.0
267,513646467.0
268,513645515.0
269,1268860.0
270,7622251.0
271,513641754.0
272,513641256.0
273,513640780.0
274,513640294.0
275,7620340.0
276,7620039.0
277,7619425.0
278,513632961.0
279,513632517.0
280,513632053.0
281,513631531.0
282,7608171.0
283,7605499.0
284,7615517.0
285,7615397.0
286,7605145.0
287,7635982.0
288,7603734.0
289,7603648.0
290,1267692.0
291,7630797.0
292,7613660.0
293,7603478.0
294,7603451.0
295,7613497.0
296,7603340.0
297,7603170.0
298,513609409.0
299,7612798.0
300,7612593.0
301,7601557.0
302,7601371.0
303,1267385.0
304,7601108.0
305,7601016.0
306,7600920.0
307,7600815.0
308,1267300.0
309,7600475.0
310,7606710.0
311,513581468.0
312,513580745.0
313,7595230.0
314,513580031.0
315,7594998.0
316,7604034.0
317,513578377.0
318,7594541.0
319,513569580.0
320,513568805.0
321,513564839.0
322,513561922.0
323,7589218.0
324,7598067.0
325,513556955.0
326,1265664.0
327,1265630.0
328,513552886.0
329,513552094.0
330,513551349.0
331,513550589.0
332,7581209.0
333,513528574.0
334,7580843.0
335,7589186.0
336,1264604.0
337,7588952.0
338,7580463.0
339,7588754.0
340,7580304.0
341,7580174.0
342,513525119.0
343,7588533.0
344,7580008.0
345,7579964.0
346,513524278.0
347,7579771.0
348,7579622.0
349,7579439.0
350,513520447.0
351,513519910.0
352,513513752.0
353,513512931.0
354,513512237.0
355,513511366.0
356,513510375.0
357,513509775.0
358,7584044.0
359,513509033.0
360,7575744.0
361,513508285.0
362,7575547.0
363,7575075.0
364,7574900.0
365,7569393.0
366,7577201.0
367,7577100.0
368,7576808.0
369,1263028.0
370,7568745.0
371,7568398.0
372,7568156.0
373,7567909.0
374,1259521.0
375,7548105.0
376,7547949.0
377,7542178.0
378,513352696.0
379,513351429.0
380,513351005.0
381,7540779.0
382,513198515.0
383,513197539.0
384,513195864.0
385,513194794.0
386,513144631.0
387,513143587.0
388,513142635.0
389,513141403.0
390,512925225.0
391,512923588.0
392,512922763.0
393,512922037.0
394,512921199.0
395,512605835.0
396,512605589.0
397,512605252.0
398,512605024.0
399,511943751.0
400,511942930.0
401,511941761.0
402,511940689.0
403,7103603.0
404,7103382.0
405,7102655.0
406,7102304.0
407,511853642.0
408,511852847.0
409,7099308.0
410,7099066.0
411,511851014.0
412,1196671.0
413,511850132.0
414,1196627.0
415,7096435.0
416,7092614.0
417,7091793.0
418,7091538.0
419,7093823.0
420,7090104.0
421,7089953.0
422,7093416.0
423,7092956.0
424,7092845.0
425,7092740.0
426,7092540.0
427,7088272.0
428,511776985.0
429,511776250.0
430,7076263.0
431,7079883.0
432,7075633.0
433,7079016.0
434,511752187.0
435,511727352.0
436,511726844.0
437,511726345.0
438,511725799.0
439,511703615.0
440,511702797.0
441,7062929.0
442,511702548.0
443,511702247.0
444,7058205.0
445,7058019.0
446,511701602.0
447,7062551.0
448,7050766.0
449,7055510.0
450,7055343.0
451,7055173.0
452,511670282.0
453,511669212.0
454,511668130.0
455,511667734.0
456,7014143.0
457,1185242.0
458,7013874.0
459,7020274.0
460,7012428.0
461,1185015.0
462,7018717.0
463,7018578.0
464,511529621.0
465,511528222.0
466,511525858.0
467,511521410.0
468,7009535.0
469,7016023.0
470,511511922.0
471,511510346.0
472,7003919.0
473,7003823.0
474,7003722.0
475,7003608.0
476,6545041.0
477,6544798.0
478,6544323.0
479,6563024.0
480,1118558.0
481,6553959.0
482,509935414.0
483,6547177.0
484,509934285.0
485,509933033.0
486,509931881.0
487,509931215.0
488,509930960.0
489,509930297.0
490,6526364.0
491,509930220.0
492,6526209.0
493,509929384.0
494,509929360.0
495,6545722.0
496,6545692.0
497,6525948.0
498,509928666.0
499,6545537.0
500,509928408.0
501,509928375.0
502,6525625.0
503,509898019.0
504,509896540.0
505,509895679.0
506,509895083.0
507,509735503.0
508,509734829.0
509,509733839.0
510,509733080.0
511,509480159.0
512,509479214.0
513,509478335.0
514,509476907.0
515,899335.0
516,4971302.0
517,4893077.0
518,4870093.0
519,4949474.0
520,4868786.0
521,4868338.0
522,4948428.0
523,4867868.0
524,4948014.0
525,504478066.0
526,4866869.0
527,504477123.0
528,4866695.0
529,504475956.0
530,4866495.0
531,504474933.0
532,4946378.0
533,504472095.0
534,4865260.0
535,4865065.0
536,4864911.0
537,504469430.0
538,504468811.0
539,4945303.0
540,504468169.0
541,890558.0
542,4862872.0
543,4943361.0
544,4861870.0
545,890071.0
546,4940079.0
547,4939956.0
548,4858857.0
549,4939683.0
550,4939474.0
551,4939269.0
552,4939225.0
553,4938674.0
554,4855789.0
555,4855634.0
556,4936883.0
557,4855232.0
558,504415460.0
559,504371672.0
560,504369784.0
561,504367623.0
562,4922363.0
563,504365012.0
564,4917443.0
565,504338113.0
566,504337185.0
567,504337011.0
568,4912260.0
569,4827953.0
570,4827690.0
571,4911600.0
572,504318247.0
573,504314897.0
574,504312855.0
575,504311544.0
576,504310386.0
577,504309586.0
578,504308564.0
579,504307721.0
580,4895335.0
581,4809063.0
582,4894988.0
583,883760.0
584,4807477.0
585,4893594.0
586,4806912.0
587,4893025.0
588,504239680.0
589,504238423.0
590,504236873.0
591,504235610.0
592,504215317.0
593,504214074.0
594,504213034.0
595,4799148.0
596,504211793.0
597,4886080.0
598,4796343.0
599,4883460.0
600,4883302.0
601,4795724.0
602,504145806.0
603,504144708.0
604,504143622.0
605,4863746.0
606,4863429.0
607,4773626.0
608,4773441.0
609,4772272.0
610,4861823.0
611,4861703.0
612,504110321.0
613,4861526.0
614,504109126.0
615,504107775.0
616,504106733.0
617,504061423.0
618,504060535.0
619,504059165.0
620,504058022.0
621,504025195.0
622,504024384.0
623,504023712.0
624,504022888.0
625,504019135.0
626,4746813.0
627,4839625.0
628,4839508.0
629,503975778.0
630,503974917.0
631,503974094.0
632,503973220.0
633,4733453.0
634,4733218.0
635,4733014.0
636,4732760.0
637,873987.0
638,4726685.0
639,873930.0
640,4726170.0
641,503926590.0
642,503925629.0
643,503851762.0
644,503850569.0
645,503848955.0
646,503847326.0
647,503846142.0
648,503772388.0
649,503771670.0
650,503770991.0
651,503770169.0
652,503760693.0
653,4368224.0
654,4229370.0
655,4222061.0
656,4221899.0
657,4221775.0
658,4221642.0
659,4210394.0
660,502139084.0
661,502138157.0
662,502137197.0
663,502104730.0
664,502103754.0
665,4310805.0
666,802581.0
667,4310056.0
668,4164431.0
669,502023754.0
670,4309638.0
671,502022833.0
672,4164006.0
673,502021721.0
674,4309243.0
675,502020667.0
676,4162819.0
677,4162645.0
678,4162606.0
679,4307906.0
680,502010030.0
681,502009272.0
682,502008557.0
683,4306118.0
684,502007824.0
685,802016.0
686,4305840.0
687,4160031.0
688,4305719.0
689,501995263.0
690,501993219.0
691,501991988.0
692,4152984.0
693,4299214.0
694,4299052.0
695,501976488.0
696,4152357.0
697,501975382.0
698,501975077.0
699,501973417.0
700,501972117.0
701,501969792.0
702,4297127.0
703,4150166.0
704,4149959.0
705,4296597.0
706,4296230.0
707,4295994.0
708,4294728.0
709,800465.0
710,4146437.0
711,4141718.0
712,799840.0
713,4141274.0
714,4288680.0
715,501925699.0
716,501924848.0
717,799483.0
718,501924157.0
719,4138537.0
720,4286217.0
721,4286034.0
722,4285867.0
723,4137693.0
724,4137322.0
725,4285139.0
726,501911118.0
727,4133798.0
728,4133560.0
729,4133356.0
730,4133116.0
731,501900257.0
732,501899456.0
733,501898476.0
734,501896880.0
735,4277602.0
736,4277389.0
737,4277339.0
738,4128347.0
739,4128307.0
740,501885510.0
741,4128286.0
742,501885057.0
743,4277038.0
744,501884888.0
745,501884627.0
746,4127999.0
747,4276820.0
748,4127922.0
749,501884107.0
750,4276759.0
751,4276692.0
752,4127699.0
753,4276592.0
754,501874387.0
755,501873909.0
756,501873450.0
757,501872950.0
758,4270864.0
759,4121222.0
760,4121034.0
761,4120853.0
762,4269655.0
763,797130.0
764,4119645.0
765,4269187.0
766,4266150.0
767,4265957.0
768,4115853.0
769,4115664.0
770,4265693.0
771,4265445.0
772,4265273.0
773,796585.0
774,501834906.0
775,501834019.0
776,4113134.0
777,501832605.0
778,4112961.0
779,501831401.0
780,4263102.0
781,501830628.0
782,4112394.0
783,501829318.0
784,501826956.0
785,501825690.0
786,501823989.0
787,501823840.0
788,501823277.0
789,501823149.0
790,501822582.0
791,501822448.0
792,501821802.0
793,501821551.0
794,501820928.0
795,501820568.0
796,501742936.0
797,501741027.0
798,501740535.0
799,501739791.0
800,4083235.0
801,4083060.0
802,792840.0
803,4236656.0
804,501733205.0
805,501731823.0
806,501731046.0
807,4235533.0
808,501729191.0
809,4235404.0
810,4235271.0
811,4235157.0
812,4215194.0
813,4058327.0
814,4214575.0
815,4214367.0
816,501643827.0
817,501643159.0
818,501642564.0
819,501641892.0
820,501637711.0
821,501637028.0
822,4211473.0
823,501635375.0
824,501609058.0
825,501607958.0
826,501606800.0
827,501605893.0
828,501562174.0
829,501561492.0
830,501560681.0
831,501559634.0
832,501480468.0
833,501479996.0
834,501479493.0
835,501479033.0
836,501466342.0
837,501464889.0
838,501463413.0
839,501462520.0
840,501390944.0
841,501389891.0
842,501388998.0
843,501388165.0
844,4145870.0
845,4145691.0
846,4145421.0
847,4145239.0
848,501356286.0
849,500741145.0
850,500740564.0
851,500740008.0
852,500739464.0
853,500333074.0
854,500332395.0
855,500331691.0
856,500330723.0
857,3798176.0
858,3618171.0
859,3617844.0
860,3797264.0
861,3612110.0
862,3785998.0
863,3785874.0
864,3603290.0
865,3783608.0
866,3602306.0
867,500221212.0
868,3780781.0
869,3780627.0
870,728149.0
871,3780348.0
872,3779274.0
873,500209342.0
874,500208210.0
875,500207122.0
876,500203743.0
877,3594925.0
878,3776496.0
879,500167505.0
880,500167066.0
881,500166394.0
882,3580520.0
883,3580195.0
884,3579901.0
885,3762660.0
886,500143565.0
887,500143094.0
888,500142447.0
889,500141972.0
890,3576965.0
891,500135114.0
892,500131275.0
893,500129551.0
894,3574247.0
895,3757671.0
896,3757514.0
897,3757343.0
898,500111518.0
899,500110948.0
900,500110155.0
901,500104593.0
902,500103001.0
903,500102395.0
904,500096848.0
905,500095735.0
906,500095020.0
907,500094856.0
908,500094279.0
909,500092671.0
910,500091531.0
911,3562761.0
912,3562637.0
913,3562535.0
914,3562504.0
915,3747013.0
916,3746962.0
917,3562242.0
918,3562060.0
919,500073614.0
920,3558960.0
921,500072680.0
922,3743573.0
923,500072017.0
924,500071378.0
925,500071325.0
926,3743092.0
927,500071008.0
928,500070487.0
929,3742824.0
930,3742593.0
931,500068569.0
932,3742398.0
933,3557096.0
934,3742090.0
935,500066880.0
936,500066363.0
937,3556814.0
938,3741802.0
939,3741365.0
940,500062490.0
941,500061136.0
942,500060537.0
943,500059906.0
944,500059303.0
945,3740019.0
946,500051469.0
947,500044355.0
948,500042630.0
949,500038729.0
950,3734450.0
951,500037640.0
952,3548393.0
953,500036939.0
954,3734006.0
955,500036015.0
956,3733816.0
957,500015978.0
958,500015119.0
959,500013326.0
960,500012635.0
961,500007914.0
962,500007408.0
963,500006630.0
964,500006037.0
965,500005768.0
966,500005520.0
967,500005138.0
968,500004733.0
969,500001480.0
970,500000819.0
971,500000025.0
972,499999359.0
973,3535391.0
974,3535226.0
975,3722226.0
976,3534808.0
977,3532635.0
978,3532154.0
979,3719386.0
980,3718950.0
981,719335.0
982,3714937.0
983,3526475.0
984,3526237.0
985,3714048.0
986,718904.0
987,3523540.0
988,3523374.0
989,3523187.0
990,499939416.0
991,499938482.0
992,499937856.0
993,499937169.0
994,499902461.0
995,499901899.0
996,499901429.0
997,499900910.0
998,3507505.0
999,3697321.0
1000,3697092.0
1001,3696947.0
1002,499841175.0
1003,499840484.0
1004,499839667.0
1005,499838961.0
1006,499793204.0
1007,499792514.0
1008,499791779.0
1009,499791120.0
1010,3668071.0
1011,3474515.0
1012,3667779.0
1013,3474190.0
1014,499700882.0
1015,499699843.0
1016,499698710.0
1017,499697436.0
1018,499435548.0
1019,499434734.0
1020,499433315.0
1021,499432046.0
1022,499431023.0
1023,3184353.0
1024,3184009.0
1025,3183499.0
1026,3394017.0
1027,3363372.0
1028,3150558.0
1029,3150331.0
1030,3150022.0
1031,498589323.0
1032,498431272.0
1033,498430471.0
1034,3075178.0
1035,3293496.0
1036,3074867.0
1037,498408699.0
1038,498408207.0
1039,498407691.0
1040,498407159.0
1041,498383545.0
1042,498382791.0
1043,498382185.0
1044,498381407.0
1045,498376268.0
1046,498375728.0
1047,498375202.0
1048,498374677.0
1049,498373067.0
1050,498371663.0
1051,498369462.0
1052,498367581.0
1053,498366428.0
1054,3279863.0
1055,3279612.0
1056,3279425.0
1057,3279268.0
1058,3054414.0
1059,498333521.0
1060,498332741.0
1061,498331842.0
1062,3052054.0
1063,3272433.0
1064,3051778.0
1065,3051589.0
1066,498315277.0
1067,498314018.0
1068,498313253.0
1069,498312028.0
1070,3048037.0
1071,3268466.0
1072,3047363.0
1073,3267853.0
1074,498301980.0
1075,3266808.0
1076,3266163.0
1077,3266095.0
1078,656055.0
1079,498297941.0
1080,3265957.0
1081,3265831.0
1082,3265785.0
1083,3265029.0
1084,655480.0
1085,498281210.0
1086,3040270.0
1087,498280469.0
1088,3040095.0
1089,498279523.0
1090,3261321.0
1091,655380.0
1092,3039550.0
1093,3260876.0
1094,3037090.0
1095,498268635.0
1096,498268129.0
1097,498267511.0
1098,498266840.0
1099,3257226.0
1100,3257114.0
1101,654822.0
1102,3256955.0
1103,498262371.0
1104,498261809.0
1105,3256721.0
1106,498260917.0
1107,3034797.0
1108,498260690.0
1109,3034639.0
1110,498259916.0
1111,3256275.0
1112,3256097.0
1113,498258769.0
1114,498256590.0
1115,498256141.0
1116,498251555.0
1117,498251151.0
1118,498250744.0
1119,498250307.0
1120,498245872.0
1121,498245303.0
1122,498244550.0
1123,498243885.0
1124,498239746.0
1125,3025114.0
1126,3247470.0
1127,3024667.0
1128,3024434.0
1129,3023043.0
1130,3022919.0
1131,498216248.0
1132,498215652.0
1133,498214843.0
1134,498212197.0
1135,498208523.0
1136,498207829.0
1137,498206093.0
1138,498205273.0
1139,498203644.0
1140,498203426.0
1141,498203069.0
1142,498202596.0
1143,3241201.0
1144,3241048.0
1145,498197474.0
1146,3015790.0
1147,3015663.0
1148,498190484.0
1149,3238454.0
1150,3238339.0
1151,3014902.0
1152,3014746.0
1153,498189319.0
1154,3014599.0
1155,498188363.0
1156,3012563.0
1157,3235719.0
1158,3235284.0
1159,3010924.0
1160,3010815.0
1161,3010633.0
1162,3010402.0
1163,3234075.0
1164,3233641.0
1165,3233526.0
1166,3233403.0
1167,3009423.0
1168,3005884.0
1169,3005758.0
1170,3005619.0
1171,3229703.0
1172,3001509.0
1173,3001202.0
1174,498137252.0
1175,498136394.0
1176,3221035.0
1177,2996108.0
1178,649817.0
1179,2995831.0
1180,498119055.0
1181,498118542.0
1182,498117795.0
1183,498117041.0
1184,498109997.0
1185,498109422.0
1186,498108788.0
1187,498108235.0
1188,498100514.0
1189,498099132.0
1190,498098452.0
1191,498083624.0
1192,498082893.0
1193,498082246.0
1194,498081582.0
1195,3208755.0
1196,2982412.0
1197,3208468.0
1198,3208348.0
1199,2974765.0
1200,3201585.0
1201,2974388.0
1202,3201181.0
1203,3196381.0
1204,3196237.0
1205,498027040.0
1206,498026391.0
1207,3195849.0
1208,498025713.0
1209,2967961.0
1210,498024986.0
1211,2966214.0
1212,3193877.0
1213,3193687.0
1214,2965649.0
1215,2961122.0
1216,645646.0
1217,3189254.0
1218,3188983.0
1219,2930921.0
1220,3162156.0
1221,3162046.0
1222,2930515.0
1223,497771286.0
1224,497770694.0
1225,497770002.0
1226,497769269.0
1227,2858128.0
Total Records Reject 281 
