Total Records Added 838 
#.,ID
0,10920231
1,10806660
2,10919889
3,10806313
4,10917893
5,10804148
6,1717901
7,10803540
8,10907576
9,524533340
10,524532605
11,10905437
12,1716391
13,10904802
14,10904614
15,524528358
16,1715912
17,10901010
18,10900811
19,10900452
20,524510603
21,524506494
22,10785460
23,10897130
24,524493854
25,524493240
26,524492384
27,524491759
28,524490829
29,524489688
30,524488535
31,524482112
32,524481632
33,524481045
34,524480366
35,10891655
36,1714674
37,524359022
38,524358475
39,524357358
40,10745714
41,10853392
42,10745408
43,10745228
44,524325683
45,524310634
46,524310164
47,524309787
48,524309369
49,10842516
50,1708546
51,10841885
52,524286532
53,10730374
54,10729521
55,10836131
56,1707755
57,10835762
58,10834550
59,10834355
60,10834163
61,10834022
62,524254745
63,524253397
64,10830114
65,10829864
66,524252397
67,10829632
68,1706808
69,10828844
70,10722268
71,10828481
72,10828080
73,10721604
74,10721568
75,10721442
76,1706640
77,10827542
78,10721075
79,10827168
80,524230872
81,524229662
82,524225462
83,524224656
84,10715376
85,10821226
86,10715028
87,10714901
88,524219504
89,524218906
90,524218323
91,524218271
92,524217663
93,524216295
94,524215479
95,524197357
96,524196849
97,524196222
98,524195727
99,10808858
100,10703361
101,524178611
102,524177973
103,10703054
104,10808173
105,524175157
106,524174354
107,524174328
108,524173558
109,524172709
110,524172060
111,524170413
112,10700362
113,10697924
114,10696652
115,10801423
116,10801215
117,10801078
118,524133806
119,524132138
120,524132080
121,524131380
122,524130673
123,524129823
124,524128154
125,524127436
126,524090472
127,524088853
128,524087011
129,524085857
130,10666212
131,10769396
132,10769239
133,10665770
134,10767206
135,524029698
136,10663574
137,10663490
138,524005284
139,524003990
140,523869076
141,523866737
142,523866092
143,523865041
144,523864453
145,523863718
146,523526469
147,523526098
148,523525662
149,10384970
150,10384566
151,1645803
152,10286237
153,10322681
154,10322145
155,10226806
156,10226660
157,522518536
158,522517908
159,522517101
160,522509758
161,8930569
162,8838096
163,8837753
164,1438711
165,8836857
166,8830054
167,1437470
168,8826811
169,8826632
170,8826096
171,8853568
172,517823537
173,517822711
174,8852958
175,8793940
176,8851925
177,8850695
178,8850480
179,1432022
180,8790821
181,517749295
182,517572048
183,517571373
184,517570797
185,517570243
186,8732365
187,8787276
188,8787064
189,8786742
190,8728699
191,8782586
192,8727612
193,8715217
194,8715030
195,517486784
196,8714769
197,8768684
198,8714578
199,517485364
200,8714471
201,8714312
202,517484362
203,8714048
204,517483130
205,517482117
206,8766767
207,8712873
208,8712640
209,8712460
210,517470015
211,8710368
212,8710279
213,8763868
214,517467649
215,517467431
216,517466044
217,517465853
218,517464602
219,517463425
220,517463121
221,517462385
222,8850480
223,517461143
224,517458703
225,8761495
226,517458238
227,517455855
228,8707187
229,8706631
230,8706512
231,517445501
232,517442931
233,517441056
234,8755748
235,517435232
236,517434894
237,517433885
238,517433121
239,8695841
240,1418334
241,517405254
242,8747878
243,517404515
244,8694893
245,517367444
246,517366997
247,517366471
248,517365975
249,8734537
250,8682654
251,8682541
252,8682411
253,517334747
254,517333600
255,517332889
256,517332317
257,517323089
258,517321612
259,517320766
260,517318776
261,517317968
262,517317193
263,517316388
264,8722503
265,8671142
266,8715030
267,8666355
268,8666216
269,8716948
270,8716796
271,517295737
272,517295225
273,517294658
274,8715680
275,8664710
276,1414016
277,8714970
278,8664173
279,8714725
280,1413946
281,8663551
282,1413874
283,1413853
284,8713655
285,8713495
286,517284958
287,517284238
288,517282926
289,517282132
290,517260890
291,517259678
292,517259088
293,517258524
294,517191311
295,8637787
296,8637629
297,8637488
298,8632284
299,8680469
300,8672598
301,8672420
302,8672280
303,8672129
304,517126816
305,517125982
306,517125145
307,517123083
308,8663904
309,8616875
310,8663393
311,8663186
312,517084670
313,517083995
314,517083344
315,517082446
316,517079192
317,8601993
318,8601906
319,517044849
320,1405650
321,8646917
322,517043657
323,517042569
324,517040745
325,516811088
326,516810179
327,516809220
328,516808282
329,515875351
330,8269232
331,8228275
332,8268631
333,1354761
334,8267834
335,515783488
336,515782820
337,515781319
338,515780541
339,8232316
340,8193495
341,8192482
342,8191585
343,515725327
344,8229860
345,515724102
346,515722936
347,8229247
348,515720790
349,8189757
350,8228097
351,8189460
352,8227751
353,515706166
354,515705394
355,8184350
356,8222430
357,8183961
358,8183883
359,8221941
360,8221793
361,8183398
362,515688982
363,515687976
364,515687331
365,515686747
366,8181470
367,515684660
368,515684003
369,515682806
370,515682005
371,8176572
372,8174005
373,8211509
374,515656078
375,8173365
376,515654200
377,515651016
378,1345755
379,8163572
380,8200236
381,8199856
382,8162472
383,8162182
384,515610854
385,515610019
386,515609278
387,8198484
388,515606814
389,8195731
390,8195564
391,1344985
392,8195208
393,515549284
394,515548334
395,8145544
396,515547108
397,8181077
398,8180903
399,8145067
400,515545709
401,515541854
402,515541390
403,515540953
404,515540336
405,515539137
406,8143206
407,515536263
408,8177684
409,515504198
410,515503704
411,515503298
412,515502783
413,515499571
414,515498145
415,515497332
416,515496610
417,515470159
418,515469635
419,515469110
420,515468666
421,8153863
422,8119674
423,1339534
424,8153207
425,515447670
426,8118040
427,515445640
428,8117821
429,515444605
430,8151514
431,515443942
432,8117407
433,515443285
434,8150837
435,515442135
436,8116918
437,515441653
438,8116796
439,515441168
440,515429506
441,515428826
442,515427410
443,515426753
444,8110438
445,8143624
446,8143499
447,515416645
448,515415728
449,8109740
450,515415092
451,1338103
452,515414425
453,8109009
454,8142280
455,8141931
456,8137822
457,1337406
458,8104338
459,8104192
460,8137372
461,8136946
462,8136663
463,8135818
464,515388968
465,515388326
466,8135246
467,8134951
468,8134748
469,8101402
470,8134307
471,8101186
472,8134202
473,8134110
474,8133994
475,515365815
476,515365278
477,515364824
478,515364356
479,515352725
480,515351651
481,8085806
482,515324387
483,1334768
484,8111278
485,1334083
486,8110860
487,8110734
488,515299207
489,515297289
490,515296529
491,515295276
492,515292740
493,515291695
494,515290797
495,515289959
496,8068157
497,8068036
498,1332570
499,8098680
500,8097200
501,8097004
502,8065970
503,8096594
504,1332277
505,8065604
506,8096143
507,8096009
508,515142498
509,515141592
510,515140164
511,515139097
512,515068252
513,515067065
514,515066116
515,515065216
516,1326154
517,514907050
518,514764682
519,514763719
520,514762958
521,514761924
522,514314772
523,514313884
524,514312652
525,7694102
526,7679492
527,513826782
528,513826156
529,513825258
530,513824534
531,513823686
532,513822651
533,513809718
534,513808383
535,513807615
536,513806726
537,7649575
538,7662060
539,7652427
540,7652024
541,7639530
542,7651304
543,7651055
544,1272431
545,7650038
546,513736946
547,513735824
548,513730943
549,513730235
550,513729483
551,513728638
552,513718777
553,513718172
554,513717609
555,513717033
556,7637936
557,7626449
558,7637694
559,7636400
560,7636162
561,7635982
562,7633552
563,7633426
564,7622002
565,7621844
566,7621169
567,7620838
568,513675156
569,7630934
570,513674632
571,7619964
572,7630797
573,513674112
574,513673533
575,7630563
576,513669976
577,7629440
578,513669234
579,513668609
580,7618432
581,7618247
582,513667789
583,7617957
584,7617330
585,7627889
586,7627685
587,7616813
588,7615792
589,7626277
590,513649525
591,513647893
592,513646467
593,513645515
594,1268860
595,7622251
596,513641754
597,513641256
598,513640780
599,513640294
600,7620340
601,7620039
602,7619425
603,513632961
604,513632517
605,513632053
606,513631531
607,7608171
608,7605499
609,7615517
610,7615397
611,7605145
612,7603734
613,7603648
614,1267692
615,7613660
616,7603478
617,7603451
618,7613497
619,7603340
620,7603170
621,513609409
622,7612798
623,7612593
624,7601557
625,7601371
626,1267385
627,7601108
628,7601016
629,7600920
630,7600815
631,1267300
632,7600475
633,7606710
634,513581468
635,513580745
636,7595230
637,513580031
638,7594998
639,7604034
640,513578377
641,7594541
642,513569580
643,513568805
644,513564839
645,513561922
646,7589218
647,7598067
648,513556955
649,1265664
650,1265630
651,513552886
652,513552094
653,513551349
654,513550589
655,7581209
656,513528574
657,7580843
658,7589186
659,1264604
660,7588952
661,7580463
662,7588754
663,7580304
664,7580174
665,513525119
666,7588533
667,7580008
668,7579964
669,513524278
670,7579771
671,7579622
672,7579439
673,513520447
674,513519910
675,513513752
676,513512931
677,513512237
678,513511366
679,513510375
680,513509775
681,7584044
682,513509033
683,7575744
684,513508285
685,7575547
686,7575075
687,7574900
688,7569393
689,7577201
690,7577100
691,7576808
692,1263028
693,7568745
694,7568398
695,7568156
696,7567909
697,1259521
698,7548105
699,7547949
700,7542178
701,513352696
702,513351429
703,513351005
704,7540779
705,513198515
706,513197539
707,513195864
708,513194794
709,513144631
710,513143587
711,513142635
712,513141403
713,512925225
714,512923588
715,512922763
716,512922037
717,512921199
718,512605835
719,512605589
720,512605252
721,512605024
722,511943751
723,511942930
724,511941761
725,511940689
726,7103603
727,7103382
728,7102655
729,7102304
730,511853642
731,511852847
732,7099308
733,7099066
734,511851014
735,1196671
736,511850132
737,1196627
738,7096435
739,7092614
740,7091793
741,7091538
742,7093823
743,7090104
744,7089953
745,7093416
746,7092956
747,7092845
748,7092740
749,7092540
750,7088272
751,511776985
752,511776250
753,7076263
754,7079883
755,7075633
756,7079016
757,511752187
758,511727352
759,511726844
760,511726345
761,511725799
762,511703615
763,511702797
764,7062929
765,511702548
766,511702247
767,7058205
768,7058019
769,511701602
770,7062551
771,7050766
772,7055510
773,7055343
774,7055173
775,511670282
776,511669212
777,511668130
778,511667734
779,7014143
780,1185242
781,7013874
782,7020274
783,7012428
784,1185015
785,7018717
786,7018578
787,511529621
788,511528222
789,511525858
790,511521410
791,7009535
792,7016023
793,511511922
794,511510346
795,7003919
796,7003823
797,7003722
798,7003608
799,6545041
800,6544798
801,6544323
802,6563024
803,1118558
804,6553959
805,509935414
806,6547177
807,509934285
808,509933033
809,509931881
810,509931215
811,509930960
812,509930297
813,6526364
814,509930220
815,6526209
816,509929384
817,509929360
818,6545722
819,6545692
820,6525948
821,509928666
822,6545537
823,509928408
824,509928375
825,6525625
826,509898019
827,509896540
828,509895679
829,509895083
830,509735503
831,509734829
832,509733839
833,509733080
834,509480159
835,509479214
836,509478335
837,509476907
Total Records Reject 227 
