Total Records Added 1137 
#.,ID
0,530273560
1,12484183
2,12483949
3,12388751
4,12219567
5,12387976
6,12387796
7,12387629
8,529530376
9,529529658
10,529528964
11,529527700
12,12349835
13,12349674
14,12182024
15,12181826
16,12348813
17,12181118
18,12348307
19,12348125
20,12347909
21,12347710
22,12180261
23,12347493
24,12175922
25,12175690
26,12342815
27,12175366
28,12339888
29,12172561
30,12172444
31,12172160
32,12337594
33,12170221
34,12169907
35,12158678
36,12325223
37,12325141
38,12158428
39,12156511
40,12321382
41,12320471
42,529317939
43,529317360
44,1907856
45,529316865
46,529316242
47,529264551
48,529264079
49,529263530
50,529263019
51,529260280
52,529259447
53,529258672
54,12138994
55,12303156
56,12137716
57,12302842
58,12302721
59,12136640
60,12301620
61,529245989
62,529245196
63,529243564
64,529243078
65,529242475
66,529241760
67,529232416
68,529231663
69,529231055
70,1904864
71,529230048
72,12132598
73,12132351
74,12296859
75,529208574
76,529207678
77,529205994
78,529204759
79,529194360
80,529193824
81,12123554
82,12120266
83,12120000
84,12283739
85,12283389
86,12118645
87,529173995
88,529173255
89,529172655
90,529172459
91,12118180
92,12118162
93,529171997
94,529171976
95,12118008
96,529171191
97,529170667
98,12281647
99,12281498
100,12281485
101,12281210
102,12117270
103,12116772
104,12280540
105,12116199
106,12116047
107,12279839
108,12278833
109,529159353
110,12114744
111,529158625
112,529157835
113,529156791
114,12277112
115,12276985
116,1901468
117,12272219
118,12108586
119,12271913
120,12271904
121,12271770
122,12108040
123,12107907
124,529092682
125,12260262
126,529091360
127,12259862
128,12259614
129,12096728
130,12096518
131,1899715
132,12258719
133,12258578
134,529085108
135,12255598
136,12255466
137,12092988
138,12254963
139,529066135
140,529065488
141,529064780
142,529063650
143,12250123
144,12087425
145,12086868
146,12083788
147,12245433
148,12083374
149,12244944
150,529028269
151,529027724
152,529027192
153,529026567
154,529005912
155,529004041
156,529002461
157,528997283
158,528994121
159,528993569
160,528992915
161,528989374
162,528987552
163,528987024
164,528986558
165,528985852
166,528982392
167,528981634
168,528981154
169,528980614
170,12066043
171,1895485
172,12226347
173,12065529
174,12065512
175,1895398
176,12225616
177,12225391
178,12221986
179,1894870
180,1894856
181,1894846
182,528932373
183,528931593
184,528931039
185,528930347
186,528929354
187,12051428
188,12051254
189,12210434
190,12050828
191,12049496
192,12049181
193,12049097
194,12208336
195,528875212
196,528684466
197,528683736
198,528683211
199,528682622
200,11872896
201,11721694
202,11843574
203,11693547
204,527638942
205,527638750
206,11692023
207,527637827
208,11681446
209,11681276
210,11681148
211,11830136
212,527585860
213,527585143
214,11678699
215,11827679
216,12254963
217,529065488
218,11826934
219,11826836
220,529064780
221,527577752
222,12250123
223,11677643
224,11677634
225,528992915
226,11826588
227,11677504
228,11677235
229,11676905
230,527573159
231,1840195
232,11824478
233,11675233
234,11823881
235,11674860
236,1839968
237,11674334
238,11674119
239,11822886
240,11822824
241,11822807
242,11822761
243,11822642
244,528931593
245,11673793
246,11673721
247,11673508
248,11822151
249,11821283
250,527554947
251,527554552
252,527554177
253,527553685
254,11818837
255,11818539
256,527542958
257,527540965
258,527540600
259,527540263
260,11668555
261,11814844
262,11666231
263,527524495
264,527523503
265,527513662
266,527513192
267,11810127
268,12050828
269,527512771
270,527512342
271,527512316
272,11661207
273,11661019
274,11809140
275,11660668
276,11806687
277,11658236
278,11657194
279,11657064
280,11656950
281,11656767
282,527492067
283,527490269
284,527489167
285,527487989
286,527482502
287,527481256
288,527480749
289,527480228
290,11651816
291,527473090
292,11650575
293,527468734
294,527461004
295,527460180
296,11796195
297,527459756
298,527459627
299,527459577
300,11648158
301,527459065
302,11648037
303,527458714
304,527458583
305,527458401
306,527457988
307,527457795
308,527457477
309,527457094
310,527456962
311,527456861
312,527456698
313,527456285
314,527455801
315,11645760
316,11793138
317,11645243
318,11788400
319,11788210
320,11639884
321,1835259
322,11638496
323,527422263
324,527421318
325,11785364
326,527418502
327,527417948
328,11637041
329,11783579
330,11783413
331,11635619
332,11783098
333,527407126
334,527401500
335,527400654
336,527400620
337,527400041
338,527398689
339,527397568
340,527396923
341,11777531
342,11629976
343,11777135
344,11776941
345,527380067
346,527379544
347,527379044
348,527378476
349,11622262
350,11769296
351,1832866
352,11768906
353,527359248
354,527356040
355,527353970
356,527352911
357,527352294
358,527351909
359,527351511
360,527350538
361,11759601
362,11612699
363,11759080
364,11612262
365,11758528
366,11611617
367,11611534
368,11757897
369,11611317
370,11756228
371,11755969
372,11608351
373,11754516
374,11607812
375,11607722
376,11607642
377,11607530
378,11607448
379,1830566
380,11604675
381,11750683
382,11604343
383,11593643
384,11593399
385,11592958
386,11738154
387,11590691
388,11735773
389,11735438
390,11590113
391,527193770
392,527190750
393,527188584
394,527187452
395,527186010
396,11718360
397,11574148
398,11717932
399,11717560
400,526085715
401,526084888
402,526082084
403,526081599
404,526075123
405,526074787
406,1779203
407,526074071
408,526073470
409,526072915
410,526072844
411,526072490
412,526072247
413,526069467
414,526069041
415,526057468
416,526053819
417,526052829
418,526051876
419,1778344
420,11235509
421,11366404
422,11366235
423,11229943
424,11365890
425,11227985
426,11363842
427,11227853
428,11363748
429,11363595
430,11227581
431,11363241
432,11362883
433,526012617
434,526011808
435,526011154
436,526010619
437,526001183
438,11358320
439,11358186
440,11222640
441,11357945
442,11353309
443,11353163
444,525972954
445,525971682
446,525970428
447,525969612
448,11215274
449,11215055
450,11349869
451,11214586
452,11349502
453,11214381
454,11349203
455,11349032
456,525947587
457,525947169
458,525946552
459,11208381
460,525936817
461,525936396
462,1774453
463,11200752
464,11200590
465,11333784
466,11197023
467,525892411
468,525891085
469,525890206
470,525888976
471,11327516
472,11194697
473,11194551
474,11326945
475,11193935
476,11326316
477,11326100
478,11193344
479,525872290
480,525871645
481,525870745
482,525869811
483,525869257
484,525868736
485,525867281
486,525865379
487,525863218
488,525862350
489,525858897
490,525858440
491,525858083
492,525857399
493,11186750
494,11186559
495,11186547
496,11186420
497,11318370
498,11318289
499,11186076
500,11185999
501,11185787
502,525842209
503,525841615
504,11182961
505,525841290
506,525841050
507,525840413
508,525840014
509,11182590
510,525840005
511,525839880
512,525839456
513,525839159
514,525838872
515,525836082
516,525835655
517,525835441
518,525834972
519,11181079
520,11180942
521,525829529
522,525829025
523,11311204
524,525828626
525,11311045
526,525828218
527,11310954
528,11310864
529,525819931
530,525819523
531,525818970
532,525818750
533,525818434
534,525817702
535,525817605
536,525817360
537,525816857
538,525816584
539,11175768
540,11306620
541,11306146
542,11174839
543,525789662
544,525789107
545,525788421
546,525787658
547,525744356
548,525743754
549,525743092
550,525742343
551,525735528
552,525734991
553,525734323
554,525733359
555,525732783
556,11277119
557,11276814
558,11276512
559,11147595
560,11143617
561,11143495
562,11143319
563,11271364
564,11142933
565,11271061
566,11270592
567,11142387
568,11142298
569,1765780
570,11270226
571,11270180
572,11270016
573,525657414
574,525656851
575,11254201
576,525621418
577,11127070
578,11126557
579,11253086
580,525540467
581,525539939
582,525539471
583,525538713
584,525286508
585,525285903
586,525284744
587,525282634
588,524784837
589,524783815
590,524782839
591,524781464
592,10975263
593,1725652
594,10974512
595,10974285
596,10843763
597,10957893
598,10841879
599,10955995
600,10948421
601,10948041
602,10832750
603,10947581
604,10832318
605,10947337
606,524681631
607,10832093
608,10946747
609,10830298
610,10830147
611,10829973
612,10944718
613,10941115
614,10940403
615,10824031
616,10823742
617,10920231
618,10806660
619,10919889
620,10806313
621,10917893
622,10804148
623,1717901
624,10803540
625,10907576
626,524533340
627,524532605
628,10905437
629,1716391
630,10904802
631,10904614
632,524528358
633,1715912
634,10901010
635,10900811
636,10900452
637,524510603
638,524506494
639,10785460
640,10897130
641,524493854
642,524493240
643,524492384
644,524491759
645,524490829
646,524489688
647,524488535
648,524482112
649,524481632
650,524481045
651,524480366
652,10891655
653,1714674
654,524359022
655,524358475
656,524357358
657,10745714
658,10853392
659,10745408
660,10745228
661,524325683
662,524310634
663,524310164
664,524309787
665,524309369
666,10842516
667,1708546
668,10841885
669,524286532
670,10730374
671,10729521
672,10836131
673,1707755
674,10835762
675,10834550
676,10834355
677,10834163
678,10834022
679,524254745
680,524253397
681,10830114
682,10829864
683,524252397
684,10829632
685,1706808
686,10828844
687,10722268
688,10828481
689,10828080
690,10721604
691,10721568
692,10721442
693,1706640
694,10827542
695,10721075
696,10827168
697,524230872
698,524229662
699,524225462
700,524224656
701,10715376
702,10821226
703,10715028
704,10714901
705,524219504
706,524218906
707,524218323
708,524218271
709,524217663
710,524216295
711,524215479
712,524197357
713,524196849
714,524196222
715,524195727
716,10808858
717,10703361
718,524178611
719,524177973
720,10703054
721,10808173
722,524175157
723,524174354
724,524174328
725,524173558
726,524172709
727,524172060
728,524170413
729,10700362
730,10697924
731,10696652
732,10801423
733,10801215
734,10801078
735,524133806
736,524132138
737,524132080
738,524131380
739,524130673
740,524129823
741,524128154
742,524127436
743,524090472
744,524088853
745,524087011
746,524085857
747,10666212
748,10769396
749,10769239
750,10665770
751,10767206
752,524029698
753,10663574
754,10663490
755,524005284
756,524003990
757,523869076
758,523866737
759,523866092
760,523865041
761,523864453
762,523863718
763,523526469
764,523526098
765,523525662
766,10384970
767,10384566
768,1645803
769,10286237
770,10322681
771,10322145
772,10226806
773,10226660
774,522518536
775,522517908
776,522517101
777,522509758
778,8930569
779,8838096
780,8837753
781,1438711
782,8836857
783,8830054
784,1437470
785,8826811
786,8826632
787,8826096
788,8853568
789,517823537
790,517822711
791,8852958
792,8793940
793,8851925
794,8850695
795,8850480
796,1432022
797,8790821
798,517749295
799,517572048
800,517571373
801,517570797
802,517570243
803,8732365
804,8787276
805,8787064
806,8786742
807,8728699
808,8782586
809,8727612
810,8715217
811,8715030
812,517486784
813,8714769
814,8768684
815,8714578
816,517485364
817,8714471
818,8714312
819,517484362
820,8714048
821,517483130
822,517482117
823,8766767
824,8712873
825,8712640
826,8712460
827,517470015
828,8710368
829,8710279
830,8763868
831,517467649
832,517467431
833,517466044
834,517465853
835,517464602
836,517463425
837,517463121
838,517462385
839,517461143
840,517458703
841,8761495
842,517458238
843,517455855
844,8707187
845,8706631
846,8706512
847,517445501
848,517442931
849,517441056
850,8755748
851,517435232
852,517434894
853,517433885
854,517433121
855,8695841
856,1418334
857,517405254
858,8747878
859,517404515
860,8694893
861,517367444
862,517366997
863,517366471
864,517365975
865,8734537
866,8682654
867,8682541
868,8682411
869,517334747
870,517333600
871,517332889
872,517332317
873,517323089
874,517321612
875,517320766
876,517318776
877,517317968
878,517317193
879,517316388
880,8722503
881,8671142
882,8666355
883,8666216
884,8716948
885,8716796
886,517295737
887,517295225
888,517294658
889,8715680
890,8664710
891,1414016
892,8714970
893,8664173
894,8714725
895,1413946
896,8663551
897,1413874
898,1413853
899,8713655
900,8713495
901,517284958
902,517284238
903,517282926
904,517282132
905,517260890
906,517259678
907,517259088
908,517258524
909,517191311
910,8637787
911,8637629
912,8637488
913,8632284
914,8680469
915,8672598
916,8672420
917,8672280
918,8672129
919,517126816
920,517125982
921,517125145
922,517123083
923,8663904
924,8616875
925,8663393
926,8663186
927,517084670
928,517083995
929,517083344
930,517082446
931,517079192
932,8601993
933,8601906
934,517044849
935,1405650
936,8646917
937,517043657
938,517042569
939,517040745
940,516811088
941,516810179
942,516809220
943,516808282
944,515875351
945,8269232
946,8228275
947,8268631
948,1354761
949,8267834
950,515783488
951,515782820
952,515781319
953,515780541
954,8232316
955,8193495
956,8192482
957,8191585
958,515725327
959,8229860
960,515724102
961,515722936
962,8229247
963,515720790
964,8189757
965,8228097
966,8189460
967,8227751
968,515706166
969,515705394
970,8184350
971,8222430
972,8183961
973,8183883
974,8221941
975,8221793
976,8183398
977,515688982
978,515687976
979,515687331
980,515686747
981,8181470
982,515684660
983,515684003
984,515682806
985,515682005
986,8176572
987,8174005
988,8211509
989,515656078
990,8173365
991,515654200
992,515651016
993,1345755
994,8163572
995,8200236
996,8199856
997,8162472
998,8162182
999,515610854
1000,515610019
1001,515609278
1002,8198484
1003,515606814
1004,8195731
1005,8195564
1006,1344985
1007,8195208
1008,515549284
1009,515548334
1010,8145544
1011,515547108
1012,8181077
1013,8180903
1014,8145067
1015,515545709
1016,515541854
1017,515541390
1018,515540953
1019,515540336
1020,515539137
1021,8143206
1022,515536263
1023,8177684
1024,515504198
1025,515503704
1026,515503298
1027,515502783
1028,515499571
1029,515498145
1030,515497332
1031,515496610
1032,515470159
1033,515469635
1034,515469110
1035,515468666
1036,8153863
1037,8119674
1038,1339534
1039,8153207
1040,515447670
1041,8118040
1042,515445640
1043,8117821
1044,515444605
1045,8151514
1046,515443942
1047,8117407
1048,515443285
1049,8150837
1050,515442135
1051,8116918
1052,515441653
1053,8116796
1054,515441168
1055,515429506
1056,515428826
1057,515427410
1058,515426753
1059,8110438
1060,8143624
1061,8143499
1062,515416645
1063,515415728
1064,8109740
1065,515415092
1066,1338103
1067,515414425
1068,8109009
1069,8142280
1070,8141931
1071,8137822
1072,1337406
1073,8104338
1074,8104192
1075,8137372
1076,8136946
1077,8136663
1078,8135818
1079,515388968
1080,515388326
1081,8135246
1082,8134951
1083,8134748
1084,8101402
1085,8134307
1086,8101186
1087,8134202
1088,8134110
1089,8133994
1090,515365815
1091,515365278
1092,515364824
1093,515364356
1094,515352725
1095,515351651
1096,8085806
1097,515324387
1098,1334768
1099,8111278
1100,1334083
1101,8110860
1102,8110734
1103,515299207
1104,515297289
1105,515296529
1106,515295276
1107,515292740
1108,515291695
1109,515290797
1110,515289959
1111,8068157
1112,8068036
1113,1332570
1114,8098680
1115,8097200
1116,8097004
1117,8065970
1118,8096594
1119,1332277
1120,8065604
1121,8096143
1122,8096009
1123,515142498
1124,515141592
1125,515140164
1126,515139097
1127,515068252
1128,515067065
1129,515066116
1130,515065216
1131,1326154
1132,514907050
1133,514764682
1134,514763719
1135,514762958
1136,514761924
Total Records Reject 270 
