Total Records Added 3708 
#.,ID
0,654238
1,637371
2,653684
3,653502
4,202634
5,633626
6,650197
7,489841050
8,489840730
9,489840155
10,489839597
11,489839010
12,648653
13,647054
14,201528
15,201492
16,646547
17,201421
18,645036
19,644911
20,644629
21,644483
22,200757
23,643835
24,626276
25,626119
26,626006
27,643119
28,643070
29,642821
30,625224
31,200352
32,638307
33,620477
34,489794622
35,620222
36,489794239
37,489793776
38,489793352
39,619551
40,637024
41,619214
42,618906
43,489771229
44,489769914
45,489769083
46,489767904
47,489752112
48,489745017
49,489744575
50,489744070
51,489743457
52,489733973
53,489733326
54,489732855
55,489732478
56,489709715
57,489709211
58,489708443
59,489707786
60,489676924
61,489676254
62,489675740
63,489675172
64,585081
65,584952
66,604696
67,604287
68,190170
69,583393
70,603118
71,582950
72,602758
73,582502
74,489654710
75,602263
76,602159
77,600379
78,579943
79,579297
80,599494
81,565074
82,586047
83,564607
84,564459
85,489572545
86,489571637
87,489571094
88,489570117
89,489559580
90,489507536
91,489506919
92,489505940
93,489472958
94,489385397
95,489384826
96,489384200
97,489383474
98,489358767
99,489357199
100,489356182
101,489355250
102,489354240
103,489353733
104,489353212
105,489352606
106,99505
107,488373560
108,180209
109,186747
110,179806
111,186305
112,174068
113,173689
114,180286
115,173203
116,179145
117,170718
118,488208008
119,170111
120,169819
121,176109
122,175882
123,175706
124,169083
125,175577
126,488203357
127,81370
128,175323
129,488199876
130,488198968
131,173706
132,173627
133,173524
134,167032
135,80764
136,166813
137,173187
138,166618
139,171996
140,165466
141,171621
142,165072
143,164866
144,171052
145,163882
146,163749
147,169031
148,168044
149,488176335
150,488175760
151,488175108
152,488174520
153,488164146
154,488163662
155,488163153
156,488162596
157,162388
158,156042
159,155852
160,77492
161,161940
162,161680
163,160855
164,154096
165,153841
166,159889
167,158717
168,152135
169,158305
170,76406
171,151628
172,157769
173,488137141
174,488135224
175,488134397
176,488133966
177,488133237
178,488132250
179,488130969
180,488129021
181,153318
182,152952
183,147151
184,146907
185,74382
186,146468
187,488118170
188,488117663
189,488117161
190,488116627
191,488107786
192,488107152
193,488106544
194,488105901
195,488104242
196,488103756
197,488103232
198,488102778
199,72374
200,145705
201,145681
202,141497
203,72234
204,141348
205,141339
206,145216
207,140355
208,140201
209,143691
210,143505
211,71496
212,143262
213,488089834
214,139265
215,488084047
216,488083425
217,488082569
218,488081905
219,139702
220,139395
221,139139
222,138817
223,69973
224,137303
225,488070178
226,488069644
227,488068152
228,488067278
229,488064557
230,488063941
231,488063115
232,488062450
233,488057127
234,488056467
235,488055823
236,488054692
237,488047902
238,488047449
239,488047025
240,488046250
241,488044372
242,488043756
243,488043729
244,488043159
245,488042541
246,488042438
247,488041603
248,152135
249,488040725
250,488023378
251,488022775
252,488022027
253,488021675
254,488021283
255,488020542
256,488020325
257,488019772
258,488018589
259,488018507
260,488018091
261,488017584
262,488016977
263,487987205
264,487986549
265,113130
266,115615
267,487985859
268,487985062
269,112569
270,112403
271,104512
272,104485
273,59115
274,487953810
275,59076
276,487953343
277,104192
278,58975
279,103289
280,107451
281,102990
282,58583
283,100877
284,100772
285,55909
286,55768
287,91379
288,91224
289,83400
290,90848
291,73510
292,82093
293,81716
294,71399
295,51588
296,51356
297,51094
298,50741
299,283293
300,364948
301,364647
302,364373
303,171507
304,171403
305,170966
306,170822
307,214192
308,152659
309,486580041
310,486578446
311,486577551
312,486576653
313,486529882
314,486526696
315,192686
316,192253
317,192097
318,486507654
319,486506981
320,486506250
321,486504912
322,185109
323,125926
324,486487308
325,125507
326,129610
327,129489
328,129401
329,183581
330,486480012
331,486467330
332,486466703
333,486428563
334,486427847
335,486426979
336,486426202
337,114665
338,166670
339,166521
340,114013
341,486407026
342,486397010
343,486393357
344,110133
345,110058
346,159861
347,111181
348,486374638
349,486373662
350,93592
351,96070
352,137029
353,136598
354,136364
355,136325
356,136108
357,91954
358,486315688
359,486315111
360,486314261
361,486313615
362,133963
363,90462
364,133446
365,486310029
366,133075
367,486309229
368,133006
369,132789
370,132577
371,486307676
372,132320
373,486306170
374,486300273
375,486299739
376,486299269
377,486298846
378,85507
379,85302
380,126624
381,486286679
382,125291
383,486286129
384,486285692
385,486285187
386,83328
387,486283154
388,83028
389,486282464
390,486282385
391,123610
392,486281794
393,87659
394,486281038
395,82526
396,87506
397,87434
398,486257189
399,486256589
400,486255988
401,486255057
402,486247664
403,486246531
404,80482
405,486245791
406,486245542
407,486245267
408,486244841
409,486244731
410,486244300
411,110924
412,486243644
413,79922
414,486243101
415,486233943
416,486232852
417,486232234
418,70213
419,77243
420,486231308
421,70028
422,486230638
423,77042
424,106156
425,105665
426,76187
427,104298
428,68226
429,67994
430,486221891
431,486221483
432,486221023
433,486220624
434,73466
435,72980
436,486204635
437,486204255
438,97114
439,486203857
440,96939
441,486203322
442,62695
443,71029
444,93423
445,93168
446,92960
447,92707
448,486179189
449,486177772
450,486176796
451,486175643
452,56670
453,65056
454,86916
455,86800
456,64934
457,56354
458,64847
459,86501
460,64655
461,55951
462,85881
463,85647
464,64200
465,85503
466,55519
467,85258
468,80547
469,80422
470,52489
471,60600
472,77608
473,50807
474,58734
475,76743
476,58421
477,486125994
478,486125319
479,486124673
480,486124030
481,70381
482,54065
483,46430
484,46367
485,486087798
486,486076585
487,486076089
488,486075662
489,486075123
490,486055585
491,486054730
492,486054142
493,486053142
494,486005784
495,486005120
496,486004442
497,486003808
498,26386
499,25957
500,485162259
501,485160918
502,10727686
503,11571704
504,10727397
505,11571079
506,11566343
507,10723190
508,9836003
509,11565163
510,11563709
511,9834036
512,484658230
513,484657570
514,10714128
515,484656057
516,10714022
517,11554262
518,10713882
519,10713764
520,484654436
521,11553869
522,11548333
523,11548077
524,9824755
525,10709069
526,10708676
527,11546934
528,10708328
529,9824040
530,9823974
531,11546529
532,9823870
533,484623971
534,10707962
535,484621015
536,484620165
537,11543784
538,10705879
539,10703677
540,11538239
541,11538010
542,10701419
543,484590504
544,10701321
545,10698462
546,10698164
547,9815118
548,9814995
549,10697376
550,11532211
551,11531927
552,10696203
553,11530977
554,10695949
555,10695796
556,11529099
557,484543970
558,484543356
559,484542759
560,10691341
561,10691287
562,11524474
563,11524025
564,9809209
565,11522759
566,484530314
567,11521130
568,11520977
569,10688385
570,11520861
571,11520734
572,10688229
573,10688145
574,484521684
575,484521218
576,484520848
577,484520470
578,11518896
579,11518750
580,11518524
581,11518294
582,484516340
583,484515514
584,484514804
585,484514097
586,484512455
587,484511627
588,484509603
589,484509192
590,484508718
591,484508282
592,10684104
593,10683961
594,9803313
595,10682558
596,11514078
597,10682359
598,9802014
599,10682216
600,10682136
601,9801720
602,11513335
603,11512935
604,10680624
605,9800332
606,484490321
607,484489968
608,484489852
609,484489399
610,9800063
611,484489369
612,484488911
613,484488796
614,484488317
615,484484962
616,484484623
617,484484204
618,484483697
619,484483553
620,10678104
621,11509183
622,10677614
623,484478773
624,484478014
625,484477310
626,484476651
627,11507703
628,11507586
629,10676161
630,10676020
631,10675903
632,484468023
633,484467492
634,484466942
635,484466354
636,10674172
637,11505242
638,9794922
639,10673850
640,484459934
641,11504161
642,9794044
643,11503938
644,10672738
645,9792198
646,9791953
647,9791768
648,484446295
649,11500747
650,484444924
651,484444179
652,484440964
653,484440337
654,484439571
655,484438721
656,484435136
657,11498097
658,484434573
659,484434101
660,484433557
661,10666967
662,10666869
663,10666766
664,484423419
665,484422587
666,484421918
667,484421026
668,484406040
669,484405575
670,484405194
671,484404663
672,11488558
673,11488423
674,11488301
675,11488162
676,9777528
677,9777452
678,10653128
679,9776192
680,484324246
681,484322322
682,484321401
683,484320408
684,484319488
685,10631612
686,10631504
687,10631418
688,10631306
689,484239748
690,484239037
691,484238179
692,484237217
693,10617181
694,9745793
695,484181970
696,484181197
697,484180366
698,484179676
699,10669505
700,480849117
701,9533754
702,10350972
703,9531735
704,10349215
705,8719879
706,8719624
707,10320674
708,8696036
709,9504368
710,10320195
711,479750536
712,479749905
713,479749044
714,479707566
715,8672945
716,8672905
717,8672771
718,10291771
719,10291620
720,9477680
721,10291173
722,479657228
723,479656858
724,479656477
725,479656125
726,8665704
727,8665593
728,9469622
729,10282921
730,479646094
731,10279027
732,9465643
733,9465325
734,9464672
735,9464410
736,9464279
737,479630856
738,8660770
739,9463962
740,10277011
741,8660351
742,479618728
743,479616013
744,10271327
745,9458063
746,9458060
747,10271030
748,8655610
749,8655415
750,10270508
751,9457412
752,9457289
753,9456688
754,9456530
755,10268994
756,479589744
757,479589222
758,479588753
759,479588315
760,9451944
761,9451857
762,9451773
763,9451682
764,479573902
765,479573426
766,479572903
767,479572330
768,8648588
769,10262168
770,8648206
771,479567659
772,8647923
773,479567628
774,479567012
775,479566601
776,479566361
777,10261184
778,9448581
779,479565277
780,479563686
781,8647066
782,9447804
783,479561051
784,8646650
785,479560310
786,479559638
787,479558971
788,10258114
789,8644963
790,9445585
791,10257884
792,10257731
793,10257527
794,8642938
795,9443173
796,9443055
797,10255022
798,9439605
799,10251447
800,8639276
801,10250877
802,8638956
803,8638200
804,8638060
805,8637907
806,10249340
807,9436306
808,9436062
809,9435703
810,9435444
811,479493302
812,479492601
813,479492402
814,479492023
815,479491764
816,479491533
817,479490985
818,479489816
819,8631334
820,8631244
821,10241243
822,10241129
823,8629247
824,10238720
825,10238606
826,8628909
827,479471000
828,479470143
829,479467144
830,479466642
831,479466228
832,10235762
833,8626501
834,8626412
835,8626340
836,9424283
837,8626226
838,9424151
839,10234994
840,10231819
841,10231483
842,10231359
843,10231002
844,9420061
845,479444102
846,479443423
847,479442402
848,479441824
849,8619452
850,10226786
851,9416089
852,479426442
853,10226584
854,10226500
855,479421662
856,479421010
857,479420714
858,479419902
859,479419638
860,479418457
861,479415335
862,479413815
863,479413395
864,479413017
865,479412629
866,10209417
867,10209253
868,8604886
869,10208941
870,479348134
871,479347211
872,479345776
873,479332366
874,479330474
875,479329495
876,479316605
877,479315951
878,479315268
879,479314578
880,9391242
881,10200038
882,10199914
883,10199778
884,479309295
885,479308561
886,479308016
887,479307523
888,479226222
889,479225491
890,479224027
891,479222695
892,479032101
893,479031425
894,479030162
895,479029548
896,9896828
897,9083305
898,477995332
899,9060452
900,9855343
901,8301267
902,9060083
903,8300455
904,477936619
905,9852840
906,477935964
907,477935257
908,9852486
909,477934222
910,9057599
911,9054790
912,9053554
913,9847876
914,9845199
915,8292834
916,9050586
917,8292546
918,8292368
919,9050127
920,8292235
921,9844119
922,9049868
923,9049538
924,9843553
925,8291445
926,477879531
927,477878725
928,477877359
929,477866707
930,9040690
931,9833803
932,477852620
933,9040173
934,8283002
935,8282005
936,8281796
937,8281650
938,9831532
939,477842928
940,477842279
941,9036203
942,8279530
943,8279447
944,8279314
945,9827676
946,8278210
947,9827225
948,9827213
949,9034094
950,9826820
951,9826651
952,8277249
953,9826226
954,8277065
955,477819712
956,477819091
957,477819000
958,9032977
959,477818596
960,477818537
961,477818180
962,8276710
963,477818077
964,477817628
965,8276535
966,9825386
967,9032286
968,8275919
969,9824381
970,9823107
971,8274463
972,8274331
973,9822684
974,9822193
975,9029086
976,9028773
977,8272776
978,477789690
979,9026460
980,477788994
981,9026315
982,477787873
983,477787811
984,9818333
985,477787559
986,9025948
987,477787099
988,9818141
989,477786665
990,9025815
991,9025796
992,8270180
993,9817898
994,9025527
995,8270074
996,477784828
997,477784620
998,477784009
999,477783898
1000,9817266
1001,477783239
1002,9817093
1003,477782394
1004,9816937
1005,8269294
1006,9816754
1007,8269215
1008,8269095
1009,9816575
1010,8269010
1011,9024301
1012,477779616
1013,477779016
1014,477778519
1015,477778066
1016,8266713
1017,9021774
1018,9813616
1019,9021531
1020,477766990
1021,477766421
1022,477765754
1023,9020773
1024,9812519
1025,9020554
1026,477758824
1027,477757302
1028,477756916
1029,477756189
1030,477756060
1031,477755656
1032,477754972
1033,477748588
1034,477747706
1035,477747105
1036,477746635
1037,477737421
1038,8260279
1039,477736737
1040,9806111
1041,477736435
1042,477736184
1043,9014536
1044,9806000
1045,477735726
1046,477735624
1047,9805920
1048,9014350
1049,8259824
1050,477734597
1051,8259731
1052,8259641
1053,8259628
1054,9805434
1055,477733144
1056,9013944
1057,9805284
1058,8259482
1059,477732585
1060,8259422
1061,477731964
1062,9012204
1063,9012105
1064,9803153
1065,8257702
1066,477721456
1067,477698659
1068,477698002
1069,477697333
1070,9006296
1071,477696666
1072,8252483
1073,9005967
1074,477690248
1075,477689247
1076,477688403
1077,477687815
1078,477687150
1079,477686871
1080,477686428
1081,477685538
1082,477685052
1083,9001147
1084,9791264
1085,8248077
1086,8247987
1087,477654086
1088,477653485
1089,477652746
1090,477652246
1091,477652079
1092,477651303
1093,477651073
1094,477650430
1095,477649366
1096,477648768
1097,9770022
1098,9769937
1099,9769813
1100,477398996
1101,477398470
1102,477397850
1103,477397192
1104,477355153
1105,477354622
1106,477354091
1107,477353490
1108,476446345
1109,476444613
1110,476443643
1111,476442705
1112,9475308
1113,9475197
1114,9475100
1115,8694932
1116,7961258
1117,9448756
1118,8669699
1119,9448410
1120,9437264
1121,476202051
1122,476201400
1123,476201123
1124,476200520
1125,476199400
1126,476180449
1127,476179688
1128,476178578
1129,476177316
1130,476174471
1131,476174065
1132,476173630
1133,476172661
1134,9429244
1135,7943082
1136,9417950
1137,8640927
1138,9417091
1139,9416821
1140,476092663
1141,476092225
1142,476091686
1143,8628262
1144,9403638
1145,9402690
1146,9402571
1147,8626834
1148,476047133
1149,8626746
1150,7929827
1151,8625333
1152,9400400
1153,9400108
1154,7928276
1155,476033541
1156,476025057
1157,7925923
1158,9396251
1159,476020339
1160,476019168
1161,476018121
1162,476013315
1163,476005449
1164,476004954
1165,476004519
1166,476003954
1167,9390498
1168,9390241
1169,7921607
1170,475994333
1171,8614966
1172,475993441
1173,9388034
1174,8613373
1175,7920101
1176,9387441
1177,9385989
1178,8611509
1179,8609661
1180,7915905
1181,475958310
1182,8606208
1183,475957802
1184,7915757
1185,475957242
1186,7915618
1187,475956315
1188,475954939
1189,475954709
1190,475954240
1191,475954237
1192,475953623
1193,475953613
1194,475952962
1195,475952847
1196,475951950
1197,9375987
1198,9375786
1199,475945415
1200,9375331
1201,475944888
1202,475944859
1203,7913703
1204,8602841
1205,8602825
1206,475944340
1207,8602790
1208,475944214
1209,7913571
1210,475943855
1211,8602605
1212,8602549
1213,475943292
1214,475943207
1215,475942666
1216,8602362
1217,475942110
1218,9374392
1219,9374272
1220,475941517
1221,9374103
1222,8601831
1223,9373773
1224,8601576
1225,475938155
1226,475937581
1227,475937013
1228,475936410
1229,475928440
1230,475927178
1231,7910537
1232,9369365
1233,7910422
1234,7910354
1235,475919952
1236,8596602
1237,7909602
1238,9367747
1239,475919071
1240,7909500
1241,475918438
1242,8596153
1243,8596143
1244,475917804
1245,9367219
1246,9367187
1247,7908959
1248,475913383
1249,475912282
1250,475911670
1251,9362899
1252,7906743
1253,475901110
1254,475900494
1255,7906590
1256,475899800
1257,8591602
1258,475899059
1259,7905584
1260,9360034
1261,9359721
1262,7905150
1263,9359492
1264,9359230
1265,8588917
1266,9358556
1267,9349581
1268,8580878
1269,9349275
1270,8580571
1271,475849356
1272,475848728
1273,475848159
1274,475847533
1275,7897976
1276,9346175
1277,8577938
1278,8577802
1279,7897648
1280,8577587
1281,8577481
1282,9345371
1283,475838301
1284,475837785
1285,7893327
1286,8570513
1287,8570386
1288,8570238
1289,475808117
1290,475807473
1291,475806632
1292,475805829
1293,475767818
1294,475767612
1295,475766899
1296,475766469
1297,9325304
1298,475765672
1299,475764780
1300,475764610
1301,8547888
1302,8547784
1303,9311558
1304,7877097
1305,9303313
1306,7871330
1307,9302989
1308,8539464
1309,475638494
1310,475637827
1311,475637253
1312,475636621
1313,7866866
1314,8533808
1315,8533656
1316,7866606
1317,7866520
1318,8517065
1319,475548879
1320,475548213
1321,475547576
1322,475547062
1323,475491825
1324,475491005
1325,475490323
1326,475489460
1327,474924939
1328,474924287
1329,474923630
1330,474922472
1331,8996614
1332,7645815
1333,474357102
1334,474356046
1335,7607823
1336,8942115
1337,8188275
1338,8188114
1339,8184276
1340,8183909
1341,8183746
1342,8936811
1343,7598979
1344,8929091
1345,8175924
1346,8175221
1347,474237803
1348,474237222
1349,474236389
1350,474235454
1351,474234594
1352,474234091
1353,474233616
1354,474232999
1355,8925357
1356,8925242
1357,8925111
1358,8172260
1359,8924959
1360,7595613
1361,8924567
1362,8924424
1363,8171555
1364,8171350
1365,7595010
1366,8923090
1367,8170014
1368,8169893
1369,8169612
1370,7593635
1371,7593505
1372,8169174
1373,7593007
1374,7592836
1375,8920440
1376,7592282
1377,474212347
1378,474211781
1379,474210771
1380,474210062
1381,8164161
1382,8164031
1383,8915359
1384,8915270
1385,7588513
1386,8162639
1387,8162445
1388,8914674
1389,8914417
1390,8152444
1391,8904213
1392,474164282
1393,474163619
1394,474163104
1395,474162915
1396,474162818
1397,474162586
1398,474162267
1399,474161609
1400,474160706
1401,8149840
1402,8149684
1403,8901353
1404,8900995
1405,8148839
1406,474154839
1407,474149556
1408,474148862
1409,8146283
1410,474148168
1411,8898031
1412,474147486
1413,474147448
1414,474145277
1415,474144822
1416,7574922
1417,474144224
1418,474143987
1419,474143254
1420,474142569
1421,474141912
1422,7573703
1423,7573607
1424,8143069
1425,474138843
1426,8142926
1427,474138078
1428,474137306
1429,474136560
1430,7572754
1431,8893664
1432,7572555
1433,7572303
1434,474133376
1435,8141274
1436,8141193
1437,8141159
1438,474132750
1439,7571886
1440,8892488
1441,8140959
1442,474132000
1443,8892244
1444,7571434
1445,8139402
1446,8139233
1447,7570465
1448,7570346
1449,8139043
1450,7570200
1451,8890204
1452,8138575
1453,8887778
1454,8887339
1455,8135829
1456,7567683
1457,8135562
1458,8886785
1459,8135333
1460,8886184
1461,7565335
1462,474107580
1463,8883611
1464,7565112
1465,8132158
1466,8132018
1467,8131534
1468,7564357
1469,8882329
1470,474103957
1471,7564265
1472,474103371
1473,8130985
1474,474102850
1475,7564067
1476,474102338
1477,474100370
1478,474099841
1479,474099769
1480,474099450
1481,474099266
1482,8129628
1483,474098866
1484,8880575
1485,474098669
1486,474097984
1487,8877757
1488,474090248
1489,474089761
1490,474089273
1491,7557898
1492,7557612
1493,7557498
1494,8122251
1495,8122128
1496,8120496
1497,8120335
1498,8119969
1499,8119621
1500,7553449
1501,7553272
1502,8116418
1503,474058969
1504,7552779
1505,474058342
1506,474057837
1507,474057327
1508,474056835
1509,474038527
1510,474037896
1511,474037379
1512,474036770
1513,474016606
1514,474015932
1515,474015154
1516,474014207
1517,474001064
1518,8846451
1519,7538000
1520,7537865
1521,8845709
1522,8845575
1523,8845265
1524,473994664
1525,7537350
1526,473993360
1527,473992706
1528,473991864
1529,473956460
1530,473955640
1531,473953207
1532,8831530
1533,473952525
1534,8831344
1535,473952085
1536,8082496
1537,8831010
1538,473950721
1539,473949396
1540,473948001
1541,473939771
1542,473938879
1543,473925413
1544,473884252
1545,473883605
1546,473883035
1547,473881814
1548,473873964
1549,473873399
1550,473872803
1551,473870810
1552,8431933
1553,8431792
1554,8431652
1555,7237518
1556,6276162
1557,6275893
1558,467339789
1559,467338646
1560,467337763
1561,467337070
1562,5982429
1563,465841203
1564,465840600
1565,465838050
1566,465837011
1567,465836356
1568,6530177
1569,5858343
1570,5964423
1571,5858165
1572,463833232
1573,463832622
1574,6024499
1575,6024355
1576,461697198
1577,461696784
1578,461696157
1579,461695566
1580,459912734
1581,459912235
1582,459911654
1583,459911119
1584,455284245
1585,453283250
1586,453281617
1587,453280432
1588,453278491
1589,451610337
1590,451609783
1591,451609357
1592,451608865
1593,449941104
1594,449940403
1595,449939396
1596,449938437
1597,448138174
1598,448137727
1599,448137020
1600,448136594
1601,443710258
1602,443709764
1603,443709279
1604,443708782
1605,441858552
1606,441858076
1607,441857634
1608,441857187
1609,440245927
1610,440245462
1611,440244931
1612,440243877
1613,438711083
1614,438704232
1615,438703299
1616,438693496
1617,437174451
1618,437173571
1619,437172752
1620,437172049
1621,437171261
1622,429373394
1623,429372836
1624,429372337
1625,429371444
1626,427749215
1627,427748438
1628,427747822
1629,427747107
1630,426119480
1631,426118975
1632,426118430
1633,426117074
1634,421347845
1635,421345112
1636,421344542
1637,421343748
1638,418663543
1639,418662586
1640,418661157
1641,418660266
1642,860998
1643,416550178
1644,27483499
1645,416548319
1646,413708564
1647,413707794
1648,413706628
1649,413704536
1650,410989872
1651,410988947
1652,410988094
1653,410987291
1654,403350707
1655,403348482
1656,403347425
1657,403346253
1658,400693542
1659,400692677
1660,400691904
1661,400690917
1662,395701487
1663,395700517
1664,395699878
1665,395699016
1666,393311878
1667,393311155
1668,393310202
1669,393309245
1670,385707522
1671,385705648
1672,385704600
1673,385703771
1674,383189086
1675,383187265
1676,383186145
1677,383185278
1678,381395621
1679,381394471
1680,381393323
1681,381390768
1682,378615356
1683,378614751
1684,378614044
1685,378612528
1686,376185995
1687,376184077
1688,376183293
1689,376181860
1690,366198493
1691,366172535
1692,366171757
1693,366170832
1694,366168894
1695,363944129
1696,363943442
1697,363941283
1698,363939561
1699,5879585
1700,361526962
1701,361525418
1702,361524011
1703,359204313
1704,359203695
1705,359202720
1706,359202037
1707,351917235
1708,351915404
1709,351913373
1710,351911943
1711,351910682
1712,351903590
1713,351901352
1714,346815919
1715,346814863
1716,346813993
1717,346813219
1718,344234597
1719,344233704
1720,344232868
1721,344232096
1722,341513352
1723,341512585
1724,341511794
1725,341511071
1726,333815687
1727,333814766
1728,333813881
1729,333811134
1730,330964596
1731,330963718
1732,330961467
1733,330960361
1734,325561861
1735,325561169
1736,325559854
1737,325557669
1738,323119147
1739,323117879
1740,323116442
1741,323115605
1742,315072495
1743,315070051
1744,315069117
1745,315068031
1746,312406271
1747,312404261
1748,312402186
1749,312399959
1750,312398785
1751,309598104
1752,309596921
1753,309595605
1754,309594860
1755,307533426
1756,307532337
1757,307531273
1758,307530451
1759,305147800
1760,305146275
1761,305144769
1762,305142530
1763,297984467
1764,297983763
1765,297982965
1766,297982281
1767,295457479
1768,295456462
1769,295455640
1770,295454720
1771,294819035
1772,294818847
1773,294818611
1774,294818372
1775,294329061
1776,294328568
1777,294328461
1778,294328184
1779,293876741
1780,293876529
1781,293876022
1782,293875764
1783,293875396
1784,289735072
1785,289734485
1786,289734009
1787,287908419
1788,287907859
1789,287907238
1790,287906578
1791,287906016
1792,581332786
1793,581331866
1794,581330697
1795,581329915
1796,286364685
1797,286364151
1798,286363704
1799,286362890
1800,284941578
1801,284941048
1802,284940308
1803,284939783
1804,280447372
1805,280446771
1806,280444900
1807,280444150
1808,278933404
1809,278932272
1810,278931720
1811,278931186
1812,277481541
1813,277480804
1814,277480049
1815,277176951
1816,275717289
1817,275715156
1818,275713596
1819,275712369
1820,274060760
1821,274060357
1822,274059867
1823,274059455
1824,79466
1825,69772
1826,79043
1827,78959
1828,78760
1829,268141371
1830,268140947
1831,268140193
1832,268139746
1833,266946883
1834,266946167
1835,266945045
1836,266944437
1837,263711893
1838,263711229
1839,263710342
1840,263709428
1841,257909083
1842,257908225
1843,257906626
1844,257906103
1845,256301654
1846,256300273
1847,256299352
1848,256298520
1849,254802448
1850,254801848
1851,254801251
1852,254800506
1853,253378638
1854,253377998
1855,253377513
1856,253376857
1857,249131623
1858,249130825
1859,249130211
1860,249129642
1861,247453430
1862,247452735
1863,247452174
1864,247450810
1865,245878291
1866,245877842
1867,245877298
1868,245876864
1869,244597641
1870,244597080
1871,244596441
1872,244586081
1873,243019047
1874,243018561
1875,243018116
1876,243017629
1877,238564061
1878,238563486
1879,238562736
1880,238562163
1881,236898330
1882,236897487
1883,236891526
1884,236890677
1885,235386224
1886,235385840
1887,235385516
1888,235384981
1889,233774042
1890,233773598
1891,233772711
1892,233772308
1893,232268253
1894,232267562
1895,232266557
1896,232266044
1897,227637712
1898,227637160
1899,227636636
1900,227635916
1901,226186522
1902,226186036
1903,226185548
1904,226184810
1905,223362038
1906,223361527
1907,223360665
1908,223360155
1909,221898475
1910,221897884
1911,221896754
1912,221896359
1913,217861060
1914,217860336
1915,217859918
1916,217859500
1917,215060554
1918,215060169
1919,215059255
1920,215058822
1921,213545414
1922,213544937
1923,213543734
1924,213543173
1925,211759123
1926,211758512
1927,211757598
1928,211756969
1929,210374658
1930,210374458
1931,210374281
1932,210374125
1933,209893631
1934,209893507
1935,209893379
1936,209893276
1937,209443819
1938,209443717
1939,209443576
1940,209443429
1941,209033813
1942,209033636
1943,209033491
1944,209033225
1945,209033018
1946,208632187
1947,208631919
1948,208631694
1949,208631423
1950,206592508
1951,206592395
1952,206592269
1953,206592142
1954,206146845
1955,206146556
1956,206146389
1957,206146159
1958,206145927
1959,205255422
1960,205255164
1961,205254983
1962,205254803
1963,203918008
1964,203917654
1965,203917435
1966,203917162
1967,203527017
1968,203526789
1969,203521703
1970,203521463
1971,202892661
1972,202892427
1973,202892228
1974,202891904
1975,202415263
1976,202415077
1977,202414641
1978,2478531
1979,201905179
1980,201904905
1981,201904707
1982,201904452
1983,200469733
1984,200469497
1985,200469292
1986,200469054
1987,200010524
1988,200010344
1989,200010171
1990,200009998
1991,199554242
1992,199554108
1993,199553966
1994,199553783
1995,180286
1996,199151837
1997,199151694
1998,199151520
1999,199145861
2000,198749982
2001,198749737
2002,198749521
2003,198749362
2004,197490788
2005,197490618
2006,197490425
2007,197490286
2008,2357475
2009,2393649
2010,2357267
2011,1869806
2012,1545323
2013,1925092
2014,1924970
2015,1979817
2016,196255015
2017,196254880
2018,196254766
2019,196254642
2020,195694239
2021,195694041
2022,195693820
2023,195693623
2024,193825176
2025,193824989
2026,193824744
2027,193824562
2028,193311787
2029,193311602
2030,193311473
2031,193306623
2032,192857345
2033,192857052
2034,192856922
2035,192856731
2036,192411404
2037,192411237
2038,192411042
2039,192410795
2040,190544006
2041,190543853
2042,190543693
2043,190543405
2044,190038915
2045,190038750
2046,190038457
2047,190038305
2048,189508652
2049,189508284
2050,189508089
2051,189507910
2052,189507680
2053,187388504
2054,187387837
2055,187386370
2056,187317702
2057,181061871
2058,181060805
2059,181059863
2060,181059048
2061,178986879
2062,178984241
2063,178982139
2064,178981139
2065,176876641
2066,176876027
2067,176875327
2068,176874640
2069,174701166
2070,174700312
2071,174696757
2072,174695493
2073,172545909
2074,172545235
2075,172544477
2076,172543778
2077,166677471
2078,166675836
2079,166674564
2080,166673050
2081,163734005
2082,163732265
2083,163731506
2084,163730064
2085,163729070
2086,161514497
2087,161513815
2088,161512700
2089,161512076
2090,159354442
2091,159352643
2092,159350661
2093,159349224
2094,147396670
2095,147395293
2096,147393237
2097,147391954
2098,147390937
2099,145308635
2100,145307182
2101,145305097
2102,145303797
2103,143141055
2104,143136505
2105,143135128
2106,143134110
2107,143133420
2108,140572522
2109,140571720
2110,140570807
2111,140569850
2112,134309568
2113,134308307
2114,134305755
2115,134304166
2116,131625649
2117,131624162
2118,131623216
2119,131622099
2120,131620182
2121,129641987
2122,129640740
2123,129639806
2124,126976537
2125,126975920
2126,126975271
2127,126974527
2128,118331903
2129,118331226
2130,118330516
2131,118329801
2132,115954728
2133,115953668
2134,115952748
2135,115951918
2136,115950991
2137,113405956
2138,113405154
2139,113404453
2140,113402727
2141,111382912
2142,111382035
2143,111380995
2144,111379717
2145,109003055
2146,109001721
2147,109000170
2148,108999293
2149,102176415
2150,102175384
2151,102174109
2152,102172822
2153,99669319
2154,99668446
2155,99666810
2156,99665838
2157,97497913
2158,97496990
2159,97496074
2160,97495220
2161,95109885
2162,95109086
2163,95107739
2164,95106759
2165,92963842
2166,92963143
2167,92962427
2168,92961714
2169,87016194
2170,87015268
2171,87014247
2172,87013147
2173,84653757
2174,84652730
2175,84651942
2176,84651049
2177,82988668
2178,82987578
2179,82986853
2180,82985874
2181,80480862
2182,80479752
2183,80478686
2184,80477577
2185,78587649
2186,78587023
2187,78586206
2188,78571890
2189,78570691
2190,78324646
2191,72478191
2192,70115328
2193,4681407
2194,13306242
2195,3843856
2196,3638737
2197,13071752
2198,4431253
2199,4431029
2200,68025627
2201,1156697
2202,9824494
2203,9824384
2204,9824254
2205,9464787
2206,9464670
2207,1031842
2208,1031768
2209,67024
2210,8315785
2211,8315678
2212,65588
2213,7561013
2214,2131726
2215,7560854
2216,9982966
2217,7224717
2218,1934676
2219,1934629
2220,7224456
2221,1750440
2222,6913292
2223,6913190
2224,1750272
2225,9289417
2226,1105763
2227,8137178
2228,1105534
2229,8136898
2230,5033165
2231,745625
2232,5032966
2233,7321019
2234,4608068
2235,6875132
2236,547604
2237,547571
2238,967134
2239,3026803
2240,4996064
2241,3026636
2242,346353087
2243,346352901
2244,346352676
2245,346352423
2246,345519951
2247,345519304
2248,345519005
2249,345518749
2250,3821887
2251,110778
2252,110773
2253,110761
2254,343487978
2255,343487545
2256,343487328
2257,343486907
2258,340668301
2259,340667995
2260,340667784
2261,340667488
2262,339704065
2263,339703845
2264,339703628
2265,339703387
2266,337556116
2267,337554339
2268,337554064
2269,337553785
2270,336641381
2271,336640592
2272,336640140
2273,336639713
2274,3067960
2275,3067869
2276,129781
2277,3067408
2278,104772
2279,104767
2280,104764
2281,2645236
2282,330732150
2283,330731857
2284,330731668
2285,330731485
2286,1495346
2287,2869557
2288,1495179
2289,57614
2290,947199
2291,489760
2292,946947
2293,19129
2294,6661
2295,159752
2296,310640
2297,159566
2298,4408020
2299,5525427
2300,5525020
2301,4408001
2302,5104168
2303,5104003
2304,4099376
2305,4099297
2306,4523945
2307,4724822
2308,3721518
2309,3721438
2310,4523387
2311,3812962
2312,2953918
2313,3812778
2314,3812683
2315,2620551
2316,2620496
2317,3223351
2318,3223291
2319,3018819
2320,2852240
2321,3018673
2322,3018492
2323,2685952
2324,2685828
2325,2685755
2326,2050754
2327,2368184
2328,14081971
2329,14081132
2330,14079364
2331,14078738
2332,314845926
2333,314768060
2334,314767762
2335,314767511
2336,314767272
2337,313437098
2338,313436814
2339,798586
2340,546506
2341,312187809
2342,312187432
2343,312187023
2344,312186758
2345,311050955
2346,311050644
2347,311050264
2348,311049979
2349,309826529
2350,309826292
2351,309826080
2352,309825651
2353,306433951
2354,306433718
2355,306433460
2356,306433161
2357,305289537
2358,305289074
2359,305288765
2360,305288476
2361,304429530
2362,304429051
2363,304428642
2364,304428135
2365,302902573
2366,302902368
2367,302902106
2368,302901885
2369,302076669
2370,302076323
2371,302050697
2372,302050246
2373,299083385
2374,299083133
2375,299082938
2376,299082670
2377,297996855
2378,297996537
2379,297996257
2380,297995891
2381,297105894
2382,297105642
2383,297105308
2384,297104977
2385,295060286
2386,295059883
2387,295059430
2388,295059136
2389,295058835
2390,290748411
2391,290723526
2392,290723180
2393,78591
2394,9675071
2395,9674972
2396,9674872
2397,9674774
2398,9383429
2399,9352026
2400,9351895
2401,9351808
2402,9383113
2403,9034561
2404,9067488
2405,9067355
2406,9032861
2407,7958094
2408,7957949
2409,7957830
2410,7957741
2411,7598586
2412,7598497
2413,7598281
2414,7597690
2415,7274984
2416,7274466
2417,7274332
2418,7311856
2419,6957787
2420,6920705
2421,6920636
2422,6920557
2423,5226952
2424,5188474
2425,5188360
2426,5226580
2427,4731240
2428,4770057
2429,4770000
2430,4769938
2431,4769873
2432,4448789
2433,4448707
2434,4409757
2435,4448559
2436,2623600
2437,2661867
2438,2661759
2439,2623307
2440,262351669
2441,262351072
2442,262350703
2443,262350253
2444,133306
2445,133164
2446,161340
2447,132930
2448,18445103
2449,18151562
2450,18151490
2451,18151405
2452,17873874
2453,17873802
2454,17873734
2455,18158396
2456,250991793
2457,17601098
2458,250991159
2459,250990878
2460,249246092
2461,249244040
2462,249243613
2463,249242914
2464,245480234
2465,245480001
2466,245479659
2467,245479371
2468,16543105
2469,16266050
2470,243996611
2471,243994342
2472,243993735
2473,243992198
2474,243504837
2475,243504461
2476,243504072
2477,243503578
2478,242012192
2479,242011818
2480,242011427
2481,242010692
2482,240459573
2483,240459198
2484,240458884
2485,240458558
2486,236358861
2487,236358471
2488,236357970
2489,236357288
2490,234953272
2491,234953016
2492,234952762
2493,234952465
2494,234952111
2495,233560775
2496,233560286
2497,233559783
2498,233559314
2499,231907385
2500,231906677
2501,231906059
2502,231903185
2503,231902839
2504,230854811
2505,230854050
2506,13652387
2507,13652318
2508,13652247
2509,230500693
2510,226637414
2511,226636752
2512,226636053
2513,226635404
2514,225032484
2515,225032144
2516,225031747
2517,225031147
2518,223655818
2519,223655404
2520,223654953
2521,223654487
2522,221828585
2523,221827740
2524,221827257
2525,221826943
2526,221826644
2527,220797314
2528,220796969
2529,220796523
2530,220795987
2531,217147438
2532,217125715
2533,217125448
2534,217125111
2535,217124634
2536,215890448
2537,215890210
2538,215889896
2539,215889414
2540,215888969
2541,214450745
2542,214450447
2543,214450042
2544,214449562
2545,213350571
2546,213350307
2547,213350028
2548,213349722
2549,212130346
2550,212130101
2551,212129836
2552,212129553
2553,207959087
2554,207958589
2555,207958290
2556,207957896
2557,207055600
2558,206757372
2559,206757111
2560,206756826
2561,206657070
2562,205454393
2563,205454024
2564,205453731
2565,205453416
2566,204189585
2567,204189307
2568,204189065
2569,204188693
2570,202953213
2571,202952951
2572,7820337
2573,202951636
2574,199166039
2575,6891185
2576,199044845
2577,199044443
2578,199044041
2579,199043636
2580,6606818
2581,6606742
2582,6606648
2583,197895597
2584,196661265
2585,196660946
2586,196660633
2587,196660275
2588,195185962
2589,195185677
2590,195185314
2591,195184885
2592,194023522
2593,194016261
2594,194014935
2595,194014498
2596,194014196
2597,190398848
2598,190398431
2599,190398161
2600,190397446
2601,188952223
2602,188951943
2603,188951674
2604,188951390
2605,186524424
2606,186524097
2607,186523673
2608,186523278
2609,185394139
2610,185393766
2611,185393107
2612,185392555
2613,181461736
2614,181461326
2615,181461003
2616,181460689
2617,180207512
2618,180207135
2619,180206740
2620,180206325
2621,179083965
2622,179083707
2623,179083250
2624,179082893
2625,177828259
2626,177827950
2627,177827645
2628,177827348
2629,176622122
2630,176621642
2631,176619885
2632,176619313
2633,172898242
2634,172898002
2635,172897639
2636,172897307
2637,170410440
2638,170410224
2639,170409975
2640,170409605
2641,1678175
2642,1678115
2643,1678042
2644,1677960
2645,1677877
2646,1324043
2647,1323950
2648,1323842
2649,1322516
2650,164710356
2651,164709858
2652,164709456
2653,164708970
2654,163193324
2655,163193068
2656,163192818
2657,163192538
2658,161670433
2659,161670046
2660,161669563
2661,161669105
2662,5108311
2663,5108262
2664,5108099
2665,5107961
2666,5107892
2667,4931693
2668,4931617
2669,4931560
2670,4931502
2671,4255264
2672,4255230
2673,4255187
2674,4255130
2675,4015059
2676,4015014
2677,4014972
2678,4014931
2679,3505169
2680,3505119
2681,3505081
2682,3505016
2683,3270667
2684,3270617
2685,3270561
2686,3270483
2687,2549916
2688,2549857
2689,2549768
2690,2517328
2691,2245699
2692,2133398
2693,2133243
2694,2133197
2695,2133140
2696,2133076
2697,1617056
2698,1616963
2699,1616800
2700,1616644
2701,1616359
2702,142087828
2703,1325201
2704,1325049
2705,1324815
2706,1324736
2707,1070296
2708,1070240
2709,1070178
2710,1070134
2711,327761
2712,327700
2713,327628
2714,327561
2715,40709
2716,1211481
2717,1211422
2718,1209411
2719,1209321
2720,782106
2721,782010
2722,781930
2723,781830
2724,366033
2725,365961
2726,365830
2727,365735
2728,365664
2729,365589
2730,365457
2731,131123900
2732,131123848
2733,131123793
2734,131123739
2735,201458
2736,200556
2737,200429
2738,200251
2739,200110
2740,199908
2741,11427744
2742,11427652
2743,11427537
2744,11427423
2745,10954733
2746,10949163
2747,10949039
2748,10948926
2749,10948792
2750,10460095
2751,10459989
2752,10459884
2753,10459749
2754,10000679
2755,10000279
2756,10000165
2757,10000068
2758,9999105
2759,8549125
2760,8549010
2761,8548913
2762,8548775
2763,8063278
2764,8063194
2765,8063068
2766,8062900
2767,7526429
2768,7526304
2769,7526136
2770,7526011
2771,6569126
2772,6568978
2773,6568878
2774,6568764
2775,5114895
2776,5114744
2777,5114450
2778,5114158
2779,4499929
2780,4415172
2781,4375746
2782,4375652
2783,4375539
2784,4375397
2785,3993889
2786,3993747
2787,3993613
2788,3993445
2789,3499251
2790,3499103
2791,3499006
2792,3498878
2793,3071751
2794,3071649
2795,3071551
2796,3042149
2797,3040322
2798,1155408
2799,1145388
2800,671841
2801,671550
2802,671251
2803,670917
2804,299079
2805,298922
2806,298542
2807,298368
2808,261831
2809,2468053
2810,2467823
2811,2467656
2812,2458634
2813,1950183
2814,1950099
2815,1950012
2816,1949897
2817,1665216
2818,1665109
2819,1665014
2820,1664909
2821,99312521
2822,99312170
2823,99311809
2824,99311467
2825,98065883
2826,98065455
2827,98065110
2828,98064737
2829,97474658
2830,97474327
2831,97473946
2832,97473629
2833,95529944
2834,95529521
2835,92700597
2836,92700340
2837,92700064
2838,92699694
2839,91757206
2840,91756899
2841,91756598
2842,91755918
2843,90804151
2844,90803420
2845,89849154
2846,2213442
2847,2213299
2848,1491347
2849,1491144
2850,235502
2851,235201
2852,235421
2853,234849
2854,2708277
2855,2696727
2856,3429086
2857,2696430
2858,3428871
2859,1296179
2860,1296022
2861,1295839
2862,1295680
2863,885289
2864,885133
2865,1689575
2866,884758
2867,1328202
2868,469099
2869,1327763
2870,1327576
2871,44948
2872,1008710
2873,44396
2874,44312
2875,44040
2876,75471
2877,622839
2878,75323
2879,622616
2880,74403260
2881,74402934
2882,74402494
2883,74401790
2884,73523553
2885,73523018
2886,73522706
2887,73522361
2888,72671892
2889,72671574
2890,72671305
2891,72665681
2892,72665345
2893,71684869
2894,71684285
2895,71683741
2896,71682185
2897,68340713
2898,68340345
2899,68339891
2900,68339052
2901,67511614
2902,67511064
2903,67510775
2904,67510255
2905,62983374
2906,62982907
2907,62982632
2908,62982230
2909,62054433
2910,62053730
2911,62052947
2912,62052672
2913,61012116
2914,61011785
2915,61011470
2916,61011056
2917,60125969
2918,60125651
2919,60125314
2920,60124983
2921,59260547
2922,59260038
2923,59259480
2924,59258617
2925,56719431
2926,56719105
2927,56718829
2928,56718450
2929,55885863
2930,55885353
2931,55885088
2932,55884742
2933,285435
2934,393905
2935,285434
2936,285431
2937,391494
2938,391493
2939,391492
2940,391491
2941,50465871
2942,50465576
2943,50465203
2944,50464877
2945,49659054
2946,49658438
2947,49658127
2948,49657871
2949,48847865
2950,48847165
2951,48846870
2952,48846291
2953,48182041
2954,48181542
2955,48181129
2956,48180678
2957,375407
2958,270604
2959,375389
2960,270596
2961,47158389
2962,47157900
2963,47157543
2964,47157286
2965,43566078
2966,43565505
2967,43564940
2968,43564501
2969,42575682
2970,42575165
2971,42574483
2972,42564260
2973,40869233
2974,40868352
2975,40867818
2976,40867394
2977,347563
2978,249361
2979,249360
2980,249359
2981,37858824
2982,37858168
2983,37857579
2984,37856895
2985,35996476
2986,35995617
2987,35994200
2988,35993624
2989,35993058
2990,35038748
2991,35037380
2992,35036567
2993,35034089
2994,35025602
2995,234289
2996,326452
2997,32026181
2998,32025599
2999,31234679
3000,31233580
3001,31231472
3002,31230975
3003,30277919
3004,30277508
3005,30277089
3006,30276652
3007,26501702
3008,26501210
3009,26500739
3010,26500355
3011,25729337
3012,25728728
3013,25727992
3014,25727306
3015,25726534
3016,25725196
3017,25724794
3018,24220217
3019,24219608
3020,24218607
3021,24217547
3022,24216979
3023,24216109
3024,23485304
3025,23483520
3026,23482532
3027,23481869
3028,23481304
3029,23480701
3030,21304423
3031,21303873
3032,21303381
3033,21302889
3034,19690945
3035,19690209
3036,19689866
3037,19689337
3038,18898009
3039,18897578
3040,18897020
3041,18896252
3042,18733338
3043,18733309
3044,18733293
3045,18733269
3046,18634603
3047,18634571
3048,18634556
3049,18634539
3050,191521
3051,191519
3052,191517
3053,191514
3054,18573106
3055,18573080
3056,18573061
3057,18573034
3058,18539325
3059,18539307
3060,18539285
3061,18539269
3062,18501885
3063,18501856
3064,18501824
3065,18501795
3066,18325419
3067,18325374
3068,18325336
3069,18325310
3070,18260818
3071,18260784
3072,18260733
3073,18259595
3074,18204395
3075,18204360
3076,18204316
3077,18204272
3078,17929947
3079,17929893
3080,17929847
3081,17929796
3082,17872977
3083,17872935
3084,17872817
3085,17872792
3086,17832399
3087,17832370
3088,17832341
3089,17832325
3090,17800470
3091,17800451
3092,17800424
3093,17800405
3094,17701361
3095,17701330
3096,17701295
3097,17701237
3098,17656155
3099,17656127
3100,17656093
3101,17656056
3102,147492
3103,147490
3104,208518
3105,208517
3106,17578721
3107,17578676
3108,17578655
3109,17578633
3110,17431907
3111,17431847
3112,17431819
3113,17431741
3114,17393318
3115,17393296
3116,17393273
3117,17393235
3118,17393203
3119,17358650
3120,17358637
3121,17358609
3122,17358579
3123,17358551
3124,17324405
3125,17324308
3126,17324274
3127,17324255
3128,182408
3129,127330
3130,182407
3131,182405
3132,125130
3133,179445
3134,125127
3135,125126
3136,17115066
3137,17115009
3138,17114946
3139,17114905
3140,17056931
3141,17056878
3142,17056836
3143,17056759
3144,16990507
3145,16990414
3146,16990377
3147,16990346
3148,16784234
3149,16784192
3150,16784122
3151,16784082
3152,16732847
3153,16732772
3154,16732751
3155,16732718
3156,16678260
3157,16678237
3158,16678211
3159,16678085
3160,153257
3161,107525
3162,153256
3163,16639390
3164,16639349
3165,16606276
3166,16606256
3167,16606233
3168,16606218
3169,16519026
3170,16518991
3171,16518969
3172,16518947
3173,16459983
3174,16459967
3175,16459947
3176,16459927
3177,16430269
3178,16430250
3179,16430230
3180,16430197
3181,16400150
3182,16400121
3183,16400099
3184,16400063
3185,16306416
3186,16306388
3187,16306357
3188,16306333
3189,16274588
3190,16274548
3191,16274478
3192,16274458
3193,16242747
3194,16242700
3195,16242674
3196,16242650
3197,16204302
3198,16204286
3199,16204206
3200,16204184
3201,86163
3202,124184
3203,124183
3204,86157
3205,16084661
3206,16084635
3207,16084606
3208,16084587
3209,16043276
3210,16043258
3211,16043232
3212,16043210
3213,16006553
3214,16006519
3215,16006484
3216,16006361
3217,16006330
3218,15910348
3219,15910307
3220,15910218
3221,15910166
3222,15716712
3223,15716664
3224,15716620
3225,15716577
3226,15642573
3227,15642491
3228,15642449
3229,15642404
3230,15584275
3231,15584243
3232,15584219
3233,15584196
3234,15535242
3235,15535193
3236,15535118
3237,15535072
3238,15487867
3239,15487836
3240,15487805
3241,15487774
3242,15406139
3243,15406098
3244,15406075
3245,15406046
3246,15406021
3247,15376554
3248,15376530
3249,15376487
3250,15376451
3251,15345727
3252,15345704
3253,15287566
3254,15287506
3255,15287467
3256,15287431
3257,15201811
3258,15201790
3259,15201751
3260,15201729
3261,15144170
3262,15144077
3263,15144059
3264,15144028
3265,15144011
3266,15115801
3267,15115769
3268,15115751
3269,15115721
3270,15115700
3271,15087202
3272,15087173
3273,15087151
3274,15087110
3275,14886342
3276,14886318
3277,14886276
3278,14886256
3279,14886227
3280,14616780
3281,14616724
3282,14616676
3283,14616627
3284,14497098
3285,14497059
3286,14497022
3287,14496969
3288,14452030
3289,14451995
3290,14451967
3291,14451946
3292,14338485
3293,14338463
3294,14338425
3295,14338398
3296,14304948
3297,14304922
3298,14300138
3299,14300114
3300,14300090
3301,14300073
3302,14266119
3303,14266084
3304,14266064
3305,14266054
3306,14231237
3307,14231205
3308,14231154
3309,14231140
3310,14203928
3311,14203898
3312,14203252
3313,14203216
3314,14117369
3315,14117011
3316,14116977
3317,14116953
3318,14116929
3319,14085124
3320,14084997
3321,14084979
3322,14084960
3323,14084923
3324,14030722
3325,14030694
3326,14030671
3327,14030639
3328,14002045
3329,14002023
3330,14002012
3331,14001994
3332,14001962
3333,13923001
3334,13922985
3335,13922968
3336,13922943
3337,13837130
3338,13837102
3339,13837086
3340,13837067
3341,13805261
3342,13805227
3343,13805201
3344,13805183
3345,13720923
3346,13720906
3347,13720885
3348,13720867
3349,13691703
3350,13691678
3351,13691650
3352,13691632
3353,13613377
3354,13613349
3355,13613322
3356,13613293
3357,13564500
3358,13564459
3359,13564413
3360,13564374
3361,13338291
3362,13338152
3363,13338050
3364,13337934
3365,13255170
3366,13255110
3367,13255074
3368,13255039
3369,13141094
3370,13141065
3371,13141019
3372,13140991
3373,13088715
3374,13088690
3375,13088645
3376,13088556
3377,13088538
3378,13088520
3379,13058224
3380,13058189
3381,13058109
3382,13058072
3383,13030122
3384,13030105
3385,13030092
3386,13030072
3387,12915096
3388,12915080
3389,12915059
3390,12915035
3391,12891204
3392,12891179
3393,12891158
3394,12891138
3395,12891123
3396,12861841
3397,12861824
3398,12861806
3399,12861780
3400,12830068
3401,12830050
3402,12830036
3403,12830023
3404,12789821
3405,12789800
3406,12789782
3407,12789760
3408,12594166
3409,12594105
3410,12594068
3411,12594042
3412,12521831
3413,12521791
3414,12521748
3415,12521686
3416,12501873
3417,12501868
3418,12501862
3419,12501856
3420,133972
3421,133956
3422,9342
3423,133943
3424,8864
3425,126030
3426,126024
3427,126015
3428,2015
3429,21050
3430,21045
3431,1275
3432,1094
3433,1843656
3434,1843590
3435,1843513
3436,834372
3437,834133
3438,481035
3439,8712208
3440,8712167
3441,8711747
3442,8410665
3443,8410615
3444,8410536
3445,8605737
3446,8605546
3447,8261102
3448,8474088
3449,8135269
3450,8120320
3451,7696409
3452,8018908
3453,8018750
3454,7739746
3455,7739718
3456,7739577
3457,7130914
3458,7130856
3459,7425921
3460,6644769
3461,6381824
3462,6642611
3463,6218887
3464,6469501
3465,6218774
3466,63743673
3467,63742500
3468,63741237
3469,63740529
3470,59984293
3471,59983397
3472,59982199
3473,59980941
3474,59913767
3475,58157199
3476,58156316
3477,58155569
3478,58154040
3479,52236347
3480,52235357
3481,52234035
3482,52233120
3483,50210038
3484,50208609
3485,50207747
3486,50206892
3487,46383327
3488,46382106
3489,46381359
3490,46380376
3491,44471402
3492,44470406
3493,44469668
3494,44468853
3495,38553989
3496,38552789
3497,38550449
3498,38549518
3499,36352631
3500,36351451
3501,36350558
3502,36349576
3503,34504830
3504,34503697
3505,34502772
3506,34501765
3507,30511857
3508,30510965
3509,30510040
3510,22701214
3511,22700234
3512,22699213
3513,22698274
3514,20570584
3515,20562170
3516,20532158
3517,20531216
3518,18461019
3519,18460022
3520,18458884
3521,18457837
3522,16239011
3523,16237812
3524,16236380
3525,16235338
3526,10021800
3527,9987425
3528,9986466
3529,9985202
3530,7932058
3531,7930976
3532,7929611
3533,7928748
3534,5897680
3535,5896079
3536,5894301
3537,5893380
3538,3917176
3539,3916378
3540,3915412
3541,3914485
3542,1908339
3543,1905414
3544,1904096
3545,1903088
3546,121565561
3547,121564539
3548,121563506
3549,121562475
3550,119594541
3551,119593602
3552,119592572
3553,119591400
3554,117531700
3555,117530826
3556,117529529
3557,117528710
3558,115268160
3559,115266097
3560,115265027
3561,115264003
3562,113238369
3563,113237246
3564,113236022
3565,113234539
3566,453393537
3567,453393402
3568,453393313
3569,453393208
3570,453239466
3571,453239383
3572,453239302
3573,453239202
3574,453072605
3575,453072429
3576,453072331
3577,453068268
3578,452923491
3579,452923234
3580,452923129
3581,452923001
3582,452773446
3583,452773352
3584,452773222
3585,452773134
3586,452146261
3587,452146101
3588,452145973
3589,452145864
3590,451974059
3591,451973951
3592,451973819
3593,451973706
3594,451754980
3595,451754867
3596,451754773
3597,451754646
3598,451524974
3599,451524819
3600,451524674
3601,451524354
3602,450872941
3603,450872809
3604,450872696
3605,450872534
3606,450621320
3607,450621173
3608,450620869
3609,450620473
3610,450619892
3611,450336928
3612,450336743
3613,450336527
3614,450336358
3615,450007190
3616,450004451
3617,450004254
3618,450003970
3619,449623451
3620,449623276
3621,449623095
3622,3968177
3623,449047907
3624,449047726
3625,449047550
3626,449047388
3627,448851277
3628,448851181
3629,448851073
3630,448645413
3631,448645203
3632,448645069
3633,448644891
3634,448508679
3635,448508582
3636,448508511
3637,448508414
3638,448361169
3639,448361068
3640,448360976
3641,448045538
3642,448045465
3643,448045355
3644,448045272
3645,447880757
3646,447880660
3647,447880588
3648,447880496
3649,447743244
3650,447743161
3651,447743062
3652,447742993
3653,447742827
3654,447598566
3655,447598426
3656,447598344
3657,447598269
3658,447454897
3659,447454752
3660,447454659
3661,447454574
3662,447454514
3663,447019302
3664,447019203
3665,447019104
3666,447019024
3667,446827945
3668,446827785
3669,446827626
3670,446827509
3671,446592799
3672,446592614
3673,446592464
3674,446592357
3675,446409048
3676,446408940
3677,446408845
3678,445859442
3679,445859332
3680,445859199
3681,445686893
3682,445686417
3683,445686292
3684,445686192
3685,445686087
3686,445136843
3687,445136579
3688,445136199
3689,445135886
3690,444808873
3691,444808708
3692,444808572
3693,444808361
3694,442608594
3695,442608493
3696,442608400
3697,442327570
3698,442327440
3699,442327302
3700,442327227
3701,442317056
3702,442316975
3703,442189934
3704,442189833
3705,442189711
3706,442189172
3707,442189050
Total Records Reject 545 
