Total Records Added 784 
#.,ID
0,524286532
1,10730374
2,10729521
3,10836131
4,1707755
5,10835762
6,10834550
7,10834355
8,10834163
9,10834022
10,524254745
11,524253397
12,10830114
13,10829864
14,524252397
15,10829632
16,1706808
17,10828844
18,10722268
19,10828481
20,10828080
21,10721604
22,10721568
23,10721442
24,1706640
25,10827542
26,10721075
27,10827168
28,524230872
29,524229662
30,524225462
31,524224656
32,10715376
33,10821226
34,10715028
35,10714901
36,524219504
37,524218906
38,524218323
39,524218271
40,524217663
41,524216295
42,524215479
43,524197357
44,524196849
45,524196222
46,524195727
47,10808858
48,10703361
49,524178611
50,524177973
51,10703054
52,10808173
53,524175157
54,524174354
55,524174328
56,524173558
57,524172709
58,524172060
59,524170413
60,10700362
61,10697924
62,10696652
63,10801423
64,10801215
65,10801078
66,524133806
67,524132138
68,524132080
69,524131380
70,524130673
71,524129823
72,524128154
73,524127436
74,524090472
75,524088853
76,524087011
77,524085857
78,10666212
79,10769396
80,10769239
81,10665770
82,10767206
83,524029698
84,10663574
85,10663490
86,524005284
87,524003990
88,523869076
89,523866737
90,523866092
91,523865041
92,523864453
93,523863718
94,523526469
95,523526098
96,523525662
97,10384970
98,10384566
99,1645803
100,10286237
101,10322681
102,10322145
103,10226806
104,10226660
105,522518536
106,522517908
107,522517101
108,522509758
109,8930569
110,8838096
111,8837753
112,1438711
113,8836857
114,8830054
115,1437470
116,8826811
117,8826632
118,8826096
119,8853568
120,517823537
121,517822711
122,8852958
123,8793940
124,8851925
125,8850695
126,8850480
127,1432022
128,8790821
129,517749295
130,517572048
131,517571373
132,517570797
133,517570243
134,8732365
135,8787276
136,8787064
137,8786742
138,8728699
139,8782586
140,8727612
141,8715217
142,8715030
143,517486784
144,8714769
145,8768684
146,8714578
147,517485364
148,8714471
149,8714312
150,8714048
151,517483130
152,517482117
153,8766767
154,8712873
155,8712640
156,8712460
157,517470015
158,8710368
159,8710279
160,8763868
161,517467649
162,517467431
163,517466044
164,517465853
165,517464602
166,517463425
167,517463121
168,517462385
169,517461143
170,517458703
171,8761495
172,517458238
173,517455855
174,8707187
175,8706631
176,8706512
177,517445501
178,517442931
179,517441056
180,8755748
181,517435232
182,517434894
183,517433885
184,517433121
185,8695841
186,1418334
187,517405254
188,8747878
189,517404515
190,8694893
191,517367444
192,517366997
193,517366471
194,517365975
195,8734537
196,8682654
197,8682541
198,8682411
199,517334747
200,517333600
201,517332889
202,517332317
203,517323089
204,517321612
205,517320766
206,517318776
207,517317968
208,517317193
209,517316388
210,8722503
211,8671142
212,8666355
213,8666216
214,8716948
215,8716796
216,517295737
217,517295225
218,517294658
219,8715680
220,8664710
221,1414016
222,8714970
223,8664173
224,8714725
225,517484362
226,1413946
227,8663551
228,1413874
229,1413853
230,8713655
231,8713495
232,517284958
233,517284238
234,517282926
235,517282132
236,517260890
237,517259678
238,517259088
239,517258524
240,517191311
241,8637787
242,8637629
243,8637488
244,8632284
245,8680469
246,8672598
247,8672420
248,8672280
249,8672129
250,517126816
251,517125982
252,517125145
253,517123083
254,8663904
255,8616875
256,8663393
257,8663186
258,517084670
259,517083995
260,517083344
261,517082446
262,517079192
263,8601993
264,8601906
265,517044849
266,1405650
267,8646917
268,517043657
269,517042569
270,517040745
271,516811088
272,516810179
273,516809220
274,516808282
275,515875351
276,8269232
277,8228275
278,8268631
279,1354761
280,8267834
281,515783488
282,515782820
283,515781319
284,515780541
285,8232316
286,8193495
287,8192482
288,8191585
289,515725327
290,8229860
291,515724102
292,515722936
293,8229247
294,515720790
295,8189757
296,8228097
297,8189460
298,8227751
299,515706166
300,515705394
301,8184350
302,8222430
303,8183961
304,8183883
305,8221941
306,8221793
307,8183398
308,515688982
309,515687976
310,515687331
311,515686747
312,8181470
313,515684660
314,515684003
315,515682806
316,515682005
317,8176572
318,8174005
319,8211509
320,515656078
321,8173365
322,515654200
323,515651016
324,1345755
325,8163572
326,8200236
327,8199856
328,8162472
329,8162182
330,515610854
331,515610019
332,515609278
333,8198484
334,515606814
335,8195731
336,8195564
337,1344985
338,8195208
339,515549284
340,515548334
341,8145544
342,515547108
343,8181077
344,8180903
345,8145067
346,515545709
347,515541854
348,515541390
349,515540953
350,515540336
351,515539137
352,8143206
353,515536263
354,8177684
355,515504198
356,515503704
357,515503298
358,515502783
359,515499571
360,515498145
361,515497332
362,515496610
363,515470159
364,515469635
365,515469110
366,515468666
367,8153863
368,8119674
369,1339534
370,8153207
371,515447670
372,8118040
373,515445640
374,8117821
375,515444605
376,8151514
377,515443942
378,8117407
379,515443285
380,8150837
381,515442135
382,8116918
383,515441653
384,8116796
385,515441168
386,515429506
387,515428826
388,515427410
389,515426753
390,8110438
391,8143624
392,8143499
393,515416645
394,515415728
395,8109740
396,515415092
397,1338103
398,515414425
399,8109009
400,8142280
401,8141931
402,8137822
403,1337406
404,8104338
405,8104192
406,8137372
407,8136946
408,8136663
409,8135818
410,515388968
411,515388326
412,8135246
413,8134951
414,8134748
415,8101402
416,8134307
417,8101186
418,8134202
419,8134110
420,8133994
421,515365815
422,515365278
423,515364824
424,515364356
425,515352725
426,515351651
427,8085806
428,515324387
429,1334768
430,8111278
431,1334083
432,8110860
433,8110734
434,515299207
435,515297289
436,515296529
437,515295276
438,515292740
439,515291695
440,515290797
441,515289959
442,8068157
443,8068036
444,1332570
445,8098680
446,8097200
447,8097004
448,8065970
449,8096594
450,1332277
451,8065604
452,8096143
453,8096009
454,515142498
455,515141592
456,515140164
457,515139097
458,515068252
459,515067065
460,515066116
461,515065216
462,1326154
463,514907050
464,514764682
465,514763719
466,514762958
467,514761924
468,514314772
469,514313884
470,514312652
471,7694102
472,7679492
473,513826782
474,513826156
475,513825258
476,513824534
477,513823686
478,513822651
479,513809718
480,513808383
481,513807615
482,513806726
483,7649575
484,7662060
485,7652427
486,7652024
487,7639530
488,7651304
489,7651055
490,1272431
491,7650038
492,513736946
493,513735824
494,513730943
495,513730235
496,513729483
497,513728638
498,513718777
499,513718172
500,513717609
501,513717033
502,7637936
503,7626449
504,7637694
505,7636400
506,7636162
507,7635982
508,7633552
509,7633426
510,7622002
511,7621844
512,7621169
513,7620838
514,513675156
515,7630934
516,513674632
517,7619964
518,7630797
519,513674112
520,513673533
521,7630563
522,513669976
523,7629440
524,513669234
525,513668609
526,7618432
527,7618247
528,513667789
529,7617957
530,7617330
531,7627889
532,7627685
533,7616813
534,7615792
535,7626277
536,513649525
537,513647893
538,513646467
539,513645515
540,1268860
541,7622251
542,513641754
543,513641256
544,513640780
545,513640294
546,7620340
547,7620039
548,7619425
549,513632961
550,513632517
551,513632053
552,513631531
553,7608171
554,7605499
555,7615517
556,7615397
557,7605145
558,7603734
559,7603648
560,1267692
561,7613660
562,7603478
563,7603451
564,7613497
565,7603340
566,7603170
567,513609409
568,7612798
569,7612593
570,7601557
571,7601371
572,1267385
573,7601108
574,7601016
575,7600920
576,7600815
577,1267300
578,7600475
579,7606710
580,513581468
581,513580745
582,7595230
583,513580031
584,7594998
585,7604034
586,513578377
587,7594541
588,513569580
589,513568805
590,513564839
591,513561922
592,7589218
593,7598067
594,513556955
595,1265664
596,1265630
597,513552886
598,513552094
599,513551349
600,513550589
601,7581209
602,513528574
603,7580843
604,7589186
605,1264604
606,7588952
607,7580463
608,7588754
609,7580304
610,7580174
611,513525119
612,7588533
613,7580008
614,7579964
615,513524278
616,7579771
617,7579622
618,7579439
619,513520447
620,513519910
621,513513752
622,513512931
623,513512237
624,513511366
625,513510375
626,513509775
627,7584044
628,513509033
629,7575744
630,513508285
631,7575547
632,7575075
633,7574900
634,7569393
635,7577201
636,7577100
637,7576808
638,1263028
639,7568745
640,7568398
641,7568156
642,7567909
643,1259521
644,7548105
645,7547949
646,7542178
647,513352696
648,513351429
649,513351005
650,7540779
651,513198515
652,513197539
653,513195864
654,513194794
655,513144631
656,513143587
657,513142635
658,513141403
659,512925225
660,512923588
661,512922763
662,512922037
663,512921199
664,512605835
665,512605589
666,512605252
667,512605024
668,511943751
669,511942930
670,511941761
671,511940689
672,7103603
673,7103382
674,7102655
675,7102304
676,511853642
677,511852847
678,7099308
679,7099066
680,511851014
681,1196671
682,511850132
683,1196627
684,7096435
685,7092614
686,7091793
687,7091538
688,7093823
689,7090104
690,7089953
691,7093416
692,7092956
693,7092845
694,7092740
695,7092540
696,7088272
697,511776985
698,511776250
699,7076263
700,7079883
701,7075633
702,7079016
703,511752187
704,511727352
705,511726844
706,511726345
707,511725799
708,511703615
709,511702797
710,7062929
711,511702548
712,511702247
713,7058205
714,7058019
715,511701602
716,7062551
717,7050766
718,7055510
719,7055343
720,7055173
721,511670282
722,511669212
723,511668130
724,511667734
725,7014143
726,1185242
727,7013874
728,7020274
729,7012428
730,1185015
731,7018717
732,7018578
733,511529621
734,511528222
735,511525858
736,511521410
737,7009535
738,7016023
739,511511922
740,511510346
741,7003919
742,7003823
743,7003722
744,7003608
745,6545041
746,6544798
747,6544323
748,6563024
749,1118558
750,6553959
751,509935414
752,6547177
753,509934285
754,509933033
755,509931881
756,509931215
757,509930960
758,509930297
759,6526364
760,509930220
761,6526209
762,509929384
763,509929360
764,6545722
765,6545692
766,6525948
767,509928666
768,6545537
769,509928408
770,509928375
771,6525625
772,509898019
773,509896540
774,509895679
775,509895083
776,509735503
777,509734829
778,509733839
779,509733080
780,509480159
781,509479214
782,509478335
783,509476907
Total Records Reject 212 
