Total Records Added 1358 
#.,ID
0,537720206
1,537719735
2,537719326
3,537718979
4,14799679
5,14575276
6,14400585
7,536958374
8,14573774
9,536957294
10,536957146
11,536956900
12,536956525
13,536956122
14,536956113
15,14572570
16,14398977
17,14572319
18,536947345
19,536947260
20,536945746
21,14397389
22,536945061
23,14397030
24,14570329
25,14396764
26,2332321
27,14568997
28,14568436
29,14394846
30,14564464
31,14564319
32,14564183
33,2331120
34,14388131
35,14388029
36,14561394
37,14387836
38,2329418
39,14383568
40,14556774
41,14556643
42,14383212
43,14556423
44,14383002
45,14382902
46,14382821
47,14556077
48,2329180
49,14555850
50,14382452
51,14381105
52,14552725
53,2327644
54,14549479
55,14376207
56,14548846
57,14375509
58,14375148
59,2327273
60,14374110
61,14547157
62,14373884
63,14373740
64,14546635
65,14546487
66,14546294
67,536847871
68,536846184
69,536845324
70,14540392
71,14367024
72,14540039
73,2325303
74,536823395
75,536822973
76,536822143
77,536821565
78,2325038
79,2325009
80,14365288
81,14365246
82,14538221
83,2324935
84,536820080
85,14365017
86,536814687
87,536814073
88,536813545
89,14363035
90,536812225
91,536811693
92,14362793
93,536811435
94,14362738
95,14362640
96,14362616
97,536810707
98,536810412
99,14535289
100,536809779
101,14535210
102,14535195
103,536809701
104,14362205
105,536809129
106,14534998
107,14534990
108,536808906
109,14362057
110,14534863
111,14534713
112,14361838
113,14534692
114,14534548
115,14534129
116,536805534
117,14361125
118,536805001
119,536804452
120,536803634
121,536803078
122,536802624
123,536802135
124,536801177
125,14359854
126,14532701
127,536800725
128,14532617
129,14532539
130,536800071
131,536799368
132,536799195
133,536798486
134,536797955
135,536797409
136,536793929
137,536793545
138,536793271
139,536793128
140,536792750
141,536792740
142,536792294
143,536791783
144,14356760
145,14356644
146,14356539
147,536786223
148,536785747
149,14352965
150,14525310
151,14352656
152,14352544
153,14524334
154,14351794
155,536761000
156,536759562
157,536758269
158,536756024
159,536752526
160,536752106
161,536751425
162,536748218
163,536747605
164,14517629
165,14345088
166,536747137
167,14345005
168,536746535
169,14517354
170,536739457
171,536738796
172,536738758
173,536738622
174,536738353
175,536738171
176,536738027
177,536737981
178,536737689
179,536737580
180,536737420
181,536737012
182,536736758
183,536736658
184,536735912
185,14339739
186,14511671
187,14339279
188,14339125
189,536703823
190,536703137
191,536702489
192,536701614
193,14499081
194,2315967
195,14327219
196,14498696
197,14494863
198,14494762
199,14494622
200,14494472
201,536659615
202,536659023
203,536658258
204,536657568
205,2314201
206,14359854
207,14491100
208,14490965
209,14490816
210,14481924
211,14310828
212,14247568
213,14247484
214,14247374
215,14247276
216,535903731
217,535902348
218,535901415
219,535900502
220,535899111
221,2232226
222,535514647
223,535513972
224,535513295
225,535512169
226,535455518
227,535455117
228,535454727
229,535454324
230,535432140
231,535431276
232,14124524
233,13955230
234,14123759
235,14123433
236,14107484
237,14107362
238,2219286
239,13938760
240,535367686
241,13938255
242,535359166
243,535358761
244,535358125
245,535357578
246,14104065
247,14103749
248,535345879
249,535340217
250,535339003
251,13929527
252,14097136
253,13928950
254,14096792
255,535332391
256,535331787
257,535330934
258,535330163
259,13926949
260,535326361
261,14094683
262,13926509
263,535325517
264,13926314
265,535324818
266,535324246
267,535319453
268,535318579
269,535317780
270,535316885
271,14091295
272,535313920
273,535313156
274,535312521
275,535311564
276,535310226
277,535309731
278,535309272
279,535308708
280,13921714
281,14088757
282,14088569
283,14088333
284,14087944
285,13919012
286,13918715
287,14085786
288,13917970
289,13917810
290,13917664
291,13917525
292,14084701
293,2214067
294,13916961
295,13916956
296,14084181
297,2213995
298,13916572
299,13916304
300,14082975
301,14082575
302,13914888
303,13914707
304,14082121
305,2213497
306,13914493
307,14081692
308,14081533
309,535278681
310,535278231
311,535278228
312,535277778
313,535277653
314,535277638
315,535277002
316,14079549
317,2212861
318,535275291
319,14079141
320,535273972
321,13911345
322,13909706
323,14076705
324,14076601
325,2212220
326,13909379
327,14076411
328,2212131
329,535265286
330,13909047
331,535264703
332,535264015
333,535263333
334,535259152
335,2211701
336,535258462
337,13907197
338,535257676
339,535256861
340,535256743
341,535256025
342,535255628
343,535254342
344,535253629
345,13905022
346,14071674
347,13901168
348,14067576
349,13900869
350,13900733
351,14065256
352,14065146
353,14065074
354,2209668
355,2209648
356,13898337
357,2209051
358,13895839
359,14061945
360,14061819
361,13895630
362,13895517
363,13895320
364,13895230
365,14059480
366,14059383
367,2208397
368,2208370
369,535207754
370,535207381
371,535206947
372,535206177
373,535190954
374,535190424
375,14053818
376,13887999
377,535176156
378,535175684
379,535175232
380,535174681
381,535159735
382,535159241
383,535158658
384,535158033
385,535134325
386,535132955
387,535131332
388,535128857
389,535127757
390,535126502
391,535124577
392,535123295
393,13868971
394,14033286
395,14033034
396,14032918
397,535090337
398,535089386
399,535088896
400,535088450
401,14025604
402,14025396
403,14010762
404,13847410
405,14010398
406,14010082
407,534896351
408,534895619
409,534894688
410,534894032
411,13728027
412,13563822
413,2126509
414,13561902
415,13561590
416,13725521
417,534127456
418,13561331
419,13561303
420,534126789
421,534125734
422,2126153
423,534124513
424,13540828
425,13704704
426,13690952
427,13690709
428,13682955
429,13519025
430,2116239
431,2116188
432,533834231
433,533833658
434,533833011
435,533832165
436,533815912
437,533815117
438,533814524
439,13648926
440,533813961
441,13648786
442,13485582
443,13485381
444,13479924
445,13642642
446,533783900
447,533783398
448,533782114
449,13640412
450,533781495
451,13477442
452,13477264
453,13477101
454,13474388
455,13474234
456,13473440
457,533762377
458,13635282
459,13635188
460,2105351
461,13472189
462,533760840
463,533760016
464,533758932
465,533754385
466,533753477
467,533744708
468,533744331
469,533743973
470,533743540
471,2104252
472,13630084
473,13467046
474,13466719
475,2104004
476,13628876
477,13465378
478,13465262
479,13627560
480,533733252
481,2103644
482,533732748
483,533731103
484,533730726
485,533730338
486,533729961
487,533724835
488,13623272
489,13460881
490,533701966
491,533701741
492,533701178
493,533700885
494,13456504
495,533700101
496,2101646
497,533699693
498,13456217
499,533699014
500,13456116
501,533698600
502,533697496
503,13615771
504,533689356
505,533689117
506,13453598
507,533688803
508,13615192
509,533688278
510,13614949
511,533687024
512,13614555
513,13452669
514,13614296
515,533684760
516,13452398
517,13451109
518,13450968
519,13450867
520,13450657
521,13611359
522,13449486
523,13449348
524,13610876
525,2099682
526,13448072
527,13447971
528,13447860
529,2099240
530,13608050
531,13607930
532,2099157
533,13443347
534,2098460
535,13604500
536,13604418
537,533643920
538,533642943
539,533642434
540,533641914
541,533619995
542,533619499
543,533618985
544,533618416
545,533611766
546,533611306
547,533610495
548,533609947
549,533586752
550,533585610
551,13426874
552,13587383
553,13426674
554,533583696
555,2094516
556,533579014
557,533574037
558,533573559
559,13584422
560,2093850
561,13583457
562,13583367
563,13583303
564,2093605
565,13412913
566,13412666
567,13412560
568,13412410
569,13572119
570,13571994
571,2091011
572,13571731
573,533492557
574,533491630
575,533490971
576,533490185
577,533411614
578,533411076
579,533410334
580,533409768
581,533322349
582,533321866
583,533321300
584,533320591
585,13323496
586,13323410
587,13323344
588,13477855
589,531138215
590,531137265
591,531136507
592,531135589
593,530273560
594,12484183
595,12483949
596,12388751
597,12219567
598,12387976
599,12387796
600,12387629
601,529530376
602,529529658
603,529528964
604,529527700
605,12349835
606,12349674
607,12182024
608,12181826
609,12348813
610,12181118
611,12348307
612,12348125
613,12347909
614,12347710
615,12180261
616,12347493
617,12175922
618,12175690
619,12342815
620,12175366
621,12339888
622,12172561
623,12172444
624,12172160
625,12337594
626,12170221
627,12169907
628,12158678
629,12325223
630,12325141
631,12158428
632,12156511
633,12321382
634,12320471
635,529317939
636,529317360
637,1907856
638,529316865
639,529316242
640,529264551
641,529264079
642,529263530
643,529263019
644,529260280
645,529259447
646,529258672
647,12138994
648,12303156
649,12137716
650,12302842
651,12302721
652,12136640
653,12301620
654,529245989
655,529245196
656,529243564
657,529243078
658,529242475
659,529241760
660,529232416
661,529231663
662,529231055
663,1904864
664,529230048
665,12132598
666,12132351
667,12296859
668,529208574
669,529207678
670,529205994
671,529204759
672,529194360
673,529193824
674,12123554
675,12120266
676,12120000
677,12283739
678,12283389
679,12118645
680,529173995
681,529173255
682,529172655
683,529172459
684,12118180
685,12118162
686,529171997
687,529171976
688,12118008
689,529171191
690,529170667
691,12281647
692,12281498
693,12281485
694,12281210
695,12117270
696,12116772
697,12280540
698,12116199
699,12116047
700,12279839
701,12278833
702,529159353
703,12114744
704,529158625
705,529157835
706,529156791
707,12277112
708,12276985
709,1901468
710,12272219
711,12108586
712,12271913
713,12271904
714,12271770
715,12108040
716,12107907
717,529092682
718,12260262
719,529091360
720,12259862
721,12259614
722,12096728
723,12096518
724,1899715
725,12258719
726,12258578
727,529085108
728,12255598
729,12255466
730,12092988
731,12254963
732,529066135
733,529065488
734,529064780
735,529063650
736,12250123
737,12087425
738,12086868
739,12083788
740,12245433
741,12083374
742,12244944
743,529028269
744,529027724
745,529027192
746,529026567
747,529005912
748,529004041
749,529002461
750,528997283
751,528994121
752,528993569
753,528992915
754,528989374
755,528987552
756,528987024
757,528986558
758,528985852
759,528982392
760,528981634
761,528981154
762,528980614
763,12066043
764,1895485
765,12226347
766,12065529
767,12065512
768,1895398
769,12225616
770,12225391
771,12221986
772,1894870
773,1894856
774,1894846
775,528932373
776,528931593
777,528931039
778,528930347
779,528929354
780,12051428
781,12051254
782,12210434
783,12050828
784,12049496
785,12049181
786,12049097
787,12208336
788,528875212
789,528684466
790,528683736
791,528683211
792,528682622
793,11872896
794,11721694
795,11843574
796,11693547
797,527638942
798,527638750
799,11692023
800,527637827
801,11681446
802,11681276
803,11681148
804,11830136
805,527585860
806,527585143
807,11678699
808,11827679
809,11826934
810,11826836
811,527577752
812,11677643
813,11677634
814,11826588
815,11677504
816,11677235
817,11676905
818,527573159
819,1840195
820,11824478
821,11675233
822,11823881
823,11674860
824,1839968
825,11674334
826,11674119
827,11822886
828,11822824
829,11822807
830,11822761
831,11822642
832,11673793
833,11673721
834,11673508
835,11822151
836,11821283
837,527554947
838,527554552
839,527554177
840,527553685
841,11818837
842,11818539
843,527542958
844,527540965
845,527540600
846,527540263
847,11668555
848,11814844
849,11666231
850,527524495
851,527523503
852,527513662
853,527513192
854,11810127
855,527512771
856,527512342
857,527512316
858,11661207
859,11661019
860,11809140
861,11660668
862,11806687
863,11658236
864,11657194
865,11657064
866,11656950
867,11656767
868,527492067
869,527490269
870,527489167
871,527487989
872,527482502
873,527481256
874,527480749
875,527480228
876,11651816
877,527473090
878,11650575
879,527468734
880,527461004
881,527460180
882,11796195
883,527459756
884,527459627
885,527459577
886,11648158
887,527459065
888,11648037
889,527458714
890,527458583
891,527458401
892,527457988
893,527457795
894,527457477
895,527457094
896,527456962
897,527456861
898,527456698
899,527456285
900,527455801
901,11645760
902,11793138
903,11645243
904,11788400
905,11788210
906,11639884
907,1835259
908,11638496
909,527422263
910,527421318
911,11785364
912,527418502
913,527417948
914,11637041
915,11783579
916,11783413
917,11635619
918,11783098
919,527407126
920,527401500
921,527400654
922,527400620
923,527400041
924,527398689
925,527397568
926,527396923
927,11777531
928,11629976
929,11777135
930,11776941
931,527380067
932,527379544
933,527379044
934,527378476
935,11622262
936,11769296
937,1832866
938,11768906
939,527359248
940,527356040
941,527353970
942,527352911
943,527352294
944,527351909
945,527351511
946,527350538
947,11759601
948,11612699
949,11759080
950,11612262
951,11758528
952,11611617
953,11611534
954,11757897
955,11611317
956,11756228
957,11755969
958,11608351
959,11754516
960,11607812
961,11607722
962,11607642
963,11607530
964,11607448
965,1830566
966,11604675
967,11750683
968,11604343
969,11593643
970,11593399
971,11592958
972,11738154
973,11590691
974,11735773
975,11735438
976,11590113
977,527193770
978,527190750
979,527188584
980,527187452
981,527186010
982,11718360
983,11574148
984,529205994
985,11611534
986,11757897
987,11717932
988,14525310
989,14499081
990,535454727
991,11717560
992,526085715
993,526084888
994,526082084
995,526081599
996,526075123
997,526074787
998,1779203
999,526074071
1000,526073470
1001,526072915
1002,526072844
1003,526072490
1004,526072247
1005,526069467
1006,526069041
1007,526057468
1008,526053819
1009,526052829
1010,526051876
1011,1778344
1012,11235509
1013,11366404
1014,11366235
1015,11229943
1016,11365890
1017,11227985
1018,11363842
1019,11227853
1020,11363748
1021,11363595
1022,11227581
1023,11363241
1024,11362883
1025,526012617
1026,526011808
1027,526011154
1028,526010619
1029,526001183
1030,11358320
1031,11358186
1032,11222640
1033,11357945
1034,11353309
1035,11353163
1036,525972954
1037,525971682
1038,525970428
1039,525969612
1040,11215274
1041,11215055
1042,11349869
1043,11214586
1044,11349502
1045,11214381
1046,11349203
1047,11349032
1048,525947587
1049,525947169
1050,525946552
1051,11208381
1052,525936817
1053,525936396
1054,1774453
1055,11200752
1056,11200590
1057,11333784
1058,11197023
1059,525892411
1060,525891085
1061,525890206
1062,525888976
1063,11327516
1064,11194697
1065,11194551
1066,11326945
1067,11193935
1068,11326316
1069,11326100
1070,11193344
1071,525872290
1072,525871645
1073,525870745
1074,525869811
1075,525869257
1076,525868736
1077,525867281
1078,525865379
1079,525863218
1080,525862350
1081,525858897
1082,525858440
1083,525858083
1084,525857399
1085,11186750
1086,11186559
1087,11186547
1088,11186420
1089,11318370
1090,11318289
1091,11186076
1092,11185999
1093,11185787
1094,525842209
1095,525841615
1096,11182961
1097,525841290
1098,525841050
1099,525840413
1100,525840014
1101,11182590
1102,525840005
1103,525839880
1104,525839456
1105,525839159
1106,525838872
1107,525836082
1108,525835655
1109,525835441
1110,525834972
1111,11181079
1112,11180942
1113,525829529
1114,525829025
1115,11311204
1116,525828626
1117,11311045
1118,525828218
1119,11310954
1120,11310864
1121,525819931
1122,525819523
1123,525818970
1124,525818750
1125,525818434
1126,525817702
1127,525817605
1128,525817360
1129,525816857
1130,525816584
1131,11175768
1132,11306620
1133,11306146
1134,11174839
1135,525789662
1136,525789107
1137,525788421
1138,525787658
1139,525744356
1140,525743754
1141,525743092
1142,525742343
1143,525735528
1144,525734991
1145,525734323
1146,525733359
1147,525732783
1148,11277119
1149,11276814
1150,11276512
1151,11147595
1152,11143617
1153,11143495
1154,11143319
1155,11271364
1156,11142933
1157,11271061
1158,11270592
1159,11142387
1160,11142298
1161,1765780
1162,11270226
1163,11270180
1164,11270016
1165,525657414
1166,525656851
1167,11254201
1168,525621418
1169,11127070
1170,11126557
1171,11253086
1172,525540467
1173,525539939
1174,525539471
1175,525538713
1176,525286508
1177,525285903
1178,525284744
1179,525282634
1180,524784837
1181,524783815
1182,524782839
1183,524781464
1184,10975263
1185,1725652
1186,10974512
1187,10974285
1188,10843763
1189,10957893
1190,10841879
1191,10955995
1192,10948421
1193,10948041
1194,10832750
1195,10947581
1196,10832318
1197,10947337
1198,524681631
1199,10832093
1200,10946747
1201,10830298
1202,10830147
1203,10829973
1204,10944718
1205,10941115
1206,10940403
1207,10824031
1208,10823742
1209,10920231
1210,10806660
1211,10919889
1212,10806313
1213,10917893
1214,10804148
1215,1717901
1216,10803540
1217,10907576
1218,524533340
1219,524532605
1220,10905437
1221,1716391
1222,10904802
1223,10904614
1224,524528358
1225,1715912
1226,10901010
1227,10900811
1228,10900452
1229,524510603
1230,524506494
1231,10785460
1232,10897130
1233,524493854
1234,524493240
1235,524492384
1236,524491759
1237,524490829
1238,524489688
1239,524488535
1240,524482112
1241,524481632
1242,524481045
1243,524480366
1244,10891655
1245,1714674
1246,524359022
1247,524358475
1248,524357358
1249,10745714
1250,10853392
1251,10745408
1252,10745228
1253,524325683
1254,524310634
1255,524310164
1256,524309787
1257,524309369
1258,10842516
1259,1708546
1260,10841885
1261,524286532
1262,10730374
1263,10729521
1264,10836131
1265,1707755
1266,10835762
1267,10834550
1268,10834355
1269,10834163
1270,10834022
1271,524254745
1272,524253397
1273,10830114
1274,10829864
1275,524252397
1276,10829632
1277,1706808
1278,10828844
1279,10722268
1280,10828481
1281,10828080
1282,10721604
1283,10721568
1284,10721442
1285,1706640
1286,10827542
1287,10721075
1288,10827168
1289,524230872
1290,524229662
1291,524225462
1292,524224656
1293,10715376
1294,10821226
1295,10715028
1296,10714901
1297,524219504
1298,524218906
1299,524218323
1300,524218271
1301,524217663
1302,524216295
1303,524215479
1304,524197357
1305,524196849
1306,524196222
1307,524195727
1308,10808858
1309,10703361
1310,524178611
1311,524177973
1312,10703054
1313,10808173
1314,524175157
1315,524174354
1316,524174328
1317,524173558
1318,524172709
1319,524172060
1320,524170413
1321,10700362
1322,10697924
1323,10696652
1324,10801423
1325,10801215
1326,10801078
1327,524133806
1328,524132138
1329,524132080
1330,524131380
1331,524130673
1332,524129823
1333,524128154
1334,524127436
1335,524090472
1336,524088853
1337,524087011
1338,524085857
1339,10666212
1340,10769396
1341,10769239
1342,10665770
1343,10767206
1344,524029698
1345,10663574
1346,10663490
1347,524005284
1348,524003990
1349,523869076
1350,523866737
1351,523866092
1352,523865041
1353,523864453
1354,523863718
1355,523526469
1356,523526098
1357,523525662
Total Records Reject 389 
