Total Records Added 967 
#.,ID
0,14010762
1,13847410
2,14010398
3,14010082
4,534896351
5,534895619
6,534894688
7,534894032
8,13728027
9,13563822
10,2126509
11,13561902
12,13561590
13,13725521
14,534127456
15,13561331
16,13561303
17,534126789
18,534125734
19,2126153
20,534124513
21,13540828
22,13704704
23,13690952
24,13690709
25,13682955
26,13519025
27,2116239
28,2116188
29,533834231
30,533833658
31,533833011
32,533832165
33,533815912
34,533815117
35,533814524
36,13648926
37,533813961
38,13648786
39,13485582
40,13485381
41,13479924
42,13642642
43,533783900
44,533783398
45,533782114
46,13640412
47,533781495
48,13477442
49,13477264
50,13477101
51,13474388
52,13474234
53,13473440
54,533762377
55,13635282
56,13635188
57,2105351
58,13472189
59,533760840
60,533760016
61,533758932
62,533754385
63,533753477
64,533744708
65,533744331
66,533743973
67,533743540
68,2104252
69,13630084
70,13467046
71,13466719
72,2104004
73,13628876
74,13465378
75,13465262
76,13627560
77,533733252
78,2103644
79,533732748
80,533731103
81,533730726
82,533730338
83,533729961
84,533724835
85,13623272
86,13460881
87,533701966
88,533701741
89,533701178
90,533700885
91,13456504
92,533700101
93,2101646
94,533699693
95,13456217
96,533699014
97,13456116
98,533698600
99,533697496
100,13615771
101,533689356
102,533689117
103,13453598
104,533688803
105,13615192
106,533688278
107,13614949
108,533687024
109,13614555
110,13452669
111,13614296
112,533684760
113,13452398
114,13451109
115,13450968
116,13450867
117,13450657
118,13611359
119,13449486
120,13449348
121,13610876
122,2099682
123,13448072
124,13447971
125,13447860
126,2099240
127,13608050
128,13607930
129,2099157
130,13443347
131,2098460
132,13604500
133,13604418
134,533643920
135,533642943
136,533642434
137,533641914
138,533619995
139,533619499
140,533618985
141,533618416
142,533611766
143,533611306
144,533610495
145,533609947
146,533586752
147,533585610
148,13426874
149,13587383
150,13426674
151,533583696
152,2094516
153,533579014
154,533574037
155,533573559
156,13584422
157,2093850
158,13583457
159,13583367
160,13583303
161,2093605
162,13412913
163,13412666
164,13412560
165,13412410
166,13572119
167,13571994
168,2091011
169,13571731
170,533492557
171,533491630
172,533490971
173,533490185
174,533411614
175,533411076
176,533410334
177,533409768
178,533322349
179,533321866
180,533321300
181,533320591
182,13323496
183,13323410
184,13323344
185,13477855
186,531138215
187,531137265
188,531136507
189,531135589
190,530273560
191,12484183
192,12483949
193,12388751
194,12219567
195,12387976
196,12387796
197,12387629
198,529530376
199,529529658
200,529528964
201,529527700
202,12349835
203,12349674
204,12182024
205,12181826
206,12348813
207,12181118
208,12348307
209,12348125
210,12347909
211,12347710
212,12180261
213,12347493
214,12175922
215,13426874
216,2093850
217,12175690
218,12342815
219,12175366
220,12339888
221,12172561
222,12172444
223,12172160
224,12337594
225,12170221
226,12169907
227,12158678
228,12325223
229,12325141
230,12158428
231,12156511
232,12321382
233,12320471
234,529317939
235,529317360
236,1907856
237,529316865
238,529316242
239,529264551
240,529264079
241,529263530
242,529263019
243,529260280
244,529259447
245,529258672
246,12138994
247,12303156
248,12137716
249,12302842
250,12302721
251,12136640
252,12301620
253,529245989
254,529245196
255,529243564
256,529243078
257,529242475
258,529241760
259,529232416
260,529231663
261,529231055
262,1904864
263,529230048
264,12132598
265,12132351
266,12296859
267,529208574
268,529207678
269,529205994
270,529204759
271,529194360
272,529193824
273,12123554
274,12120266
275,12120000
276,12283739
277,12283389
278,12118645
279,529173995
280,529173255
281,529172655
282,529172459
283,12118180
284,12118162
285,529171997
286,529171976
287,12118008
288,529171191
289,529170667
290,12281647
291,12281498
292,12281485
293,12281210
294,12117270
295,12116772
296,12280540
297,12116199
298,12116047
299,12279839
300,12278833
301,529159353
302,12114744
303,529158625
304,529157835
305,529156791
306,12277112
307,12276985
308,1901468
309,12272219
310,12108586
311,12271913
312,12271904
313,12271770
314,12108040
315,12107907
316,529092682
317,12260262
318,529091360
319,12259862
320,12259614
321,12096728
322,12096518
323,1899715
324,12258719
325,12258578
326,529085108
327,12255598
328,12255466
329,12092988
330,12254963
331,529066135
332,529065488
333,529064780
334,529063650
335,12250123
336,12087425
337,12086868
338,12083788
339,12245433
340,12083374
341,12244944
342,529028269
343,529027724
344,529027192
345,529026567
346,529005912
347,529004041
348,529002461
349,528997283
350,528994121
351,528993569
352,528992915
353,528989374
354,528987552
355,528987024
356,528986558
357,528985852
358,528982392
359,528981634
360,528981154
361,528980614
362,12066043
363,1895485
364,12226347
365,12065529
366,12065512
367,1895398
368,12225616
369,12225391
370,12221986
371,1894870
372,1894856
373,1894846
374,528932373
375,528931593
376,528931039
377,528930347
378,528929354
379,12051428
380,12051254
381,12210434
382,12050828
383,12049496
384,12049181
385,12049097
386,12208336
387,528875212
388,528684466
389,528683736
390,528683211
391,528682622
392,11872896
393,11721694
394,11843574
395,11693547
396,527638942
397,527638750
398,11692023
399,527637827
400,11681446
401,11681276
402,11681148
403,11830136
404,527585860
405,527585143
406,11678699
407,11827679
408,11826934
409,11826836
410,527577752
411,11677643
412,11677634
413,11826588
414,11677504
415,11677235
416,11676905
417,527573159
418,1840195
419,11824478
420,11675233
421,11823881
422,11674860
423,1839968
424,11674334
425,11674119
426,11822886
427,11822824
428,11822807
429,11822761
430,11822642
431,11673793
432,11673721
433,11673508
434,11822151
435,11821283
436,527554947
437,527554552
438,527554177
439,527553685
440,11818837
441,11818539
442,527542958
443,527540965
444,527540600
445,527540263
446,11668555
447,11814844
448,11666231
449,527524495
450,527523503
451,527513662
452,527513192
453,11810127
454,527512771
455,527512342
456,527512316
457,11661207
458,11661019
459,11809140
460,11660668
461,11806687
462,11658236
463,11657194
464,11657064
465,11656950
466,11656767
467,527492067
468,527490269
469,527489167
470,527487989
471,527482502
472,527481256
473,527480749
474,527480228
475,11651816
476,527473090
477,11650575
478,527468734
479,527461004
480,527460180
481,11796195
482,527459756
483,527459627
484,527459577
485,11648158
486,527459065
487,11648037
488,527458714
489,527458583
490,527458401
491,527457988
492,527457795
493,527457477
494,527457094
495,527456962
496,527456861
497,527456698
498,527456285
499,527455801
500,11645760
501,11793138
502,11645243
503,11788400
504,11788210
505,11639884
506,1835259
507,11638496
508,527422263
509,527421318
510,11785364
511,527418502
512,527417948
513,11637041
514,11783579
515,11783413
516,11635619
517,11783098
518,527407126
519,527401500
520,527400654
521,527400620
522,527400041
523,527398689
524,527397568
525,527396923
526,11777531
527,11629976
528,11777135
529,11776941
530,527380067
531,527379544
532,527379044
533,527378476
534,11622262
535,11769296
536,1832866
537,11768906
538,527359248
539,527356040
540,527353970
541,527352911
542,527352294
543,527351909
544,527351511
545,527350538
546,11759601
547,11612699
548,11759080
549,11612262
550,11758528
551,11611617
552,11611534
553,11757897
554,11611317
555,11756228
556,11755969
557,11608351
558,11754516
559,11607812
560,11607722
561,11607642
562,11607530
563,11607448
564,1830566
565,11604675
566,11750683
567,11604343
568,11593643
569,11593399
570,11592958
571,11738154
572,11590691
573,11735773
574,11735438
575,11590113
576,527193770
577,527190750
578,527188584
579,527187452
580,527186010
581,11718360
582,11574148
583,11717932
584,11717560
585,526085715
586,526084888
587,526082084
588,526081599
589,526075123
590,526074787
591,1779203
592,526074071
593,526073470
594,526072915
595,526072844
596,526072490
597,526072247
598,526069467
599,526069041
600,526057468
601,526053819
602,526052829
603,526051876
604,1778344
605,11235509
606,11366404
607,11366235
608,11229943
609,11365890
610,11227985
611,11363842
612,11227853
613,11363748
614,11363595
615,11227581
616,11363241
617,11362883
618,526012617
619,526011808
620,526011154
621,526010619
622,526001183
623,11358320
624,11358186
625,11222640
626,11357945
627,11353309
628,11353163
629,525972954
630,525971682
631,525970428
632,525969612
633,11215274
634,11215055
635,11349869
636,11214586
637,11349502
638,11214381
639,11349203
640,11349032
641,525947587
642,525947169
643,525946552
644,11208381
645,525936817
646,525936396
647,1774453
648,11200752
649,11200590
650,11333784
651,11197023
652,525892411
653,525891085
654,525890206
655,525888976
656,11327516
657,11194697
658,11194551
659,11326945
660,11193935
661,11326316
662,11326100
663,11193344
664,525872290
665,525871645
666,525870745
667,525869811
668,525869257
669,525868736
670,525867281
671,525865379
672,525863218
673,525862350
674,525858897
675,525858440
676,525858083
677,525857399
678,11186750
679,11186559
680,11186547
681,11186420
682,11318370
683,11318289
684,11186076
685,11185999
686,11185787
687,525842209
688,525841615
689,11182961
690,525841290
691,525841050
692,525840413
693,525840014
694,11182590
695,525840005
696,525839880
697,525839456
698,525839159
699,525838872
700,525836082
701,525835655
702,525835441
703,525834972
704,11181079
705,11180942
706,525829529
707,525829025
708,11311204
709,525828626
710,11311045
711,525828218
712,11310954
713,11310864
714,525819931
715,525819523
716,525818970
717,525818750
718,525818434
719,525817702
720,525817605
721,525817360
722,525816857
723,525816584
724,11175768
725,11306620
726,11306146
727,11174839
728,525789662
729,525789107
730,525788421
731,525787658
732,525744356
733,525743754
734,525743092
735,525742343
736,525735528
737,525734991
738,525734323
739,525733359
740,525732783
741,11277119
742,11276814
743,11276512
744,11147595
745,11143617
746,11143495
747,11143319
748,11271364
749,11142933
750,11271061
751,11270592
752,11142387
753,11142298
754,1765780
755,11270226
756,11270180
757,11270016
758,525657414
759,525656851
760,11254201
761,525621418
762,11127070
763,11126557
764,11253086
765,525540467
766,525539939
767,525539471
768,525538713
769,525286508
770,525285903
771,525284744
772,525282634
773,524784837
774,524783815
775,524782839
776,524781464
777,10975263
778,1725652
779,10974512
780,10974285
781,10843763
782,10957893
783,10841879
784,10955995
785,10948421
786,10948041
787,10832750
788,10947581
789,10832318
790,10947337
791,524681631
792,10832093
793,10946747
794,10830298
795,10830147
796,10829973
797,10944718
798,10941115
799,10940403
800,10824031
801,10823742
802,10920231
803,10806660
804,10919889
805,10806313
806,10917893
807,531137265
808,12483949
809,529528964
810,525539471
811,10804148
812,1717901
813,10803540
814,10907576
815,524533340
816,524532605
817,10905437
818,1716391
819,10904802
820,10904614
821,524528358
822,1715912
823,10901010
824,10900811
825,10900452
826,524510603
827,524506494
828,10785460
829,10897130
830,524493854
831,524493240
832,524492384
833,524491759
834,524490829
835,524489688
836,524488535
837,524482112
838,524481632
839,524481045
840,524480366
841,10891655
842,1714674
843,524359022
844,524358475
845,524357358
846,10745714
847,10853392
848,10745408
849,10745228
850,524325683
851,524310634
852,524310164
853,524309787
854,524309369
855,10842516
856,1708546
857,10841885
858,524286532
859,10730374
860,10729521
861,10836131
862,1707755
863,10835762
864,10834550
865,10834355
866,10834163
867,10834022
868,524254745
869,524253397
870,10830114
871,10829864
872,524252397
873,10829632
874,1706808
875,10828844
876,10722268
877,10828481
878,10828080
879,10721604
880,10721568
881,10721442
882,1706640
883,10827542
884,10721075
885,10827168
886,524230872
887,524229662
888,524225462
889,524224656
890,10715376
891,10821226
892,10715028
893,10714901
894,524219504
895,524218906
896,524218323
897,524218271
898,524217663
899,524216295
900,524215479
901,524197357
902,524196849
903,524196222
904,524195727
905,10808858
906,10703361
907,524178611
908,524177973
909,10703054
910,10808173
911,524175157
912,524174354
913,524174328
914,524173558
915,524172709
916,524172060
917,524170413
918,10700362
919,10697924
920,10696652
921,10801423
922,10801215
923,10801078
924,524133806
925,524132138
926,524132080
927,524131380
928,524130673
929,524129823
930,524128154
931,524127436
932,524090472
933,524088853
934,524087011
935,524085857
936,10666212
937,10769396
938,10769239
939,10665770
940,10767206
941,524029698
942,10663574
943,10663490
944,524005284
945,524003990
946,523869076
947,523866737
948,523866092
949,523865041
950,523864453
951,523863718
952,523526469
953,523526098
954,523525662
955,10384970
956,10384566
957,1645803
958,10286237
959,10322681
960,10322145
961,10226806
962,10226660
963,522518536
964,522517908
965,522517101
966,522509758
Total Records Reject 237 
